3 0.346415 0.561874 0.068423 0.054352
3 0.667116 0.731617 0.063517 0.113766
3 0.705056 0.549475 0.036651 0.053101
3 0.578528 0.443063 0.025371 0.053983
3 0.663779 0.403991 0.028030 0.040841
3 0.652693 0.329967 0.022333 0.036643
3 0.613403 0.308532 0.022333 0.036643
3 0.532607 0.245023 0.015895 0.029767
3 0.547731 0.221753 0.015895 0.029767
3 0.519180 0.188807 0.014484 0.029711
3 0.586656 0.187486 0.015124 0.024438
3 0.585163 0.165550 0.012956 0.020379
3 0.573359 0.149175 0.011544 0.020323
3 0.563730 0.128244 0.011495 0.016347
3 0.555043 0.145139 0.010115 0.018943
3 0.509417 0.093622 0.007981 0.017533
3 0.504763 0.070236 0.007931 0.013558
3 0.523352 0.052405 0.007964 0.016208
8 0.546756 0.073214 0.014517 0.032362
3 0.607551 0.154498 0.019344 0.023279
4 0.791358 0.766341 0.054157 0.098827
4 0.758362 0.551573 0.050430 0.082786
4 0.639728 0.236645 0.015206 0.031064
3 0.858068 0.798137 0.064075 0.101867
5 0.628279 0.560374 0.050974 0.126518
5 0.727368 0.459530 0.045438 0.078615
5 0.238143 0.606006 0.148980 0.119780
0 0.277799 0.683143 0.013336 0.050859
0 0.312541 0.701085 0.012580 0.046856
0 0.325825 0.683708 0.013336 0.050859
0 0.335448 0.676794 0.011267 0.054752
0 0.347277 0.691182 0.012597 0.048181
0 0.355942 0.647769 0.011792 0.040202
9 0.357566 0.659103 0.018162 0.041777
9 0.535297 0.539477 0.010247 0.029544
0 0.535856 0.522925 0.011003 0.033548
0 0.777913 0.484722 0.006701 0.028080
0 0.796869 0.494087 0.006718 0.029405
2 0.777757 0.497313 0.009542 0.029516
2 0.795645 0.507298 0.010247 0.029544
9 0.421464 0.746475 0.015338 0.041666
3 0.893738 0.202890 0.023514 0.018145
3 0.888550 0.194068 0.024236 0.019499
3 0.897105 0.187775 0.024236 0.019499
3 0.931281 0.194424 0.024909 0.016875
3 0.931839 0.206379 0.024909 0.016875
3 0.950786 0.216406 0.024909 0.016875
3 0.959881 0.223394 0.024909 0.016875
3 0.891876 0.182265 0.024909 0.016875
3 0.878576 0.172461 0.024909 0.016875
3 0.851731 0.172730 0.024909 0.016875
3 0.857242 0.127204 0.020690 0.018034
3 0.870969 0.131059 0.019934 0.014031
3 0.877979 0.135312 0.019934 0.014031
3 0.882872 0.139482 0.019934 0.014031
3 0.889891 0.143074 0.017093 0.012595
3 0.895154 0.145932 0.016387 0.012567
4 0.843252 0.144552 0.017143 0.016570
4 0.988064 0.241914 0.023873 0.022482
4 0.992956 0.248915 0.014088 0.025105
4 0.998916 0.256056 0.002168 0.025188
3 0.996296 0.280943 0.007407 0.022343
4 0.972188 0.227855 0.027093 0.022260
4 0.989042 0.198112 0.021917 0.022232
3 0.970902 0.189355 0.024909 0.016875
3 0.956224 0.176843 0.024909 0.016875
4 0.855289 0.113868 0.017865 0.017923
