3 0.396942 0.057820 0.091728 0.085065
3 0.266755 0.046253 0.061230 0.085186
3 0.673556 0.337293 0.115243 0.106770
3 0.561911 0.043655 0.050259 0.048039
3 0.625388 0.061592 0.084065 0.067467
3 0.647020 0.088837 0.084367 0.086496
7 0.662754 0.140617 0.051539 0.071304
0 0.662982 0.122696 0.010973 0.064256
1 0.685591 0.145966 0.013525 0.043013
1 0.653777 0.138366 0.014352 0.044512
0 0.596002 0.230563 0.016909 0.077485
1 0.563188 0.503246 0.026750 0.080552
1 0.564926 0.375063 0.023143 0.069081
0 0.560318 0.224363 0.014805 0.079831
1 0.571923 0.247794 0.021339 0.063346
0 0.568840 0.290086 0.012024 0.056306
1 0.569249 0.330913 0.017960 0.069536
