0 0.704209 0.880265 0.044930 0.189611
1 0.903783 0.421559 0.021881 0.057223
0 0.897526 0.899600 0.044636 0.166357
1 0.887625 0.857651 0.021977 0.059024
0 0.906787 0.875331 0.034473 0.187856
0 0.843379 0.873256 0.038454 0.156395
0 0.810769 0.864194 0.038652 0.177848
0 0.857293 0.837303 0.044069 0.173402
9 0.827176 0.748778 0.097366 0.094884
9 0.823027 0.706772 0.069889 0.074207
7 0.413365 0.749197 0.141315 0.195082
1 0.431711 0.742483 0.050985 0.108519
1 0.565104 0.518390 0.022462 0.085880
9 0.568013 0.546067 0.022551 0.069831
0 0.707467 0.535376 0.026366 0.106171
1 0.706224 0.511963 0.018737 0.033490
0 0.753045 0.517731 0.031788 0.119576
0 0.764257 0.503129 0.017147 0.109978
1 0.723289 0.517274 0.021314 0.064268
2 0.709153 0.458775 0.039087 0.061896
9 0.694126 0.437675 0.036236 0.061417
1 0.805810 0.391669 0.016842 0.051022
0 0.807702 0.364096 0.011898 0.046622
1 0.812933 0.372303 0.009039 0.028292
9 0.724801 0.347121 0.029958 0.049654
1 0.574586 0.444114 0.012369 0.037776
1 0.573157 0.435269 0.017703 0.067232
9 0.572401 0.448116 0.014660 0.063151
9 0.573160 0.444354 0.024919 0.043453
1 0.580224 0.387747 0.017224 0.058226
9 0.581320 0.399374 0.012185 0.052025
1 0.539438 0.378239 0.006570 0.035018
1 0.540864 0.378000 0.014564 0.061349
1 0.542573 0.374078 0.007712 0.038780
9 0.541438 0.388806 0.013799 0.046941
1 0.577264 0.350084 0.010564 0.039258
1 0.573366 0.348921 0.014750 0.047100
9 0.574179 0.364230 0.010851 0.044661
1 0.575730 0.312182 0.009231 0.031894
1 0.576346 0.305719 0.011228 0.034014
9 0.576257 0.322088 0.011037 0.030413
0 0.583664 0.299039 0.012185 0.052025
0 0.625582 0.284734 0.008185 0.029934
0 0.622584 0.273426 0.009422 0.035496
0 0.613269 0.278624 0.007139 0.027973
0 0.555947 0.282796 0.007521 0.035177
9 0.562075 0.271773 0.006660 0.018968
1 0.562834 0.268011 0.007234 0.029775
0 0.586318 0.276789 0.008191 0.047785
0 0.591450 0.274110 0.008950 0.044342
0 0.576812 0.278384 0.007425 0.033376
0 0.572911 0.268137 0.006857 0.040421
0 0.578758 0.269880 0.006379 0.031415
0 0.587215 0.257558 0.007139 0.027973
0 0.579183 0.259815 0.008185 0.029934
0 0.590009 0.228924 0.008568 0.037138
0 0.594852 0.211757 0.008376 0.033536
2 0.598561 0.218402 0.006851 0.022570
0 0.596274 0.202433 0.006092 0.026013
0 0.572140 0.235558 0.006092 0.026013
9 0.576609 0.238442 0.004568 0.015047
