5 0.852857 0.952381 0.072857 0.093333
9 0.710357 0.869524 0.015000 0.040000
1 0.711786 0.866667 0.012143 0.022857
9 0.665000 0.787619 0.012857 0.038095
1 0.663929 0.781429 0.012143 0.021905
3 0.708929 0.692381 0.067857 0.040000
3 0.708929 0.644286 0.057857 0.037143
3 0.710000 0.603810 0.057143 0.051429
3 0.724643 0.584286 0.055000 0.052381
3 0.741429 0.534286 0.051429 0.040000
9 0.564286 0.649524 0.012857 0.028571
1 0.565000 0.644286 0.010000 0.018095
9 0.559643 0.561905 0.012143 0.024762
1 0.559286 0.557619 0.010000 0.014286
9 0.737143 0.479524 0.012857 0.020000
1 0.738929 0.477143 0.007857 0.017143
3 0.751786 0.394762 0.042143 0.027619
3 0.555357 0.407143 0.040714 0.031429
9 0.587143 0.424762 0.020000 0.022857
1 0.587857 0.422381 0.012857 0.016190
4 0.476786 0.974762 0.035000 0.048571
9 0.397500 0.817619 0.012143 0.035238
7 0.459643 0.780000 0.057857 0.041905
7 0.465000 0.721905 0.050000 0.038095
7 0.447143 0.665238 0.044286 0.048571
7 0.449286 0.609524 0.020000 0.049524
0 0.457143 0.735238 0.007143 0.020952
0 0.449643 0.711905 0.009286 0.020000
0 0.460357 0.711905 0.009286 0.018095
3 0.496429 0.681429 0.032857 0.071429
3 0.409643 0.647619 0.052143 0.059048
7 0.397143 0.609524 0.042857 0.041905
7 0.397500 0.583809 0.045000 0.036190
7 0.386786 0.556667 0.040714 0.027619
9 0.419643 0.545238 0.022143 0.018095
1 0.418929 0.543810 0.009286 0.015238
9 0.484643 0.564286 0.015000 0.027619
1 0.484643 0.564286 0.009286 0.012381
7 0.384643 0.519048 0.042143 0.036190
9 0.439643 0.507143 0.019286 0.018095
9 0.384286 0.400000 0.010000 0.020952
9 0.422143 0.391429 0.017143 0.015238
3 0.447143 0.407143 0.040000 0.031429
3 0.492143 0.389524 0.040000 0.030476
9 0.379286 0.441905 0.021429 0.019048
1 0.379286 0.439048 0.010000 0.015238
9 0.457143 0.445238 0.020000 0.018095
9 0.457857 0.431429 0.020000 0.015238
1 0.457500 0.429524 0.010714 0.017143
1 0.457143 0.444762 0.012857 0.015238
0 0.456429 0.381429 0.005714 0.016190
3 0.535000 0.371905 0.037143 0.027619
3 0.582500 0.347619 0.036429 0.032381
3 0.611786 0.353810 0.033571 0.029524
7 0.616786 0.331429 0.026429 0.022857
4 0.622857 0.321429 0.031429 0.023810
3 0.619286 0.310000 0.034286 0.020000
3 0.616786 0.299524 0.035000 0.018095
4 0.608929 0.285238 0.026429 0.021905
3 0.600000 0.274762 0.031429 0.020000
3 0.626786 0.247619 0.015000 0.024762
3 0.646786 0.259524 0.015000 0.025714
3 0.676429 0.267143 0.015714 0.023810
3 0.693929 0.262381 0.017857 0.023810
3 0.720000 0.269048 0.021429 0.021905
5 0.749286 0.307143 0.040000 0.027619
3 0.772500 0.290000 0.036429 0.021905
3 0.778929 0.283810 0.032143 0.019048
3 0.789643 0.271905 0.025000 0.021905
0 0.773929 0.261905 0.006429 0.015238
0 0.778929 0.267143 0.006429 0.012381
0 0.797143 0.267619 0.005714 0.013333
3 0.821429 0.252381 0.031429 0.017143
3 0.835000 0.242381 0.032857 0.018095
3 0.845000 0.229048 0.022857 0.020000
4 0.809286 0.201905 0.020000 0.022857
9 0.831786 0.184286 0.012143 0.012381
3 0.846429 0.179048 0.020000 0.017143
0 0.815357 0.353810 0.006429 0.016190
0 0.832857 0.341905 0.007143 0.009524
9 0.801429 0.441905 0.018571 0.015238
