4 0.306429 0.031091 0.022857 0.026650
4 0.339286 0.033629 0.022857 0.024112
3 0.401429 0.019036 0.015714 0.015228
3 0.399286 0.026650 0.017143 0.015228
3 0.399643 0.032360 0.017857 0.013959
4 0.389643 0.058376 0.025000 0.020305
4 0.355357 0.097716 0.009286 0.017766
3 0.393929 0.153553 0.022143 0.012690
0 0.507143 0.080584 0.002857 0.011421
3 0.577500 0.010787 0.006429 0.013959
3 0.565000 0.029822 0.005714 0.011421
3 0.561786 0.050761 0.007857 0.015228
4 0.557500 0.074239 0.007857 0.016497
8 0.573929 0.038706 0.010714 0.041878
8 0.569643 0.075508 0.012143 0.057107
8 0.520357 0.082487 0.022143 0.050761
9 0.587857 0.049492 0.002857 0.010152
1 0.588929 0.046954 0.003571 0.010152
4 0.584286 0.080584 0.007143 0.016497
3 0.581429 0.130711 0.008571 0.020305
3 0.564643 0.128173 0.007857 0.020305
8 0.615357 0.113579 0.017857 0.064721
0 0.617857 0.047589 0.001429 0.011421
4 0.554286 0.100888 0.007143 0.013959
8 0.549643 0.134518 0.015000 0.065990
8 0.470000 0.236675 0.030000 0.069797
3 0.481786 0.180838 0.013571 0.021574
0 0.527857 0.199239 0.002857 0.012690
0 0.529643 0.287437 0.002143 0.011421
3 0.549643 0.192893 0.007857 0.020305
3 0.564643 0.203046 0.009286 0.020305
8 0.584643 0.223985 0.012143 0.041878
3 0.552143 0.237944 0.010000 0.024112
3 0.553929 0.298223 0.012143 0.022843
0 0.541429 0.418782 0.002857 0.012690
0 0.537857 0.421954 0.002857 0.013959
0 0.541786 0.455584 0.003571 0.012690
0 0.544286 0.453046 0.002857 0.015228
3 0.666429 0.293147 0.015714 0.032995
0 0.712857 0.373096 0.002857 0.010152
0 0.715000 0.376904 0.002857 0.012690
4 0.723929 0.423223 0.022143 0.044416
3 0.695357 0.574873 0.020714 0.045685
3 0.647143 0.552030 0.020000 0.048223
3 0.608929 0.611041 0.020714 0.046954
3 0.735357 0.891497 0.030714 0.079949
3 0.502500 0.720178 0.036429 0.034264
8 0.427143 0.575508 0.047143 0.067259
8 0.436786 0.550761 0.065000 0.091371
8 0.445357 0.527284 0.065000 0.087563
8 0.449286 0.499365 0.064286 0.079949
8 0.470357 0.495558 0.036429 0.059645
8 0.466429 0.461294 0.064286 0.079949
8 0.470000 0.440355 0.062857 0.078680
8 0.472143 0.413706 0.060000 0.071066
8 0.489286 0.381980 0.048571 0.063452
8 0.494643 0.360406 0.059286 0.071066
8 0.441786 0.312817 0.022143 0.054569
8 0.415357 0.402919 0.045000 0.085025
0 0.403929 0.456218 0.005000 0.016497
8 0.388929 0.492386 0.035000 0.076142
8 0.372143 0.473985 0.050000 0.095178
8 0.367143 0.439086 0.052857 0.091371
0 0.325357 0.579315 0.005000 0.016497
0 0.326429 0.574239 0.004286 0.021574
0 0.299643 0.501904 0.002143 0.013959
0 0.301429 0.495558 0.002857 0.016497
0 0.305000 0.491751 0.002857 0.013959
0 0.307500 0.489848 0.005000 0.015228
0 0.260000 0.587563 0.002857 0.015228
0 0.280000 0.557107 0.002857 0.015228
0 0.285357 0.574239 0.003571 0.013959
0 0.279286 0.586294 0.004286 0.015228
0 0.272143 0.585025 0.004286 0.012690
0 0.266786 0.582487 0.003571 0.012690
0 0.275357 0.554569 0.003571 0.015228
0 0.273929 0.559645 0.005000 0.012690
0 0.286786 0.554569 0.003571 0.025381
3 0.030000 0.564086 0.022857 0.036802
3 0.064643 0.597081 0.025000 0.036802
0 0.008929 0.479695 0.005000 0.015228
4 0.317143 0.765228 0.040000 0.038071
4 0.067857 0.957487 0.045714 0.059645
