0 0.019618 0.333901 0.019636 0.027745
9 0.181077 0.469303 0.022497 0.019471
9 0.204476 0.541742 0.021592 0.031615
3 0.170978 0.569256 0.068943 0.062170
4 0.107064 0.783367 0.045655 0.078877
3 0.127414 0.987256 0.076969 0.025489
3 0.175311 0.975875 0.074220 0.048250
3 0.244217 0.951474 0.076365 0.089908
0 0.263951 0.903093 0.016752 0.012690
3 0.337088 0.882267 0.063747 0.071289
4 0.384924 0.857697 0.057746 0.074054
3 0.502463 0.987218 0.070084 0.025563
3 0.559060 0.971894 0.070899 0.056211
3 0.609884 0.937041 0.067480 0.077618
3 0.680980 0.885809 0.072531 0.071209
3 0.746427 0.836939 0.068788 0.084086
3 0.797297 0.797523 0.068587 0.090215
4 0.836281 0.768411 0.057064 0.072529
3 0.870510 0.732380 0.070028 0.082308
0 0.996695 0.878939 0.006609 0.018905
3 0.930398 0.702917 0.067591 0.070783
3 0.970283 0.665863 0.059435 0.071349
3 0.999070 0.627209 0.001860 0.064994
4 0.331583 0.724459 0.056281 0.058633
0 0.588821 0.613520 0.007879 0.012064
3 0.389729 0.730248 0.011042 0.010032
3 0.421906 0.402365 0.062730 0.059399
3 0.579587 0.299682 0.059444 0.056601
9 0.638126 0.204435 0.019402 0.029750
6 0.670707 0.177853 0.022319 0.048928
6 0.649758 0.177849 0.036746 0.043259
2 0.683970 0.123303 0.020932 0.022548
9 0.752301 0.105375 0.023357 0.022409
3 0.565993 0.706899 0.063087 0.062224
3 0.773237 0.574900 0.072877 0.062370
5 0.846758 0.506055 0.071581 0.067566
3 0.912463 0.479640 0.067949 0.073608
9 0.950612 0.521525 0.029448 0.020350
1 0.952786 0.520309 0.017881 0.017745
1 0.956630 0.517991 0.019714 0.016786
0 0.938459 0.405156 0.019569 0.019498
1 0.980962 0.326230 0.018798 0.017266
2 0.965113 0.290944 0.024989 0.027578
0 0.911617 0.305531 0.017144 0.019637
2 0.997627 0.286981 0.004747 0.026592
