3 0.489208 0.012603 0.016912 0.025205
4 0.485818 0.037017 0.017516 0.047901
9 0.457530 0.029247 0.019939 0.016495
9 0.454855 0.036721 0.018538 0.017363
1 0.489297 0.100058 0.008217 0.015207
9 0.488836 0.101561 0.008312 0.028499
3 0.576415 0.051116 0.019937 0.039994
3 0.572747 0.152210 0.022644 0.048465
3 0.638108 0.234479 0.024906 0.049736
3 0.477373 0.155710 0.022835 0.051551
3 0.470594 0.205713 0.026020 0.055988
3 0.468674 0.266607 0.023949 0.057804
3 0.462103 0.331133 0.028121 0.066436
3 0.457300 0.396888 0.024809 0.059941
3 0.351023 0.463402 0.066956 0.047205
3 0.291547 0.447027 0.057016 0.051221
3 0.432884 0.678499 0.034712 0.090659
3 0.418705 0.794490 0.037864 0.106331
9 0.351547 0.999234 0.038512 0.001531
9 0.378360 0.796789 0.027712 0.024501
9 0.377036 0.776447 0.026916 0.023392
9 0.379376 0.756508 0.027457 0.020386
9 0.331289 0.603640 0.015605 0.040539
9 0.396052 0.618006 0.032299 0.028070
9 0.391640 0.200143 0.009108 0.029609
9 0.444565 0.173336 0.022456 0.021880
9 0.451983 0.136866 0.017679 0.015225
9 0.503853 0.228529 0.009776 0.028660
9 0.518478 0.254474 0.008121 0.025413
9 0.507955 0.299406 0.009171 0.030637
9 0.484318 0.437142 0.010094 0.033804
9 0.517450 0.462015 0.011751 0.037051
9 0.496987 0.500675 0.010827 0.033884
9 0.515727 0.579375 0.012165 0.031988
7 0.442814 0.601396 0.019171 0.051148
9 0.479515 0.640125 0.012738 0.041246
9 0.456993 0.920908 0.014776 0.050665
9 0.709926 0.808890 0.037173 0.024520
9 0.707439 0.789457 0.031248 0.022846
9 0.712191 0.831923 0.032650 0.021979
7 0.680365 0.672556 0.029874 0.059477
9 0.662985 0.225821 0.024336 0.016978
9 0.603029 0.181430 0.008662 0.022408
9 0.601883 0.050808 0.006337 0.020109
0 0.629345 0.209178 0.005986 0.026201
1 0.603713 0.176326 0.007676 0.018212
1 0.602504 0.046734 0.005477 0.017970
1 0.503597 0.220733 0.006019 0.014965
1 0.502785 0.215983 0.008281 0.016236
1 0.518987 0.246245 0.006273 0.019080
1 0.508544 0.295845 0.007612 0.017184
0 0.411095 0.124087 0.010509 0.028741
1 0.484668 0.431484 0.009013 0.016316
1 0.497608 0.496600 0.009204 0.019402
1 0.519170 0.458061 0.009013 0.016316
1 0.517208 0.573324 0.009331 0.021460
1 0.444517 0.603655 0.012135 0.019724
1 0.479738 0.636525 0.011148 0.015529
1 0.456053 0.918216 0.012198 0.020753
3 0.579163 0.549581 0.035064 0.084568
3 0.567678 0.401252 0.028057 0.065407
3 0.618000 0.452351 0.031721 0.065810
3 0.651136 0.512956 0.031848 0.067867
3 0.649184 0.437136 0.031848 0.067867
7 0.586059 0.265009 0.023949 0.057804
3 0.912344 0.201443 0.039305 0.047231
3 0.935790 0.204019 0.031723 0.042311
3 0.970595 0.655258 0.045990 0.084747
5 0.989521 0.657187 0.020958 0.091966
3 0.916729 0.804690 0.072402 0.052912
3 0.896750 0.757960 0.069217 0.048475
9 0.958698 0.937209 0.024236 0.050684
9 0.973957 0.940958 0.022644 0.048465
9 0.966145 0.888315 0.021051 0.046246
3 0.988278 0.920912 0.023445 0.097896
