4 0.337726 0.821127 0.022491 0.056319
4 0.377289 0.878985 0.024572 0.066832
4 0.274744 0.252767 0.010600 0.023616
3 0.230625 0.136288 0.010265 0.018505
3 0.239773 0.117564 0.007980 0.015512
3 0.273263 0.109993 0.007191 0.014089
3 0.270131 0.160492 0.010265 0.018505
3 0.280906 0.155675 0.007980 0.015512
3 0.293430 0.117478 0.008064 0.016789
3 0.293443 0.188691 0.008769 0.016935
3 0.283845 0.222399 0.009559 0.018359
3 0.269211 0.233841 0.010181 0.017227
3 0.301523 0.322978 0.013507 0.025477
3 0.295397 0.409704 0.012969 0.027886
3 0.356698 0.417101 0.021356 0.028360
3 0.372169 0.505836 0.016749 0.032448
4 0.297723 0.237657 0.011473 0.026317
8 0.303209 0.157538 0.016880 0.045077
3 0.403410 0.398381 0.028248 0.027264
3 0.453527 0.377014 0.014045 0.023068
3 0.462878 0.350478 0.014918 0.025769
3 0.470155 0.325020 0.015374 0.022082
3 0.480070 0.301606 0.015458 0.023360
3 0.516020 0.271514 0.019609 0.022958
3 0.543217 0.260712 0.023677 0.021277
3 0.466649 0.244170 0.012179 0.026463
3 0.464646 0.224515 0.010684 0.024893
3 0.502231 0.181136 0.016618 0.019818
3 0.474173 0.260742 0.015002 0.027046
3 0.513808 0.248664 0.021021 0.023250
3 0.471982 0.194511 0.013340 0.022922
3 0.580490 0.218046 0.015207 0.019526
4 0.533438 0.133250 0.016785 0.022374
3 0.530001 0.370268 0.015421 0.033434
3 0.487667 0.384847 0.016211 0.034857
3 0.521770 0.441243 0.016582 0.029893
3 0.550918 0.427448 0.017994 0.030185
3 0.502139 0.381855 0.015504 0.034711
3 0.585082 0.353702 0.017538 0.033872
3 0.625566 0.338211 0.017622 0.035149
3 0.588219 0.401610 0.017455 0.032594
3 0.661153 0.373583 0.019740 0.035587
3 0.676474 0.367179 0.018078 0.031463
3 0.660188 0.309689 0.022517 0.024819
3 0.653746 0.298719 0.022266 0.020986
3 0.650791 0.286382 0.022266 0.020986
3 0.641549 0.281819 0.022972 0.021132
3 0.632965 0.265465 0.022266 0.020986
4 0.637971 0.270904 0.021727 0.023396
3 0.624800 0.255500 0.022972 0.021132
3 0.617777 0.246594 0.022972 0.021132
3 0.613392 0.239730 0.022266 0.020986
3 0.603953 0.215786 0.022266 0.020986
5 0.604042 0.228067 0.027254 0.033360
3 0.602560 0.210893 0.022972 0.021132
3 0.598091 0.202754 0.022266 0.020986
3 0.598212 0.193665 0.022266 0.020986
3 0.601323 0.186548 0.022266 0.020986
3 0.592279 0.163168 0.021309 0.017007
3 0.571216 0.147453 0.019814 0.015438
3 0.567436 0.144349 0.019981 0.017993
3 0.564816 0.137122 0.019981 0.017993
3 0.561657 0.132596 0.019981 0.017993
3 0.558582 0.129347 0.019981 0.017993
3 0.553055 0.121426 0.019981 0.017993
3 0.551931 0.115184 0.019981 0.017993
4 0.534460 0.055996 0.008936 0.019490
3 0.597994 0.130263 0.013256 0.021645
3 0.592917 0.107358 0.015661 0.015840
3 0.562473 0.101351 0.011677 0.018797
3 0.569880 0.088813 0.011054 0.019928
3 0.616726 0.132218 0.019897 0.016715
3 0.623413 0.136014 0.018652 0.018978
3 0.628504 0.142731 0.019358 0.019124
3 0.649071 0.161786 0.022182 0.019708
4 0.734717 0.316941 0.020650 0.028214
3 0.721150 0.300970 0.019525 0.021679
3 0.708707 0.291242 0.021894 0.025951
3 0.700769 0.279287 0.020567 0.026936
3 0.692065 0.272023 0.019693 0.024235
3 0.681902 0.253407 0.018987 0.024089
3 0.673198 0.246142 0.020938 0.021971
3 0.667898 0.236232 0.020316 0.023104
3 0.661020 0.224058 0.022517 0.024819
3 0.657302 0.178212 0.019525 0.021679
3 0.665796 0.182283 0.023139 0.023688
3 0.694993 0.229336 0.017120 0.027484
3 0.691228 0.259248 0.018281 0.023944
3 0.775536 0.393961 0.022564 0.036171
4 0.803404 0.355182 0.027087 0.030805
4 0.825903 0.463829 0.030460 0.050405
4 0.777348 0.492642 0.027422 0.035915
4 0.829054 0.495549 0.025016 0.041719
4 0.843884 0.590890 0.033153 0.038360
4 0.917593 0.705783 0.035521 0.042630
4 0.894233 0.491138 0.028045 0.034783
4 0.859890 0.452919 0.028750 0.034929
4 0.856807 0.476862 0.037185 0.046754
4 0.889503 0.457155 0.030663 0.042886
3 0.861515 0.505024 0.028296 0.038616
3 0.880661 0.551564 0.033906 0.049857
4 0.916415 0.589491 0.040019 0.068765
3 0.956440 0.654375 0.038356 0.064640
3 0.978323 0.619738 0.043354 0.041133
3 0.972345 0.782513 0.043047 0.061829
3 0.937205 0.770354 0.045201 0.052192
3 0.932995 0.738854 0.045201 0.052192
3 0.899557 0.681672 0.044746 0.055879
3 0.883411 0.659113 0.037723 0.044345
3 0.867183 0.635277 0.035605 0.043908
3 0.850415 0.614142 0.036312 0.044054
3 0.826411 0.569901 0.035438 0.041353
3 0.815542 0.551430 0.034565 0.038652
4 0.996001 0.829840 0.007999 0.059018
3 0.794989 0.428786 0.025387 0.036754
3 0.769907 0.477347 0.032568 0.029417
3 0.759373 0.463987 0.033608 0.034673
3 0.751309 0.450115 0.032028 0.031826
3 0.735995 0.429327 0.032651 0.030695
3 0.723655 0.415693 0.031155 0.029125
3 0.716195 0.405582 0.032196 0.034381
3 0.710519 0.389923 0.025508 0.027958
0 0.745492 0.399525 0.005575 0.021317
0 0.749249 0.396806 0.006197 0.020185
0 0.890217 0.429816 0.007609 0.020477
0 0.851344 0.426199 0.006699 0.027850
0 0.516515 0.393774 0.006113 0.018907
0 0.508043 0.395525 0.006280 0.021463
0 0.432508 0.411140 0.006280 0.021463
0 0.563818 0.569803 0.007776 0.023032
0 0.399765 0.419204 0.005742 0.023872
1 0.340391 0.402992 0.007358 0.016644
2 0.340415 0.408813 0.005324 0.017483
1 0.423871 0.759941 0.009104 0.022046
1 0.423016 0.752349 0.011222 0.022484
2 0.407765 0.688818 0.011844 0.021353
0 0.396034 0.777349 0.007488 0.029274
3 0.370356 0.794959 0.021413 0.061138
3 0.354749 0.594897 0.018124 0.042814
3 0.354236 0.652623 0.013806 0.040661
3 0.309013 0.961725 0.026319 0.072234
3 0.384773 0.972681 0.022250 0.054638
0 0.426564 0.921238 0.009439 0.027156
0 0.423992 0.925655 0.007860 0.024310
