0 0.460949 0.128546 0.012655 0.035483
0 0.434948 0.147217 0.008196 0.036387
1 0.444973 0.132200 0.013396 0.033664
9 0.445721 0.141294 0.013394 0.030027
3 0.410779 0.119957 0.037203 0.076434
3 0.416401 0.204078 0.037952 0.086439
3 0.421658 0.300933 0.045391 0.100089
3 0.435103 0.419151 0.049865 0.125559
3 0.431465 0.557850 0.051351 0.124650
4 0.440101 0.712908 0.098200 0.172900
3 0.438347 0.896625 0.055838 0.174676
3 0.611077 0.134306 0.049838 0.078266
3 0.645335 0.258870 0.049842 0.085542
3 0.666195 0.349342 0.049841 0.082813
3 0.682978 0.457098 0.056543 0.105557
3 0.715027 0.618499 0.056553 0.122836
3 0.742619 0.783087 0.062507 0.139213
