2 0.320250 0.567667 0.011500 0.032667
2 0.273750 0.467667 0.021500 0.019333
2 0.247500 0.446667 0.019000 0.024000
7 0.208250 0.496667 0.025500 0.041333
3 0.149000 0.569667 0.044000 0.052667
5 0.095250 0.378667 0.057500 0.096000
3 0.108000 0.320667 0.023000 0.022667
3 0.005250 0.296667 0.010500 0.021333
5 0.065750 0.292667 0.040500 0.062667
5 0.049750 0.240667 0.028500 0.048000
3 0.108000 0.235667 0.032000 0.015333
0 0.095750 0.227667 0.005500 0.015333
0 0.045750 0.177667 0.004500 0.010000
5 0.041000 0.188667 0.014000 0.014667
5 0.018750 0.182667 0.011500 0.014667
4 0.015000 0.170667 0.009000 0.013333
3 0.028750 0.169667 0.009500 0.007333
3 0.032250 0.166667 0.009500 0.009333
3 0.027250 0.158667 0.008500 0.008000
3 0.017500 0.165667 0.008000 0.007333
4 0.012750 0.160667 0.008500 0.008000
3 0.013750 0.155667 0.008500 0.006000
3 0.009750 0.151667 0.007500 0.007333
4 0.024500 0.152667 0.008000 0.009333
3 0.021750 0.149667 0.006500 0.007333
5 0.022000 0.144667 0.009000 0.013333
4 0.008000 0.146667 0.008000 0.008000
4 0.007000 0.141667 0.006000 0.006000
3 0.016750 0.138667 0.005500 0.006667
5 0.017250 0.133667 0.006500 0.011333
5 0.006250 0.133667 0.010500 0.015333
3 0.012250 0.128667 0.005500 0.005333
3 0.008500 0.125667 0.005000 0.004667
3 0.005250 0.121667 0.003500 0.004667
3 0.008000 0.120667 0.003000 0.004000
3 0.002500 0.118667 0.004000 0.005333
5 0.192000 0.217667 0.039000 0.019333
4 0.261250 0.256667 0.027500 0.017333
4 0.256000 0.251333 0.025000 0.020000
3 0.245000 0.244667 0.028000 0.014667
3 0.225750 0.230667 0.030500 0.013333
3 0.226500 0.233667 0.026000 0.012667
4 0.304000 0.239333 0.017000 0.016000
5 0.302500 0.226667 0.022000 0.018667
3 0.346000 0.235667 0.026000 0.014000
4 0.352500 0.244667 0.019000 0.018667
4 0.359250 0.261667 0.015500 0.019333
3 0.368500 0.283667 0.026000 0.019333
3 0.306750 0.289000 0.035500 0.014000
4 0.300750 0.293667 0.019500 0.012667
3 0.312250 0.298667 0.029500 0.014667
9 0.385750 0.283667 0.008500 0.014000
4 0.375000 0.337667 0.041000 0.027333
3 0.387500 0.353667 0.040000 0.022000
3 0.411750 0.360667 0.042500 0.025333
4 0.423750 0.372667 0.042500 0.029333
4 0.452500 0.397667 0.043000 0.032667
9 0.470000 0.405667 0.019000 0.027333
3 0.500500 0.433333 0.051000 0.036000
7 0.554000 0.467667 0.038000 0.043333
4 0.582000 0.491667 0.063000 0.047333
3 0.607250 0.513667 0.064500 0.043333
4 0.787750 0.644667 0.075500 0.061333
3 0.897750 0.725667 0.093500 0.075333
4 0.970250 0.784667 0.059500 0.080000
4 0.720000 0.435667 0.061000 0.039333
2 0.727250 0.406667 0.008500 0.021333
9 0.786000 0.463667 0.020000 0.024667
9 0.684000 0.369667 0.015000 0.020667
3 0.520250 0.368667 0.034500 0.025333
1 0.425000 0.310667 0.006000 0.009333
3 0.336750 0.188667 0.021500 0.009333
4 0.238000 0.194667 0.021000 0.013333
6 0.247750 0.190667 0.007500 0.009333
0 0.259750 0.207667 0.003500 0.008667
3 0.289000 0.185667 0.009000 0.011333
4 0.270500 0.180667 0.009000 0.010667
5 0.272750 0.173667 0.012500 0.015333
8 0.237000 0.086667 0.021000 0.010667
8 0.286250 0.086667 0.019500 0.009333
5 0.308250 0.090667 0.015500 0.006667
8 0.167500 0.085667 0.023000 0.011333
