1 0.9619791666666667 0.7319444444444444 0.07447916666666667 0.1361111111111111
1 0.8776041666666666 0.6722222222222223 0.14947916666666666 0.10833333333333334
1 0.8744791666666667 0.6125 0.1234375 0.08263888888888889
1 0.759375 0.5611111111111111 0.08802083333333334 0.09444444444444444
1 0.2640625 0.2763888888888889 0.0265625 0.043055555555555555
1 0.2671875 0.175 0.018229166666666668 0.02638888888888889
1 0.303125 0.13055555555555556 0.013020833333333334 0.018055555555555554
1 0.303125 0.09791666666666667 0.009375 0.01597222222222222
1 0.29375 0.09236111111111112 0.009375 0.014583333333333334
1 0.31302083333333336 0.08819444444444445 0.010416666666666666 0.014583333333333334
1 0.30625 0.07222222222222222 0.0067708333333333336 0.010416666666666666
1 0.3182291666666667 0.06944444444444445 0.007291666666666667 0.010416666666666666
1 0.3104166666666667 0.06527777777777778 0.005729166666666666 0.010416666666666666
1 0.3145833333333333 0.059722222222222225 0.005208333333333333 0.009027777777777777
1 0.3234375 0.058333333333333334 0.005729166666666666 0.009027777777777777
1 0.3338541666666667 0.06805555555555555 0.005729166666666666 0.010416666666666666
1 0.33177083333333335 0.07361111111111111 0.0067708333333333336 0.011805555555555555
1 0.32916666666666666 0.08263888888888889 0.007291666666666667 0.013194444444444444
1 0.32916666666666666 0.09375 0.008854166666666666 0.014583333333333334
1 0.3302083333333333 0.10208333333333333 0.007291666666666667 0.013194444444444444
1 0.3416666666666667 0.09722222222222222 0.008854166666666666 0.014583333333333334
1 0.35520833333333335 0.0875 0.008854166666666666 0.01597222222222222
1 0.3453125 0.08333333333333333 0.0067708333333333336 0.010416666666666666
1 0.3375 0.07777777777777778 0.005729166666666666 0.011805555555555555
1 0.3619791666666667 0.10486111111111111 0.008854166666666666 0.018055555555555554
1 0.04791666666666667 0.21180555555555555 0.04791666666666667 0.041666666666666664
1 0.3453125 0.11944444444444445 0.009375 0.016666666666666666
1 0.32447916666666665 0.19652777777777777 0.018229166666666668 0.027777777777777776
1 0.325 0.16111111111111112 0.016145833333333335 0.020833333333333332
1 0.346875 0.16805555555555557 0.014583333333333334 0.025
1 0.375 0.19930555555555557 0.016145833333333335 0.029861111111111113
3 0.4119791666666667 0.08888888888888889 0.022916666666666665 0.02361111111111111
3 0.42864583333333334 0.12222222222222222 0.021875 0.019444444444444445
1 0.47291666666666665 0.16944444444444445 0.015625 0.025
3 0.4796875 0.18680555555555556 0.016666666666666666 0.03125
1 0.4973958333333333 0.2048611111111111 0.030208333333333334 0.027777777777777776
3 0.5546875 0.32569444444444445 0.0390625 0.0625
3 0.4734375 0.32708333333333334 0.030729166666666665 0.05486111111111111
1 0.5890625 0.42430555555555555 0.035416666666666666 0.06111111111111111