1 0.6453125 0.9256944444444445 0.034375 0.07847222222222222
1 0.5421875 0.8909722222222223 0.041666666666666664 0.09444444444444444
1 0.5583333333333333 0.7861111111111111 0.034895833333333334 0.07569444444444444
1 0.4744791666666667 0.9104166666666667 0.0375 0.10347222222222222
3 0.48541666666666666 0.7104166666666667 0.029166666666666667 0.08125
1 0.5234375 0.6138888888888889 0.023958333333333335 0.04791666666666667
1 0.409375 0.8020833333333334 0.033854166666666664 0.09375
1 0.41770833333333335 0.6680555555555555 0.024479166666666666 0.06041666666666667
1 0.5447916666666667 0.4638888888888889 0.019270833333333334 0.027777777777777776
1 0.37083333333333335 0.31805555555555554 0.019270833333333334 0.01597222222222222
3 0.37916666666666665 0.3298611111111111 0.015625 0.01875
1 0.3958333333333333 0.3347222222222222 0.021354166666666667 0.017361111111111112
1 0.39375 0.31875 0.020833333333333332 0.013888888888888888
1 0.4864583333333333 0.2375 0.014583333333333334 0.008333333333333333
1 0.45208333333333334 0.3993055555555556 0.011979166666666667 0.025
1 0.5192708333333333 0.31805555555555554 0.009375 0.013888888888888888
1 0.5072916666666667 0.3402777777777778 0.011979166666666667 0.019444444444444445
1 0.4901041666666667 0.3347222222222222 0.009375 0.01597222222222222
1 0.4552083333333333 0.3402777777777778 0.009895833333333333 0.019444444444444445
1 0.46770833333333334 0.32222222222222224 0.010416666666666666 0.016666666666666666