1 0.4828125 0.005555555555555556 0.008333333333333333 0.010416666666666666
1 0.46927083333333336 0.017361111111111112 0.011979166666666667 0.014583333333333334
1 0.46458333333333335 0.14722222222222223 0.015625 0.027777777777777776
1 0.49114583333333334 0.10347222222222222 0.013020833333333334 0.02638888888888889
1 0.48541666666666666 0.06388888888888888 0.0109375 0.020833333333333332
2 0.48072916666666665 0.049305555555555554 0.009375 0.022222222222222223
3 0.49375 0.041666666666666664 0.008333333333333333 0.020833333333333332
1 0.4354166666666667 0.09583333333333334 0.014583333333333334 0.027777777777777776
1 0.43020833333333336 0.12083333333333333 0.013020833333333334 0.022222222222222223
1 0.4265625 0.15625 0.017708333333333333 0.027777777777777776
1 0.41822916666666665 0.1763888888888889 0.016666666666666666 0.03125
1 0.42916666666666664 0.1986111111111111 0.020833333333333332 0.034027777777777775
1 0.5260416666666666 0.03888888888888889 0.0109375 0.01597222222222222
3 0.521875 0.027777777777777776 0.009375 0.020833333333333332
1 0.5234375 0.09097222222222222 0.013020833333333334 0.025
1 0.528125 0.12291666666666666 0.015625 0.02361111111111111
1 0.5354166666666667 0.14027777777777778 0.017708333333333333 0.025
1 0.5354166666666667 0.15347222222222223 0.028125 0.022222222222222223
1 0.5395833333333333 0.17152777777777778 0.017708333333333333 0.02847222222222222
1 0.5489583333333333 0.2076388888888889 0.021354166666666667 0.03125
1 0.5416666666666666 0.2375 0.018229166666666668 0.035416666666666666
1 0.4 0.22013888888888888 0.044270833333333336 0.027777777777777776
1 0.415625 0.2590277777777778 0.021354166666666667 0.041666666666666664
1 0.41041666666666665 0.2951388888888889 0.025 0.04722222222222222
1 0.44635416666666666 0.29583333333333334 0.025 0.04583333333333333
1 0.384375 0.34375 0.0265625 0.05486111111111111
1 0.34791666666666665 0.37430555555555556 0.06770833333333333 0.043055555555555555
1 0.365625 0.4930555555555556 0.0390625 0.09444444444444444
1 0.5536458333333333 0.6402777777777777 0.044270833333333336 0.09444444444444444
1 0.44427083333333334 0.6763888888888889 0.03958333333333333 0.10555555555555556
1 0.4453125 0.8277777777777777 0.04791666666666667 0.14791666666666667