1 0.49583333333333335 0.775 0.03333333333333333 0.0798611111111111
1 0.5161458333333333 0.6388888888888888 0.026041666666666668 0.052083333333333336
1 0.5708333333333333 0.6368055555555555 0.025 0.04791666666666667
1 0.6578125 0.7805555555555556 0.03854166666666667 0.08333333333333333
1 0.5755208333333334 0.5881944444444445 0.053125 0.04236111111111111
1 0.5541666666666667 0.5409722222222222 0.04583333333333333 0.03680555555555556
1 0.5151041666666667 0.4722222222222222 0.019791666666666666 0.029861111111111113
1 0.9041666666666667 0.7256944444444444 0.06041666666666667 0.08125
1 0.9614583333333333 0.7368055555555556 0.06458333333333334 0.08888888888888889
1 0.8328125 0.49930555555555556 0.04895833333333333 0.035416666666666666
3 0.809375 0.47152777777777777 0.05 0.035416666666666666
1 0.7005208333333334 0.6048611111111111 0.053125 0.03888888888888889
1 0.7203125 0.5923611111111111 0.04479166666666667 0.04097222222222222
1 0.6375 0.6215277777777778 0.04583333333333333 0.05347222222222222
1 0.6005208333333333 0.5465277777777777 0.017708333333333333 0.04097222222222222
3 0.5947916666666667 0.45 0.014583333333333334 0.029861111111111113
1 0.23541666666666666 0.8868055555555555 0.0625 0.11875
1 0.1 0.94375 0.09791666666666667 0.0798611111111111
1 0.12083333333333333 0.8305555555555556 0.0875 0.06875
1 0.1921875 0.7631944444444444 0.07395833333333333 0.06319444444444444
1 0.22239583333333332 0.7006944444444444 0.06770833333333333 0.06111111111111111
1 0.2713541666666667 0.6618055555555555 0.059375 0.04652777777777778
1 0.3359375 0.6423611111111112 0.034375 0.07013888888888889
1 0.36041666666666666 0.5916666666666667 0.029166666666666667 0.05763888888888889
1 0.37864583333333335 0.5354166666666667 0.026041666666666668 0.04791666666666667
1 0.40208333333333335 0.4354166666666667 0.027083333333333334 0.04097222222222222
1 0.4546875 0.3701388888888889 0.011458333333333333 0.022222222222222223
1 0.465625 0.3423611111111111 0.010416666666666666 0.01875
1 0.42135416666666664 0.3861111111111111 0.011458333333333333 0.02013888888888889
1 0.40208333333333335 0.3729166666666667 0.016666666666666666 0.02013888888888889
1 0.44635416666666666 0.33055555555555555 0.023958333333333335 0.016666666666666666
1 0.5239583333333333 0.2388888888888889 0.00625 0.007638888888888889
1 0.6166666666666667 0.3194444444444444 0.020833333333333332 0.013194444444444444
1 0.6390625 0.3284722222222222 0.015625 0.016666666666666666
1 0.6140625 0.3055555555555556 0.021875 0.014583333333333334
1 0.5817708333333333 0.3090277777777778 0.007291666666666667 0.014583333333333334
1 0.5791666666666667 0.29930555555555555 0.008333333333333333 0.013194444444444444
1 0.5776041666666667 0.2881944444444444 0.007291666666666667 0.013194444444444444
1 0.5744791666666667 0.28055555555555556 0.007291666666666667 0.013194444444444444
1 0.5677083333333334 0.2673611111111111 0.004166666666666667 0.009027777777777777
1 0.5723958333333333 0.2611111111111111 0.005208333333333333 0.011111111111111112
1 0.571875 0.2548611111111111 0.00625 0.009027777777777777
1 0.5703125 0.2465277777777778 0.005208333333333333 0.011111111111111112
1 0.5703125 0.23819444444444443 0.005208333333333333 0.009027777777777777
1 0.5552083333333333 0.23819444444444443 0.004166666666666667 0.009027777777777777
1 0.54375 0.22013888888888888 0.004166666666666667 0.007638888888888889
1 0.53125 0.23055555555555557 0.004166666666666667 0.009027777777777777
3 0.5838541666666667 0.35347222222222224 0.005208333333333333 0.01875
1 0.490625 0.2826388888888889 0.00625 0.013194444444444444
1 0.45677083333333335 0.31319444444444444 0.011458333333333333 0.014583333333333334
1 0.4609375 0.30625 0.015625 0.009027777777777777
1 0.46041666666666664 0.3 0.016666666666666666 0.011111111111111112
1 0.4921875 0.27152777777777776 0.007291666666666667 0.013194444444444444
1 0.4984375 0.25555555555555554 0.007291666666666667 0.007638888888888889
1 0.503125 0.2465277777777778 0.00625 0.007638888888888889
1 0.5072916666666667 0.2361111111111111 0.00625 0.009027777777777777
1 0.5114583333333333 0.22777777777777777 0.004166666666666667 0.007638888888888889
1 0.353125 0.5020833333333333 0.041666666666666664 0.029861111111111113
1 0.9901041666666667 0.5868055555555556 0.019791666666666666 0.04097222222222222
1 0.9682291666666667 0.51875 0.036458333333333336 0.03680555555555556
1 0.9369791666666667 0.5020833333333333 0.046875 0.029861111111111113
1 0.9171875 0.48541666666666666 0.030208333333333334 0.025694444444444443
1 0.9109375 0.4756944444444444 0.03854166666666667 0.022222222222222223
1 0.9010416666666666 0.4576388888888889 0.041666666666666664 0.025694444444444443
1 0.8828125 0.44513888888888886 0.03854166666666667 0.024305555555555556
1 0.859375 0.425 0.0375 0.02013888888888889
1 0.8479166666666667 0.4111111111111111 0.035416666666666666 0.022222222222222223
1 0.8364583333333333 0.4 0.03333333333333333 0.01875
1 0.8192708333333333 0.3840277777777778 0.03229166666666667 0.016666666666666666
1 0.8536458333333333 0.37569444444444444 0.03229166666666667 0.01875
1 0.7734375 0.36736111111111114 0.015625 0.02013888888888889
1 0.7901041666666667 0.3659722222222222 0.015625 0.016666666666666666
1 0.8119791666666667 0.36319444444444443 0.017708333333333333 0.01875
1 0.828125 0.36319444444444443 0.0125 0.014583333333333334
1 0.7463541666666667 0.3840277777777778 0.03229166666666667 0.02013888888888889
1 0.7536458333333333 0.3951388888888889 0.034375 0.016666666666666666
1 0.7604166666666666 0.4027777777777778 0.035416666666666666 0.016666666666666666
1 0.7671875 0.4131944444444444 0.03229166666666667 0.01875
1 0.7734375 0.4222222222222222 0.034375 0.014583333333333334
1 0.7791666666666667 0.4326388888888889 0.0375 0.02013888888888889
1 0.7864583333333334 0.44375 0.03958333333333333 0.02013888888888889
1 0.8 0.4638888888888889 0.04791666666666667 0.02013888888888889
1 0.7192708333333333 0.39166666666666666 0.013541666666666667 0.024305555555555556
1 0.7098958333333333 0.4548611111111111 0.040625 0.024305555555555556
1 0.6963541666666667 0.44166666666666665 0.034375 0.024305555555555556
1 0.690625 0.4305555555555556 0.03333333333333333 0.02013888888888889
1 0.6885416666666667 0.4173611111111111 0.03125 0.016666666666666666
1 0.6880208333333333 0.4111111111111111 0.036458333333333336 0.014583333333333334
1 0.690625 0.40069444444444446 0.03125 0.016666666666666666