1 0.43333333333333335 0.9694444444444444 0.03333333333333333 0.06111111111111111
3 0.4822916666666667 0.9729166666666667 0.030729166666666665 0.05347222222222222
1 0.4822916666666667 0.8354166666666667 0.033854166666666664 0.1125
1 0.5489583333333333 0.5798611111111112 0.025520833333333333 0.06666666666666667
2 0.43072916666666666 0.8340277777777778 0.033854166666666664 0.12291666666666666
1 0.43645833333333334 0.5881944444444445 0.027083333333333334 0.08333333333333333
1 0.43645833333333334 0.7083333333333334 0.028645833333333332 0.08888888888888889
2 0.48333333333333334 0.6631944444444444 0.034375 0.16319444444444445
1 0.48541666666666666 0.55625 0.028645833333333332 0.07430555555555556
1 0.5333333333333333 0.44583333333333336 0.0234375 0.052083333333333336
1 0.534375 0.35694444444444445 0.019270833333333334 0.03888888888888889
1 0.496875 0.41805555555555557 0.018229166666666668 0.04722222222222222
3 0.48333333333333334 0.45902777777777776 0.021354166666666667 0.06805555555555555
1 0.4953125 0.29444444444444445 0.018229166666666668 0.04027777777777778
2 0.4630208333333333 0.33125 0.028125 0.09027777777777778
3 0.4583333333333333 0.2604166666666667 0.021875 0.05763888888888889
2 0.30833333333333335 0.14166666666666666 0.019270833333333334 0.06111111111111111
1 0.4359375 0.0375 0.010416666666666666 0.03263888888888889
0 0.5770833333333333 0.30416666666666664 0.033854166666666664 0.11388888888888889
1 0.49895833333333334 0.18125 0.015625 0.03263888888888889
3 0.5229166666666667 0.20069444444444445 0.014583333333333334 0.035416666666666666
0 0.55625 0.22083333333333333 0.03177083333333333 0.09166666666666666
1 0.5557291666666667 0.17708333333333334 0.021354166666666667 0.027777777777777776
3 0.5651041666666666 0.15763888888888888 0.0125 0.03263888888888889
1 0.5609375 0.13125 0.014583333333333334 0.025
3 0.5229166666666667 0.14166666666666666 0.014583333333333334 0.035416666666666666
1 0.5286458333333334 0.1125 0.013020833333333334 0.02638888888888889
1 0.5510416666666667 0.07916666666666666 0.0125 0.022222222222222223
1 0.48541666666666666 0.11666666666666667 0.013020833333333334 0.02847222222222222
1 0.47239583333333335 0.03125 0.0125 0.020833333333333332
1 0.47604166666666664 0.00625 0.0125 0.0125
3 0.4942708333333333 0.052083333333333336 0.0125 0.03680555555555556
1 0.5213541666666667 0.07222222222222222 0.013020833333333334 0.02638888888888889
1 0.5145833333333333 0.043055555555555555 0.010416666666666666 0.018055555555555554
1 0.5463541666666667 0.052083333333333336 0.011979166666666667 0.02361111111111111
0 0.5458333333333333 0.022222222222222223 0.016145833333333335 0.044444444444444446
3 0.5307291666666667 0.041666666666666664 0.0109375 0.02638888888888889
2 0.5260416666666666 0.016666666666666666 0.0125 0.03263888888888889
1 0.215625 0.22013888888888888 0.019791666666666666 0.03263888888888889
2 0.109375 0.22847222222222222 0.06041666666666667 0.04722222222222222
1 0.14270833333333333 0.35347222222222224 0.03697916666666667 0.050694444444444445
1 0.11458333333333333 0.34652777777777777 0.030729166666666665 0.04722222222222222
1 0.08333333333333333 0.3486111111111111 0.03333333333333333 0.04861111111111111
1 0.04375 0.34930555555555554 0.040625 0.05486111111111111
1 0.0078125 0.36527777777777776 0.015625 0.050694444444444445
1 0.9875 0.22083333333333333 0.025 0.027777777777777776
1 0.9885416666666667 0.20277777777777778 0.022916666666666665 0.02361111111111111
1 0.9244791666666666 0.4083333333333333 0.053125 0.050694444444444445
1 0.7942708333333334 0.26319444444444445 0.022916666666666665 0.043055555555555555
1 0.8427083333333333 0.32569444444444445 0.03802083333333333 0.052083333333333336
1 0.8630208333333333 0.40069444444444446 0.029166666666666667 0.07430555555555556
1 0.9354166666666667 0.24583333333333332 0.03697916666666667 0.034027777777777775
1 0.9171875 0.24861111111111112 0.03333333333333333 0.03125
1 0.8973958333333333 0.24930555555555556 0.027083333333333334 0.027777777777777776
1 0.878125 0.25069444444444444 0.029166666666666667 0.034027777777777775
1 0.9640625 0.17777777777777778 0.029166666666666667 0.03888888888888889
1 0.9411458333333333 0.1840277777777778 0.025 0.02638888888888889
1 0.9213541666666667 0.1840277777777778 0.025 0.02638888888888889
1 0.8963541666666667 0.18333333333333332 0.028125 0.03680555555555556
1 0.8807291666666667 0.1875 0.025520833333333333 0.03263888888888889
1 0.8640625 0.18680555555555556 0.0265625 0.034027777777777775
1 0.8458333333333333 0.19236111111111112 0.022916666666666665 0.034027777777777775
1 0.940625 0.15902777777777777 0.024479166666666666 0.027777777777777776
1 0.925 0.16111111111111112 0.025 0.02847222222222222
1 0.909375 0.1625 0.024479166666666666 0.027777777777777776
1 0.8916666666666667 0.1625 0.025 0.027777777777777776
1 0.875 0.16458333333333333 0.0265625 0.02361111111111111
1 0.8583333333333333 0.16458333333333333 0.021354166666666667 0.02638888888888889
1 0.8401041666666667 0.16458333333333333 0.027083333333333334 0.02638888888888889
1 0.9083333333333333 0.1375 0.028645833333333332 0.020833333333333332
1 0.8020833333333334 0.16666666666666666 0.025 0.027777777777777776
1 0.7807291666666667 0.14305555555555555 0.03177083333333333 0.027777777777777776
1 0.890625 0.11805555555555555 0.019791666666666666 0.025
1 0.8776041666666666 0.11736111111111111 0.016666666666666666 0.02361111111111111
1 0.8703125 0.1 0.019791666666666666 0.025
1 0.8614583333333333 0.11736111111111111 0.019791666666666666 0.02638888888888889
1 0.8458333333333333 0.11597222222222223 0.021875 0.029861111111111113
1 0.8307291666666666 0.11805555555555555 0.021354166666666667 0.029861111111111113
1 0.8567708333333334 0.09930555555555555 0.016145833333333335 0.02361111111111111
1 0.8432291666666667 0.09861111111111111 0.018229166666666668 0.022222222222222223
1 0.8244791666666667 0.09930555555555555 0.019270833333333334 0.018055555555555554
1 0.8104166666666667 0.09791666666666667 0.019791666666666666 0.02847222222222222
1 0.765625 0.10416666666666667 0.020833333333333332 0.022222222222222223
1 0.7390625 0.11041666666666666 0.017708333333333333 0.022222222222222223
1 0.8322916666666667 0.06597222222222222 0.019270833333333334 0.022222222222222223
1 0.81875 0.06666666666666667 0.018229166666666668 0.020833333333333332
1 0.8057291666666667 0.06458333333333334 0.018229166666666668 0.025
1 0.790625 0.06597222222222222 0.019791666666666666 0.027777777777777776
1 0.7765625 0.06875 0.020833333333333332 0.025
1 0.7505208333333333 0.07152777777777777 0.018229166666666668 0.022222222222222223
1 0.71875 0.0763888888888889 0.022916666666666665 0.025
1 0.71875 0.03888888888888889 0.022916666666666665 0.018055555555555554
1 0.6994791666666667 0.050694444444444445 0.015625 0.02638888888888889
1 0.6895833333333333 0.03333333333333333 0.0109375 0.022222222222222223
1 0.7192708333333333 0.011805555555555555 0.014583333333333334 0.01597222222222222
3 0.815625 0.04583333333333333 0.018229166666666668 0.02638888888888889
1 0.803125 0.05277777777777778 0.019270833333333334 0.016666666666666666
1 0.7880208333333333 0.052083333333333336 0.017708333333333333 0.018055555555555554
1 0.7708333333333334 0.05138888888888889 0.018229166666666668 0.022222222222222223
1 0.7744791666666667 0.027777777777777776 0.017708333333333333 0.020833333333333332
1 0.771875 0.010416666666666666 0.014583333333333334 0.018055555555555554
1 0.7588541666666667 0.013888888888888888 0.017708333333333333 0.016666666666666666
1 0.7619791666666667 0.029861111111111113 0.016666666666666666 0.020833333333333332
1 0.7458333333333333 0.013194444444444444 0.016666666666666666 0.018055555555555554
1 0.7494791666666667 0.027777777777777776 0.014583333333333334 0.019444444444444445
1 0.7510416666666667 0.05763888888888889 0.0140625 0.02361111111111111