1 0.035416666666666666 0.40069444444444446 0.034375 0.03263888888888889
3 0.06458333333333334 0.45 0.042708333333333334 0.05347222222222222
1 0.05572916666666667 0.4840277777777778 0.041666666666666664 0.04027777777777778
1 0.0703125 0.5277777777777778 0.041666666666666664 0.03125
1 0.08697916666666666 0.5708333333333333 0.0390625 0.029861111111111113
1 0.3458333333333333 0.5819444444444445 0.024479166666666666 0.04722222222222222
1 0.1265625 0.6743055555555556 0.03958333333333333 0.041666666666666664
1 0.01875 0.9277777777777778 0.025520833333333333 0.06805555555555555
1 0.050520833333333334 0.8854166666666666 0.024479166666666666 0.07222222222222222
1 0.0875 0.9840277777777777 0.030729166666666665 0.03125
1 0.19166666666666668 0.8895833333333333 0.03802083333333333 0.05347222222222222
1 0.24322916666666666 0.9479166666666666 0.03697916666666667 0.05486111111111111
1 0.2557291666666667 0.74375 0.034375 0.04722222222222222
1 0.440625 0.8354166666666667 0.03229166666666667 0.05486111111111111
1 0.46458333333333335 0.7923611111111111 0.0359375 0.0625
1 0.49583333333333335 0.7631944444444444 0.030729166666666665 0.0625
1 0.5072916666666667 0.6652777777777777 0.03697916666666667 0.03888888888888889
1 0.43125 0.6916666666666667 0.034375 0.04722222222222222
1 0.484375 0.5604166666666667 0.034375 0.050694444444444445
1 0.4765625 0.4951388888888889 0.035416666666666666 0.04722222222222222
1 0.553125 0.35 0.027083333333333334 0.0625
1 0.5932291666666667 0.3013888888888889 0.025 0.06111111111111111
1 0.6234375 0.2708333333333333 0.033854166666666664 0.052083333333333336
1 0.6911458333333333 0.19652777777777777 0.029166666666666667 0.059027777777777776
1 0.7666666666666667 0.11736111111111111 0.024479166666666666 0.041666666666666664
0 0.9666666666666667 0.03680555555555556 0.065625 0.07291666666666667
1 0.9838541666666667 0.08055555555555556 0.030729166666666665 0.04861111111111111
1 0.8463541666666666 0.1625 0.03697916666666667 0.05347222222222222
1 0.93125 0.24583333333333332 0.0359375 0.05
1 0.9213541666666667 0.27847222222222223 0.033854166666666664 0.052083333333333336
1 0.8692708333333333 0.2743055555555556 0.034375 0.05
1 0.8354166666666667 0.23125 0.033854166666666664 0.04722222222222222
1 0.759375 0.2638888888888889 0.034375 0.052083333333333336
1 0.7223958333333333 0.4173611111111111 0.034375 0.04583333333333333
1 0.6666666666666666 0.4173611111111111 0.0359375 0.04583333333333333
1 0.6833333333333333 0.4583333333333333 0.03697916666666667 0.05347222222222222
1 0.40989583333333335 0.8631944444444445 0.008333333333333333 0.022222222222222223
1 0.4171875 0.8541666666666666 0.008333333333333333 0.022222222222222223
1 0.4244791666666667 0.8513888888888889 0.009375 0.022222222222222223