0 0.28854166666666664 0.7465277777777778 0.13020833333333334 0.1388888888888889
1 0.30885416666666665 0.8569444444444444 0.06302083333333333 0.07430555555555556
3 0.040625 0.5958333333333333 0.040625 0.08888888888888889
1 0.140625 0.12569444444444444 0.03958333333333333 0.1125
1 0.209375 0.5201388888888889 0.029166666666666667 0.10486111111111111
3 0.23333333333333334 0.36944444444444446 0.046875 0.13194444444444445
1 0.034375 0.9263888888888889 0.06458333333333334 0.07708333333333334
1 0.42552083333333335 0.5819444444444445 0.06458333333333334 0.08333333333333333
3 0.209375 0.22916666666666666 0.0390625 0.09513888888888888
1 0.16822916666666668 0.025 0.034375 0.05
1 0.50625 0.7131944444444445 0.0625 0.07708333333333334
1 0.6083333333333333 0.6291666666666667 0.0640625 0.07430555555555556
1 0.5869791666666667 0.8784722222222222 0.0515625 0.06805555555555555
3 0.553125 0.46458333333333335 0.065625 0.07430555555555556
3 0.5630208333333333 0.3076388888888889 0.06041666666666667 0.059027777777777776
3 0.6453125 0.2611111111111111 0.059375 0.06527777777777778
1 0.8239583333333333 0.27708333333333335 0.0625 0.07083333333333333
1 0.690625 0.5569444444444445 0.0625 0.07569444444444444
3 0.6479166666666667 0.84375 0.05 0.06388888888888888
3 0.6932291666666667 0.7680555555555556 0.058854166666666666 0.1111111111111111
1 0.7578125 0.7375 0.058333333333333334 0.09930555555555555
3 0.7953125 0.4847222222222222 0.059375 0.08611111111111111
1 0.825 0.5944444444444444 0.06302083333333333 0.06111111111111111
1 0.865625 0.5076388888888889 0.0609375 0.06111111111111111
3 0.9015625 0.39444444444444443 0.05572916666666667 0.06527777777777778
3 0.975 0.48125 0.05 0.08611111111111111
1 0.9557291666666666 0.1673611111111111 0.06458333333333334 0.07291666666666667
3 0.8932291666666666 0.09791666666666667 0.050520833333333334 0.08611111111111111
1 0.8442708333333333 0.11319444444444444 0.0625 0.09791666666666667
3 0.9619791666666667 0.04027777777777778 0.053125 0.08055555555555556