2 0.04583333333333333 0.12430555555555556 0.015104166666666667 0.011111111111111112
1 0.071875 0.4708333333333333 0.0625 0.04375
1 0.14375 0.47430555555555554 0.0609375 0.03958333333333333
3 0.3390625 0.9375 0.057291666666666664 0.12291666666666666
1 0.38333333333333336 0.8152777777777778 0.04635416666666667 0.11041666666666666
1 0.40208333333333335 0.6854166666666667 0.03802083333333333 0.07847222222222222
1 0.4140625 0.5993055555555555 0.034375 0.06875
1 0.4510416666666667 0.5472222222222223 0.05260416666666667 0.04652777777777778
1 0.46822916666666664 0.7243055555555555 0.0375 0.09166666666666666
1 0.46145833333333336 0.8354166666666667 0.041666666666666664 0.11388888888888889
1 0.43697916666666664 0.9430555555555555 0.05520833333333333 0.11388888888888889
1 0.5395833333333333 0.9083333333333333 0.0515625 0.15208333333333332
1 0.5276041666666667 0.7756944444444445 0.03854166666666667 0.1
2 0.5229166666666667 0.6375 0.042708333333333334 0.14930555555555555
1 0.6166666666666667 0.9555555555555556 0.0515625 0.08888888888888889
1 0.6302083333333334 0.8645833333333334 0.0546875 0.13541666666666666
1 0.5828125 0.7340277777777777 0.05520833333333333 0.12222222222222222
1 0.6177083333333333 0.7034722222222223 0.03958333333333333 0.09236111111111112
1 0.5854166666666667 0.6284722222222222 0.03333333333333333 0.07291666666666667
1 0.584375 0.5645833333333333 0.0296875 0.059027777777777776
1 0.575 0.5194444444444445 0.028645833333333332 0.052083333333333336
3 0.5635416666666667 0.45625 0.0296875 0.06666666666666667
1 0.5619791666666667 0.4326388888888889 0.022916666666666665 0.041666666666666664
1 0.55625 0.4041666666666667 0.019270833333333334 0.03611111111111111
1 0.5177083333333333 0.44027777777777777 0.0234375 0.04513888888888889
1 0.446875 0.3486111111111111 0.01875 0.02847222222222222
3 0.4895833333333333 0.30694444444444446 0.013020833333333334 0.02847222222222222
1 0.4921875 0.25069444444444444 0.009375 0.01875
1 0.4666666666666667 0.2625 0.013020833333333334 0.019444444444444445
1 0.45416666666666666 0.22916666666666666 0.0109375 0.019444444444444445
1 0.5453125 0.34375 0.016666666666666666 0.02847222222222222
1 0.5385416666666667 0.2881944444444444 0.0140625 0.027083333333333334
1 0.5291666666666667 0.2298611111111111 0.010416666666666666 0.017361111111111112
1 0.521875 0.17708333333333334 0.00625 0.010416666666666666
3 0.5072916666666667 0.18472222222222223 0.0078125 0.01597222222222222
1 0.4947916666666667 0.1909722222222222 0.00625 0.011111111111111112
1 0.47604166666666664 0.2 0.008854166666666666 0.013194444444444444
1 0.4791666666666667 0.17291666666666666 0.0078125 0.011805555555555555
1 0.4947916666666667 0.1736111111111111 0.007291666666666667 0.010416666666666666
3 0.484375 0.15763888888888888 0.007291666666666667 0.013194444444444444
1 0.50625 0.15763888888888888 0.005729166666666666 0.011111111111111112
1 0.5114583333333333 0.16597222222222222 0.0067708333333333336 0.011805555555555555
1 0.5161458333333333 0.15069444444444444 0.00625 0.009027777777777777
1 0.4953125 0.1638888888888889 0.00625 0.009027777777777777
1 0.4953125 0.15555555555555556 0.00625 0.011111111111111112
1 0.49270833333333336 0.14652777777777778 0.005729166666666666 0.011805555555555555
1 0.4973958333333333 0.13958333333333334 0.005208333333333333 0.007638888888888889
1 0.6072916666666667 0.19236111111111112 0.008333333333333333 0.011805555555555555
1 0.6109375 0.1736111111111111 0.007291666666666667 0.011805555555555555
1 0.5697916666666667 0.15694444444444444 0.00625 0.010416666666666666