1 0.25052083333333336 0.6694444444444444 0.04583333333333333 0.09236111111111112
1 0.20260416666666667 0.7861111111111111 0.05625 0.1076388888888889
3 0.13958333333333334 0.9375 0.06302083333333333 0.125
1 0.39375 0.8076388888888889 0.03854166666666667 0.09097222222222222
1 0.4822916666666667 0.34375 0.023958333333333335 0.04791666666666667
1 0.496875 0.23333333333333334 0.017708333333333333 0.027777777777777776
1 0.45989583333333334 0.16666666666666666 0.016666666666666666 0.024305555555555556
1 0.44583333333333336 0.11875 0.015625 0.024305555555555556
1 0.4734375 0.12291666666666666 0.010416666666666666 0.01875
1 0.48072916666666665 0.09791666666666667 0.010416666666666666 0.016666666666666666
2 0.49270833333333336 0.04513888888888889 0.019791666666666666 0.06319444444444444
1 0.5385416666666667 0.10277777777777777 0.011458333333333333 0.022222222222222223
1 0.53125 0.035416666666666666 0.013541666666666667 0.02013888888888889
3 0.9552083333333333 0.31180555555555556 0.084375 0.04791666666666667
1 0.9041666666666667 0.33611111111111114 0.04895833333333333 0.03333333333333333
1 0.8671875 0.26666666666666666 0.027083333333333334 0.03125
1 0.8375 0.21319444444444444 0.028125 0.024305555555555556
1 0.7614583333333333 0.07291666666666667 0.015625 0.029861111111111113
1 0.8260416666666667 0.18958333333333333 0.017708333333333333 0.022222222222222223
1 0.8098958333333334 0.16666666666666666 0.01875 0.02013888888888889
1 0.7791666666666667 0.10486111111111111 0.015625 0.025694444444444443
1 0.7927083333333333 0.1326388888888889 0.017708333333333333 0.025694444444444443
1 0.8046875 0.1451388888888889 0.014583333333333334 0.025694444444444443