1 0.23489583333333333 0.14097222222222222 0.007291666666666667 0.011111111111111112
1 0.2515625 0.16041666666666668 0.009375 0.016666666666666666
1 0.26145833333333335 0.17708333333333334 0.00625 0.016666666666666666
1 0.33645833333333336 0.16111111111111112 0.008333333333333333 0.011111111111111112
1 0.340625 0.16597222222222222 0.008333333333333333 0.013194444444444444
1 0.3489583333333333 0.17222222222222222 0.00625 0.011111111111111112
1 0.3541666666666667 0.17708333333333334 0.008333333333333333 0.016666666666666666
1 0.35989583333333336 0.18263888888888888 0.007291666666666667 0.013194444444444444
1 0.36302083333333335 0.1840277777777778 0.009375 0.016666666666666666
1 0.36666666666666664 0.19166666666666668 0.008333333333333333 0.013194444444444444
3 0.37447916666666664 0.2 0.009375 0.014583333333333334
1 0.3776041666666667 0.2076388888888889 0.009375 0.014583333333333334
1 0.384375 0.21041666666666667 0.008333333333333333 0.016666666666666666
1 0.39010416666666664 0.21736111111111112 0.009375 0.016666666666666666
1 0.396875 0.22291666666666668 0.010416666666666666 0.013194444444444444
1 0.4041666666666667 0.2326388888888889 0.010416666666666666 0.02013888888888889
2 0.36822916666666666 0.24097222222222223 0.026041666666666668 0.052083333333333336
1 0.39479166666666665 0.30486111111111114 0.014583333333333334 0.027777777777777776
2 0.45677083333333335 0.45208333333333334 0.026041666666666668 0.04791666666666667
1 0.4171875 0.3 0.013541666666666667 0.01875
1 0.4197916666666667 0.2520833333333333 0.0125 0.01875
1 0.43125 0.26944444444444443 0.0125 0.02013888888888889
1 0.4395833333333333 0.2826388888888889 0.0125 0.02013888888888889
2 0.4515625 0.29375 0.013541666666666667 0.03125
1 0.5947916666666667 0.7611111111111111 0.04583333333333333 0.09236111111111112
1 0.6854166666666667 0.7965277777777777 0.0375 0.07777777777777778
1 0.7359375 0.9201388888888888 0.065625 0.1076388888888889