3 0.9760416666666667 0.8027777777777778 0.04791666666666667 0.08611111111111111
1 0.9364583333333333 0.8055555555555556 0.05520833333333333 0.07569444444444444
1 0.9145833333333333 0.8229166666666666 0.046875 0.07708333333333334
1 0.8583333333333333 0.8354166666666667 0.057291666666666664 0.06527777777777778
1 0.8354166666666667 0.8479166666666667 0.05677083333333333 0.06388888888888888
3 0.828125 0.8798611111111111 0.065625 0.07083333333333333
1 0.9119791666666667 0.9701388888888889 0.065625 0.059722222222222225
1 0.6932291666666667 0.7743055555555556 0.052083333333333336 0.050694444444444445
1 0.7322916666666667 0.8631944444444445 0.04583333333333333 0.07708333333333334
1 0.7109375 0.8861111111111111 0.046875 0.07847222222222222
1 0.6432291666666666 0.9201388888888888 0.05572916666666667 0.08611111111111111
1 0.6130208333333333 0.9395833333333333 0.0515625 0.09166666666666666
3 0.5729166666666666 0.9527777777777777 0.05364583333333333 0.09444444444444444
1 0.4479166666666667 0.9756944444444444 0.0390625 0.04861111111111111
1 0.5338541666666666 0.86875 0.05572916666666667 0.06388888888888888
1 0.5630208333333333 0.8194444444444444 0.057291666666666664 0.05
1 0.4005208333333333 0.8486111111111111 0.03958333333333333 0.08125
1 0.033854166666666664 0.38333333333333336 0.03697916666666667 0.02847222222222222
1 0.017708333333333333 0.37916666666666665 0.035416666666666666 0.02638888888888889
3 0.04791666666666667 0.3590277777777778 0.03333333333333333 0.027777777777777776
1 0.021875 0.3597222222222222 0.034375 0.02638888888888889
3 0.020833333333333332 0.33819444444444446 0.03958333333333333 0.03819444444444445
3 0.058854166666666666 0.3375 0.029166666666666667 0.02638888888888889
1 0.0390625 0.3055555555555556 0.016145833333333335 0.02638888888888889
1 0.05416666666666667 0.32708333333333334 0.030729166666666665 0.020833333333333332
1 0.052083333333333336 0.3173611111111111 0.034375 0.020833333333333332
1 0.06510416666666667 0.30416666666666664 0.03177083333333333 0.019444444444444445
1 0.0671875 0.2916666666666667 0.030208333333333334 0.018055555555555554
1 0.07083333333333333 0.2833333333333333 0.029166666666666667 0.019444444444444445
1 0.07395833333333333 0.2708333333333333 0.030208333333333334 0.020833333333333332
1 0.07916666666666666 0.24791666666666667 0.030208333333333334 0.016666666666666666
1 0.121875 0.25416666666666665 0.029166666666666667 0.019444444444444445
1 0.128125 0.24305555555555555 0.028125 0.018055555555555554
1 0.08697916666666666 0.23680555555555555 0.019791666666666666 0.01597222222222222
1 0.0890625 0.22291666666666668 0.0265625 0.016666666666666666
1 0.0953125 0.21458333333333332 0.028645833333333332 0.01597222222222222
1 0.128125 0.2222222222222222 0.027083333333333334 0.018055555555555554
1 0.12864583333333332 0.20833333333333334 0.025 0.016666666666666666
1 0.10104166666666667 0.20069444444444445 0.0125 0.019444444444444445
3 0.12552083333333333 0.2 0.021354166666666667 0.020833333333333332
3 0.1265625 0.18611111111111112 0.017708333333333333 0.019444444444444445
3 0.128125 0.17569444444444443 0.016666666666666666 0.014583333333333334
1 0.034895833333333334 0.20208333333333334 0.0140625 0.016666666666666666
1 0.06666666666666667 0.20972222222222223 0.011979166666666667 0.016666666666666666
1 0.06302083333333333 0.18333333333333332 0.013020833333333334 0.016666666666666666
1 0.06145833333333333 0.15486111111111112 0.0125 0.014583333333333334
1 0.019791666666666666 0.15208333333333332 0.014583333333333334 0.022222222222222223
1 0.03802083333333333 0.13194444444444445 0.013020833333333334 0.01597222222222222
1 0.08177083333333333 0.11944444444444445 0.011979166666666667 0.014583333333333334
2 0.08958333333333333 0.19166666666666668 0.020833333333333332 0.03263888888888889
0 0.016666666666666666 0.07222222222222222 0.027083333333333334 0.018055555555555554
0 0.025520833333333333 0.06597222222222222 0.029166666666666667 0.016666666666666666
1 0.0171875 0.10416666666666667 0.0125 0.014583333333333334
1 0.030208333333333334 0.09027777777777778 0.010416666666666666 0.013194444444444444
1 0.06666666666666667 0.07847222222222222 0.0109375 0.01597222222222222
1 0.08229166666666667 0.05555555555555555 0.008854166666666666 0.011805555555555555
1 0.10416666666666667 0.0375 0.008854166666666666 0.011805555555555555
1 0.07552083333333333 0.08680555555555555 0.008854166666666666 0.011805555555555555
1 0.109375 0.0798611111111111 0.009375 0.010416666666666666
1 0.11822916666666666 0.06944444444444445 0.008854166666666666 0.010416666666666666
2 0.125 0.04652777777777778 0.016145833333333335 0.03263888888888889