1 0.5458333333333333 0.9256944444444445 0.1875 0.14097222222222222
2 0.7791666666666667 0.9354166666666667 0.22708333333333333 0.12916666666666668
1 0.8713541666666667 0.7166666666666667 0.09427083333333333 0.1597222222222222
1 0.7911458333333333 0.6833333333333333 0.078125 0.1763888888888889
1 0.7083333333333334 0.7493055555555556 0.06822916666666666 0.14375
1 0.6916666666666667 0.6243055555555556 0.0609375 0.1423611111111111
1 0.6104166666666667 0.7069444444444445 0.06979166666666667 0.18333333333333332
1 0.4578125 0.7013888888888888 0.07135416666666666 0.1736111111111111
1 0.9588541666666667 0.6972222222222222 0.08229166666666667 0.20555555555555555
1 0.321875 0.30277777777777776 0.04791666666666667 0.0875
1 0.2630208333333333 0.3 0.058333333333333334 0.08472222222222223
1 0.48020833333333335 0.22361111111111112 0.0734375 0.06527777777777778
1 0.3932291666666667 0.08333333333333333 0.030208333333333334 0.06041666666666667
1 0.403125 0.05 0.058333333333333334 0.043055555555555555
1 0.4015625 0.03125 0.05416666666666667 0.041666666666666664
1 0.5239583333333333 0.07430555555555556 0.0609375 0.06041666666666667
1 0.7760416666666666 0.30972222222222223 0.07708333333333334 0.07569444444444444
1 0.8666666666666667 0.3375 0.103125 0.08888888888888889
1 0.9546875 0.3527777777777778 0.084375 0.10208333333333333
1 0.30572916666666666 0.11041666666666666 0.06302083333333333 0.050694444444444445
1 0.3104166666666667 0.08402777777777778 0.05364583333333333 0.04027777777777778
1 0.3125 0.06597222222222222 0.05572916666666667 0.043055555555555555
1 0.32447916666666665 0.03958333333333333 0.05520833333333333 0.035416666666666666
1 0.32864583333333336 0.027777777777777776 0.0515625 0.03263888888888889
1 0.09791666666666667 0.1076388888888889 0.07708333333333334 0.050694444444444445
1 0.11354166666666667 0.0875 0.06979166666666667 0.05
1 0.146875 0.07083333333333333 0.06770833333333333 0.052083333333333336
1 0.159375 0.0375 0.0484375 0.04027777777777778
1 0.16822916666666668 0.020833333333333332 0.058333333333333334 0.041666666666666664