1 0.46979166666666666 0.27847222222222223 0.016145833333333335 0.06041666666666667
1 0.5770833333333333 0.3215277777777778 0.0125 0.06041666666666667
1 0.540625 0.1423611111111111 0.013541666666666667 0.05486111111111111
1 0.5447916666666667 0.08125 0.013020833333333334 0.05277777777777778
1 0.5489583333333333 0.01875 0.0109375 0.03680555555555556
1 0.453125 0.4236111111111111 0.013541666666666667 0.05277777777777778
1 0.4479166666666667 0.5208333333333334 0.0125 0.03263888888888889
1 0.465625 0.5104166666666666 0.018229166666666668 0.058333333333333334
1 0.5270833333333333 0.5222222222222223 0.0140625 0.05347222222222222
1 0.5416666666666666 0.5694444444444444 0.015104166666666667 0.044444444444444446
1 0.22916666666666666 0.4215277777777778 0.03125 0.03263888888888889
1 0.27395833333333336 0.44583333333333336 0.0328125 0.03958333333333333
1 0.315625 0.4756944444444444 0.03125 0.034027777777777775
1 0.2869791666666667 0.4951388888888889 0.03125 0.03333333333333333
1 0.234375 0.46319444444444446 0.030729166666666665 0.03333333333333333
1 0.19270833333333334 0.4388888888888889 0.0328125 0.035416666666666666
1 0.14583333333333334 0.4152777777777778 0.034375 0.03611111111111111
1 0.08072916666666667 0.3770833333333333 0.03229166666666667 0.03611111111111111
1 0.12135416666666667 0.48125 0.028125 0.030555555555555555
1 0.016145833333333335 0.3423611111111111 0.03229166666666667 0.03333333333333333
2 0.2604166666666667 0.5430555555555555 0.07552083333333333 0.06041666666666667
1 0.3182291666666667 0.5993055555555555 0.03125 0.035416666666666666
1 0.35208333333333336 0.54375 0.0265625 0.035416666666666666
1 0.38697916666666665 0.6715277777777777 0.017708333333333333 0.05
1 0.40572916666666664 0.6326388888888889 0.019791666666666666 0.05555555555555555
1 0.459375 0.5958333333333333 0.0171875 0.06041666666666667
1 0.4348958333333333 0.6770833333333334 0.015625 0.05625
1 0.3796875 0.9666666666666667 0.019791666666666666 0.06319444444444444
1 0.3697916666666667 0.8847222222222222 0.015625 0.05625
1 0.39375 0.8284722222222223 0.0171875 0.06388888888888888
1 0.40989583333333335 0.8520833333333333 0.01875 0.05763888888888889
3 0.44114583333333335 0.9604166666666667 0.017708333333333333 0.04652777777777778
1 0.45 0.9041666666666667 0.019270833333333334 0.058333333333333334
2 0.4354166666666667 0.8263888888888888 0.022916666666666665 0.07708333333333334
1 0.5354166666666667 0.7993055555555556 0.01875 0.05347222222222222
1 0.5744791666666667 0.6826388888888889 0.029166666666666667 0.04652777777777778
1 0.7020833333333333 0.58125 0.03229166666666667 0.041666666666666664
1 0.8510416666666667 0.6381944444444444 0.033854166666666664 0.035416666666666666
1 0.85625 0.6736111111111112 0.029166666666666667 0.03263888888888889
1 0.7 0.6201388888888889 0.030729166666666665 0.035416666666666666
1 0.7385416666666667 0.6430555555555556 0.030208333333333334 0.034027777777777775
1 0.7770833333333333 0.6659722222222222 0.03177083333333333 0.035416666666666666
1 0.8229166666666666 0.6902777777777778 0.030729166666666665 0.034027777777777775
1 0.8630208333333333 0.7166666666666667 0.03229166666666667 0.03333333333333333
1 0.9041666666666667 0.7368055555555556 0.0328125 0.03611111111111111
1 0.9494791666666667 0.7597222222222222 0.03229166666666667 0.03819444444444445
1 0.9875 0.7791666666666667 0.025 0.03611111111111111
1 0.609375 0.14930555555555555 0.0125 0.05486111111111111
1 0.6489583333333333 0.1673611111111111 0.015104166666666667 0.050694444444444445
1 0.6510416666666666 0.10069444444444445 0.013020833333333334 0.05347222222222222
1 0.6552083333333333 0.008333333333333333 0.013541666666666667 0.016666666666666666
1 0.7203125 0.01597222222222222 0.03125 0.030555555555555555
1 0.7182291666666667 0.04513888888888889 0.03125 0.02847222222222222
1 0.7166666666666667 0.07569444444444444 0.030729166666666665 0.027083333333333334
1 0.715625 0.10138888888888889 0.025520833333333333 0.027083333333333334
1 0.7151041666666667 0.13125 0.025 0.027777777777777776
1 0.7145833333333333 0.16111111111111112 0.028645833333333332 0.03125
1 0.7114583333333333 0.19166666666666668 0.027604166666666666 0.024305555555555556
1 0.7104166666666667 0.21875 0.0296875 0.027777777777777776
1 0.7083333333333334 0.24861111111111112 0.03125 0.027083333333333334
1 0.7078125 0.27569444444444446 0.01875 0.022916666666666665
1 0.7041666666666667 0.30625 0.0265625 0.024305555555555556
1 0.7796875 0.0375 0.030208333333333334 0.03263888888888889
3 0.76875 0.09097222222222222 0.015104166666666667 0.04375
1 0.7401041666666667 0.31180555555555556 0.019791666666666666 0.05625
1 0.5911458333333334 0.9847222222222223 0.034375 0.030555555555555555
1 0.596875 0.95625 0.03229166666666667 0.03611111111111111
3 0.603125 0.9236111111111112 0.0265625 0.03263888888888889
1 0.6083333333333333 0.8881944444444444 0.030729166666666665 0.03263888888888889
1 0.6177083333333333 0.8604166666666667 0.033854166666666664 0.03611111111111111
1 0.6229166666666667 0.8270833333333333 0.03177083333333333 0.03819444444444445
1 0.6572916666666667 0.8243055555555555 0.021354166666666667 0.06458333333333334
1 0.7083333333333334 0.8493055555555555 0.034375 0.035416666666666666
1 0.703125 0.8784722222222222 0.03177083333333333 0.035416666666666666
1 0.7010416666666667 0.9118055555555555 0.033854166666666664 0.035416666666666666
1 0.6927083333333334 0.9423611111111111 0.030729166666666665 0.03819444444444445
1 0.6895833333333333 0.9777777777777777 0.027083333333333334 0.027777777777777776
1 0.6791666666666667 0.9916666666666667 0.029166666666666667 0.016666666666666666
1 0.8145833333333333 0.9034722222222222 0.029166666666666667 0.03680555555555556
1 0.7932291666666667 0.9236111111111112 0.03333333333333333 0.03958333333333333
1 0.7911458333333333 0.9541666666666667 0.028125 0.03263888888888889
1 0.78125 0.9805555555555555 0.030208333333333334 0.035416666666666666
1 0.9208333333333333 0.8868055555555555 0.034375 0.03819444444444445
1 0.8989583333333333 0.9305555555555556 0.030729166666666665 0.04097222222222222
1 0.9255208333333333 0.9486111111111111 0.019791666666666666 0.03263888888888889
1 0.8947916666666667 0.9625 0.034375 0.034027777777777775
1 0.89375 0.9875 0.034375 0.025