1 0.43333333333333335 0.9631944444444445 0.058333333333333334 0.07291666666666667
1 0.44583333333333336 0.7423611111111111 0.04479166666666667 0.13055555555555556
1 0.3697916666666667 0.7611111111111111 0.0515625 0.13958333333333334
1 0.39479166666666665 0.6138888888888889 0.042708333333333334 0.10069444444444445
1 0.4583333333333333 0.6152777777777778 0.043229166666666666 0.1111111111111111
1 0.46927083333333336 0.5256944444444445 0.035416666666666666 0.08611111111111111
1 0.4036458333333333 0.5131944444444444 0.03802083333333333 0.0798611111111111
1 0.4708333333333333 0.4534722222222222 0.03333333333333333 0.07569444444444444
1 0.4744791666666667 0.3902777777777778 0.028125 0.059027777777777776
1 0.3536458333333333 0.4152777777777778 0.06197916666666667 0.050694444444444445
3 0.3619791666666667 0.3819444444444444 0.05416666666666667 0.052083333333333336
1 0.4510416666666667 0.19375 0.015625 0.03125
1 0.4875 0.16319444444444445 0.013020833333333334 0.02638888888888889
1 0.5072916666666667 0.16666666666666666 0.016145833333333335 0.027777777777777776
1 0.525 0.1625 0.017708333333333333 0.025
1 0.6744791666666666 0.5222222222222223 0.07291666666666667 0.06388888888888888
1 0.7755208333333333 0.7986111111111112 0.10364583333333334 0.13333333333333333
3 0.3046875 0.6166666666666667 0.06979166666666667 0.08263888888888889
1 0.5666666666666667 0.26319444444444445 0.019791666666666666 0.029861111111111113
1 0.5395833333333333 0.11736111111111111 0.013020833333333334 0.018055555555555554
1 0.540625 0.09722222222222222 0.0109375 0.014583333333333334
1 0.5375 0.08333333333333333 0.008854166666666666 0.014583333333333334
1 0.5166666666666667 0.06805555555555555 0.008854166666666666 0.013194444444444444
1 0.5125 0.07708333333333334 0.008854166666666666 0.01597222222222222
1 0.509375 0.06111111111111111 0.008854166666666666 0.014583333333333334
1 0.496875 0.05555555555555555 0.010416666666666666 0.014583333333333334
1 0.48541666666666666 0.09791666666666667 0.0109375 0.018055555555555554
1 0.48333333333333334 0.07777777777777778 0.010416666666666666 0.016666666666666666
1 0.5005208333333333 0.09236111111111112 0.0109375 0.016666666666666666
1 0.49635416666666665 0.06944444444444445 0.008854166666666666 0.018055555555555554
1 0.5145833333333333 0.09027777777777778 0.009375 0.018055555555555554
1 0.5119791666666667 0.052083333333333336 0.008854166666666666 0.010416666666666666