2 0.9619791666666667 0.17430555555555555 0.03802083333333333 0.029861111111111113
2 0.8854166666666666 0.15347222222222223 0.03177083333333333 0.03263888888888889
2 0.8380208333333333 0.1375 0.033854166666666664 0.03125
2 0.8208333333333333 0.1361111111111111 0.022916666666666665 0.02638888888888889
2 0.74375 0.14097222222222222 0.0375 0.02847222222222222
2 0.6203125 0.1375 0.019791666666666666 0.02847222222222222
2 0.6416666666666667 0.13958333333333334 0.019791666666666666 0.03125
2 0.6666666666666666 0.14652777777777778 0.041666666666666664 0.02847222222222222
2 0.6776041666666667 0.15902777777777777 0.018229166666666668 0.03263888888888889
2 0.6817708333333333 0.1763888888888889 0.0265625 0.034027777777777775
2 0.6979166666666666 0.16180555555555556 0.025520833333333333 0.03888888888888889
2 0.7244791666666667 0.1798611111111111 0.025520833333333333 0.035416666666666666
2 0.921875 0.2569444444444444 0.08697916666666666 0.059027777777777776
2 0.803125 0.2743055555555556 0.05520833333333333 0.05486111111111111
1 0.8583333333333333 0.28541666666666665 0.034375 0.035416666666666666
2 0.7958333333333333 0.32916666666666666 0.07916666666666666 0.0625
2 0.7213541666666666 0.3388888888888889 0.044270833333333336 0.08472222222222223
2 0.7442708333333333 0.2673611111111111 0.04791666666666667 0.05625
2 0.7166666666666667 0.26805555555555555 0.041666666666666664 0.05486111111111111
2 0.6901041666666666 0.22777777777777777 0.03177083333333333 0.05625
2 0.6651041666666667 0.3138888888888889 0.07291666666666667 0.06041666666666667
2 0.6265625 0.3375 0.05 0.08333333333333333
2 0.5854166666666667 0.33402777777777776 0.041666666666666664 0.08263888888888889
2 0.59375 0.2548611111111111 0.041666666666666664 0.0625
2 0.5557291666666667 0.25416666666666665 0.03958333333333333 0.05625
2 0.5239583333333333 0.25555555555555554 0.025520833333333333 0.04027777777777778
2 0.490625 0.25069444444444444 0.0265625 0.05486111111111111
2 0.525 0.2861111111111111 0.07083333333333333 0.06527777777777778
2 0.4947916666666667 0.3576388888888889 0.10885416666666667 0.10555555555555556
2 0.4828125 0.44930555555555557 0.12135416666666667 0.10069444444444445
2 0.9052083333333333 0.4048611111111111 0.10416666666666667 0.07708333333333334
2 0.9822916666666667 0.36041666666666666 0.035416666666666666 0.08263888888888889
2 0.6869791666666667 0.5388888888888889 0.05520833333333333 0.16180555555555556
2 0.42604166666666665 0.5458333333333333 0.05364583333333333 0.13958333333333334
2 0.3854166666666667 0.3923611111111111 0.046875 0.09444444444444444
2 0.3026041666666667 0.3798611111111111 0.05364583333333333 0.10833333333333334
2 0.3692708333333333 0.24166666666666667 0.025520833333333333 0.05763888888888889
2 0.45677083333333335 0.24861111111111112 0.028125 0.05763888888888889
2 0.4317708333333333 0.21180555555555555 0.0375 0.0625
2 0.46510416666666665 0.14652777777777778 0.027083333333333334 0.041666666666666664
2 0.40260416666666665 0.1388888888888889 0.019791666666666666 0.03819444444444445
2 0.34739583333333335 0.09652777777777778 0.0140625 0.02847222222222222
2 0.3625 0.14722222222222223 0.04583333333333333 0.04027777777777778
2 0.26510416666666664 0.30972222222222223 0.049479166666666664 0.07291666666666667
2 0.253125 0.2701388888888889 0.07916666666666666 0.06388888888888888
2 0.29583333333333334 0.22847222222222222 0.03177083333333333 0.0625
2 0.228125 0.08541666666666667 0.019270833333333334 0.025
2 0.228125 0.1076388888888889 0.027083333333333334 0.029861111111111113
2 0.20729166666666668 0.12430555555555556 0.020833333333333332 0.02638888888888889
2 0.18333333333333332 0.12569444444444444 0.025 0.03888888888888889
2 0.171875 0.10555555555555556 0.042708333333333334 0.03125
2 0.07916666666666666 0.18472222222222223 0.043229166666666666 0.043055555555555555
2 0.08125 0.20277777777777778 0.07291666666666667 0.041666666666666664
2 0.05260416666666667 0.23055555555555557 0.05520833333333333 0.059027777777777776
2 0.0890625 0.23402777777777778 0.05572916666666667 0.06041666666666667
2 0.1234375 0.2375 0.0484375 0.050694444444444445
2 0.17083333333333334 0.2520833333333333 0.075 0.05486111111111111
2 0.030729166666666665 0.32569444444444445 0.0609375 0.07291666666666667
2 0.0640625 0.29097222222222224 0.05 0.07430555555555556
2 0.11614583333333334 0.30972222222222223 0.07083333333333333 0.08611111111111111
2 0.16927083333333334 0.34375 0.11197916666666667 0.07847222222222222