1 0.284375 0.375 0.03333333333333333 0.022222222222222223
1 0.334375 0.41180555555555554 0.033854166666666664 0.029861111111111113
1 0.321875 0.37569444444444444 0.023958333333333335 0.027083333333333334
1 0.38177083333333334 0.6458333333333334 0.027083333333333334 0.058333333333333334
1 0.2375 0.3715277777777778 0.03333333333333333 0.019444444444444445
1 0.26666666666666666 0.3645833333333333 0.019791666666666666 0.016666666666666666
1 0.540625 0.32222222222222224 0.0109375 0.016666666666666666
3 0.6203125 0.9840277777777777 0.04375 0.03125
1 0.49114583333333334 0.6465277777777778 0.025 0.04791666666666667
1 0.5020833333333333 0.5826388888888889 0.024479166666666666 0.04652777777777778
1 0.5994791666666667 0.34444444444444444 0.0125 0.01875
1 0.58125 0.34375 0.0125 0.01875
1 0.48020833333333335 0.46041666666666664 0.0171875 0.029861111111111113