1 0.28125 0.4840277777777778 0.08020833333333334 0.06388888888888888
1 0.3328125 0.69375 0.050520833333333334 0.12430555555555556
1 0.49114583333333334 0.7659722222222223 0.053125 0.13333333333333333
1 0.571875 0.7916666666666666 0.05677083333333333 0.12916666666666668
1 0.4744791666666667 0.3368055555555556 0.0234375 0.043055555555555555
1 0.47760416666666666 0.2673611111111111 0.022916666666666665 0.03263888888888889
1 0.11979166666666667 0.38819444444444445 0.05 0.052083333333333336
1 0.37395833333333334 0.34375 0.025520833333333333 0.04722222222222222
1 0.415625 0.3375 0.025 0.05
1 0.6239583333333333 0.3055555555555556 0.024479166666666666 0.03819444444444445
1 0.5088541666666667 0.19444444444444445 0.013020833333333334 0.027777777777777776
1 0.4166666666666667 0.18611111111111112 0.011979166666666667 0.025
1 0.4328125 0.19652777777777777 0.0140625 0.035416666666666666
1 0.43072916666666666 0.2361111111111111 0.020833333333333332 0.029861111111111113
1 0.4317708333333333 0.2611111111111111 0.016145833333333335 0.03125
1 0.4265625 0.29583333333333334 0.0234375 0.03819444444444445
1 0.38385416666666666 0.30625 0.025 0.03819444444444445
1 0.3953125 0.27569444444444446 0.021354166666666667 0.03888888888888889
1 0.3880208333333333 0.20416666666666666 0.019791666666666666 0.03680555555555556
1 0.396875 0.19027777777777777 0.011979166666666667 0.027777777777777776
1 0.4010416666666667 0.16319444444444445 0.0140625 0.03125
1 0.40677083333333336 0.1361111111111111 0.015625 0.02638888888888889
1 0.4109375 0.11736111111111111 0.013020833333333334 0.02361111111111111
1 0.25833333333333336 0.3263888888888889 0.028645833333333332 0.050694444444444445
1 0.2828125 0.26666666666666666 0.018229166666666668 0.034027777777777775
0 0.44166666666666665 0.13680555555555557 0.021875 0.04861111111111111
1 0.5916666666666667 0.2263888888888889 0.020833333333333332 0.03888888888888889
1 0.7083333333333334 0.35 0.05520833333333333 0.04027777777777778
1 0.9666666666666667 0.46041666666666664 0.058333333333333334 0.04722222222222222
1 0.9041666666666667 0.9472222222222222 0.09635416666666667 0.10555555555555556
1 0.5072916666666667 0.14791666666666667 0.011979166666666667 0.020833333333333332
3 0.1890625 0.35347222222222224 0.05572916666666667 0.05625
1 0.20677083333333332 0.3236111111111111 0.05364583333333333 0.05625
1 0.32447916666666665 0.19305555555555556 0.017708333333333333 0.025
1 0.5192708333333333 0.23194444444444445 0.019270833333333334 0.03263888888888889
1 0.41822916666666665 0.09375 0.008333333333333333 0.014583333333333334
1 0.42291666666666666 0.08333333333333333 0.0109375 0.01597222222222222
1 0.4244791666666667 0.07708333333333334 0.009375 0.020833333333333332
1 0.5333333333333333 0.08055555555555556 0.010416666666666666 0.016666666666666666
1 0.30104166666666665 0.17430555555555555 0.015625 0.027777777777777776
1 0.3375 0.12777777777777777 0.033854166666666664 0.025
1 0.3338541666666667 0.17916666666666667 0.020833333333333332 0.02847222222222222
1 0.34270833333333334 0.1625 0.014583333333333334 0.027777777777777776
1 0.35052083333333334 0.15555555555555556 0.019270833333333334 0.02361111111111111
1 0.453125 0.049305555555555554 0.0067708333333333336 0.011805555555555555
1 0.4505208333333333 0.03888888888888889 0.005208333333333333 0.013194444444444444
1 0.4546875 0.034722222222222224 0.008333333333333333 0.011805555555555555
1 0.4421875 0.11319444444444444 0.0125 0.025