2 0.1625 0.8145833333333333 0.3223958333333333 0.3701388888888889
3 0.4010416666666667 0.6618055555555555 0.075 0.11458333333333333
1 0.8817708333333333 0.9263888888888889 0.23645833333333333 0.13333333333333333
1 0.5854166666666667 0.7909722222222222 0.1078125 0.16041666666666668
1 0.5427083333333333 0.6951388888888889 0.059375 0.09097222222222222
1 0.546875 0.65 0.050520833333333334 0.059027777777777776
1 0.55625 0.6256944444444444 0.03802083333333333 0.05625
1 0.6046875 0.6305555555555555 0.041666666666666664 0.059027777777777776
1 0.5921875 0.5798611111111112 0.026041666666666668 0.04236111111111111
1 0.5833333333333334 0.5701388888888889 0.0171875 0.019444444444444445
1 0.5541666666666667 0.5986111111111111 0.03177083333333333 0.02847222222222222
1 0.5536458333333333 0.5895833333333333 0.022916666666666665 0.025694444444444443
1 0.5583333333333333 0.5840277777777778 0.022395833333333334 0.027083333333333334
1 0.5583333333333333 0.5743055555555555 0.021354166666666667 0.022222222222222223
1 0.5661458333333333 0.5590277777777778 0.03229166666666667 0.024305555555555556
3 0.5682291666666667 0.5493055555555556 0.025 0.021527777777777778
1 0.6572916666666667 0.5548611111111111 0.021875 0.017361111111111112
1 0.6526041666666667 0.7388888888888889 0.028125 0.09791666666666667
1 0.7739583333333333 0.7743055555555556 0.11614583333333334 0.1423611111111111
1 0.7520833333333333 0.6743055555555556 0.0859375 0.07569444444444444
1 0.8770833333333333 0.7006944444444444 0.14739583333333334 0.09236111111111112
1 0.875 0.6770833333333334 0.11666666666666667 0.08333333333333333
1 0.9838541666666667 0.6986111111111111 0.03229166666666667 0.06388888888888888
1 0.975 0.6826388888888889 0.05 0.05486111111111111
1 0.98125 0.6465277777777778 0.03697916666666667 0.03888888888888889
3 0.9645833333333333 0.6256944444444444 0.07083333333333333 0.05625
1 0.9395833333333333 0.63125 0.058854166666666666 0.03888888888888889
1 0.915625 0.6215277777777778 0.059895833333333336 0.052083333333333336
1 0.8942708333333333 0.61875 0.059375 0.04513888888888889
1 0.875 0.6125 0.06145833333333333 0.03611111111111111
1 0.8640625 0.6111111111111112 0.051041666666666666 0.03888888888888889
1 0.840625 0.6034722222222222 0.0390625 0.034027777777777775
1 0.825 0.5993055555555555 0.042708333333333334 0.027083333333333334
3 0.81875 0.5840277777777778 0.04114583333333333 0.030555555555555555
1 0.8677083333333333 0.5756944444444444 0.03802083333333333 0.025694444444444443
1 0.878125 0.5756944444444444 0.044270833333333336 0.02847222222222222
1 0.9083333333333333 0.5944444444444444 0.051041666666666666 0.03333333333333333
1 0.94375 0.6041666666666666 0.052083333333333336 0.03611111111111111
3 0.9734375 0.6256944444444444 0.053125 0.05347222222222222