1 0.21302083333333333 0.03194444444444444 0.025520833333333333 0.029861111111111113
1 0.17447916666666666 0.09513888888888888 0.028125 0.03888888888888889
1 0.3125 0.2833333333333333 0.044270833333333336 0.06111111111111111
1 0.17083333333333334 0.18333333333333332 0.05572916666666667 0.044444444444444446
1 0.14427083333333332 0.13958333333333334 0.04635416666666667 0.05763888888888889
1 0.4661458333333333 0.26944444444444443 0.044270833333333336 0.04722222222222222
1 0.41041666666666665 0.21875 0.04479166666666667 0.04027777777777778
1 0.4244791666666667 0.16111111111111112 0.049479166666666664 0.041666666666666664
1 0.4083333333333333 0.15138888888888888 0.04479166666666667 0.03680555555555556
1 0.5786458333333333 0.32013888888888886 0.06197916666666667 0.08125
1 0.7619791666666667 0.5569444444444445 0.0875 0.10694444444444444
1 0.671875 0.4583333333333333 0.075 0.09305555555555556
1 0.9520833333333333 0.8583333333333333 0.09583333333333334 0.12708333333333333
1 0.6645833333333333 0.8222222222222222 0.1109375 0.18541666666666667
1 0.5916666666666667 0.9277777777777778 0.12447916666666667 0.14375
1 0.353125 0.5354166666666667 0.06822916666666666 0.10833333333333334
1 0.2953125 0.43819444444444444 0.0625 0.08888888888888889
1 0.27708333333333335 0.3590277777777778 0.0515625 0.07430555555555556