2 0.08333333333333333 0.6458333333333334 0.08020833333333334 0.1597222222222222
1 0.3494791666666667 0.5944444444444444 0.05416666666666667 0.15694444444444444
1 0.09479166666666666 0.2791666666666667 0.06458333333333334 0.04861111111111111
3 0.12395833333333334 0.2388888888888889 0.08020833333333334 0.06041666666666667
3 0.17239583333333333 0.15625 0.05677083333333333 0.050694444444444445
1 0.18541666666666667 0.14097222222222222 0.05364583333333333 0.03680555555555556
1 0.19479166666666667 0.12152777777777778 0.06197916666666667 0.03888888888888889
3 0.203125 0.10069444444444445 0.0640625 0.03680555555555556
1 0.21302083333333333 0.0875 0.053125 0.03125
1 0.22916666666666666 0.07013888888888889 0.05520833333333333 0.043055555555555555
3 0.175 0.017361111111111112 0.041666666666666664 0.034722222222222224
1 0.253125 0.018055555555555554 0.04114583333333333 0.03125
1 0.290625 0.034722222222222224 0.04635416666666667 0.029861111111111113
1 0.28177083333333336 0.16111111111111112 0.034375 0.05625
1 0.353125 0.4270833333333333 0.04479166666666667 0.09027777777777778
3 0.465625 0.4388888888888889 0.03697916666666667 0.11875
3 0.6557291666666667 0.7180555555555556 0.05416666666666667 0.13472222222222222
3 0.5807291666666666 0.26666666666666666 0.03697916666666667 0.07083333333333333
1 0.5265625 0.17291666666666666 0.0265625 0.04583333333333333
1 0.471875 0.11736111111111111 0.028125 0.05763888888888889
1 0.428125 0.12569444444444444 0.025 0.0625
2 0.61875 0.23125 0.041666666666666664 0.08611111111111111
3 0.9411458333333333 0.4756944444444444 0.08541666666666667 0.07847222222222222
1 0.9666666666666667 0.43194444444444446 0.06614583333333333 0.06388888888888888
2 0.8958333333333334 0.29791666666666666 0.0859375 0.08888888888888889
2 0.66875 0.08888888888888889 0.028645833333333332 0.052083333333333336
1 0.54375 0.07847222222222222 0.019791666666666666 0.034027777777777775
1 0.5083333333333333 0.02847222222222222 0.019791666666666666 0.034027777777777775
1 0.9760416666666667 0.6493055555555556 0.04791666666666667 0.0798611111111111