1 0.96875 0.8791666666666667 0.0625 0.20555555555555555
1 0.9119791666666667 0.875 0.11770833333333333 0.23680555555555555
1 0.8177083333333334 0.8493055555555555 0.096875 0.21319444444444444
1 0.6880208333333333 0.8388888888888889 0.10208333333333333 0.19583333333333333
1 0.603125 0.8319444444444445 0.08072916666666667 0.21805555555555556
1 0.5875 0.4534722222222222 0.058854166666666666 0.08611111111111111
1 0.5276041666666667 0.45694444444444443 0.043229166666666666 0.08472222222222223
1 0.4666666666666667 0.45625 0.043229166666666666 0.08125
1 0.4119791666666667 0.4409722222222222 0.043229166666666666 0.0875
1 0.49583333333333335 0.8465277777777778 0.06979166666666667 0.21319444444444444
1 0.4010416666666667 0.8152777777777778 0.09635416666666667 0.19722222222222222
1 0.2947916666666667 0.8319444444444445 0.11614583333333334 0.21597222222222223
1 0.36302083333333335 0.4465277777777778 0.044270833333333336 0.09305555555555556
1 0.31614583333333335 0.44583333333333336 0.053125 0.08888888888888889
1 0.24947916666666667 0.44375 0.05520833333333333 0.09027777777777778
1 0.18333333333333332 0.43680555555555556 0.0625 0.09444444444444444
1 0.09427083333333333 0.44375 0.071875 0.09791666666666667
1 0.033854166666666664 0.44930555555555557 0.06770833333333333 0.11388888888888889