1 0.1234375 0.9104166666666667 0.03229166666666667 0.043055555555555555
1 0.21354166666666666 0.9340277777777778 0.021354166666666667 0.043055555555555555
3 0.2989583333333333 0.9902777777777778 0.0375 0.019444444444444445
1 0.3796875 0.8611111111111112 0.0359375 0.025
1 0.384375 0.8388888888888889 0.024479166666666666 0.02638888888888889
2 0.39114583333333336 0.8145833333333333 0.05 0.044444444444444446
1 0.4125 0.8 0.04114583333333333 0.02847222222222222
1 0.5223958333333333 0.8659722222222223 0.018229166666666668 0.043055555555555555
1 0.453125 0.7611111111111111 0.014583333333333334 0.029861111111111113
1 0.4192708333333333 0.7611111111111111 0.0375 0.025
3 0.7630208333333334 0.9791666666666666 0.05416666666666667 0.041666666666666664
3 0.6182291666666667 0.8756944444444444 0.0375 0.034027777777777775
3 0.6140625 0.8569444444444444 0.035416666666666666 0.029861111111111113
1 0.6104166666666667 0.8430555555555556 0.0375 0.02847222222222222
1 0.6005208333333333 0.8131944444444444 0.040625 0.02847222222222222
3 0.5640625 0.7541666666666667 0.017708333333333333 0.041666666666666664
1 0.5916666666666667 0.725 0.030729166666666665 0.027777777777777776
1 0.5317708333333333 0.6659722222222222 0.0125 0.022222222222222223
1 0.5432291666666667 0.5965277777777778 0.0109375 0.016666666666666666
1 0.5166666666666667 0.6104166666666667 0.0109375 0.020833333333333332
1 0.5598958333333334 0.5847222222222223 0.0109375 0.016666666666666666
1 0.5671875 0.56875 0.009375 0.01597222222222222
3 0.559375 0.5527777777777778 0.010416666666666666 0.018055555555555554
1 0.490625 0.6395833333333333 0.013020833333333334 0.019444444444444445
1 0.47291666666666665 0.6277777777777778 0.019791666666666666 0.020833333333333332
1 0.45416666666666666 0.6520833333333333 0.028125 0.02361111111111111
1 0.4765625 0.5979166666666667 0.0234375 0.014583333333333334
1 0.490625 0.5798611111111112 0.008854166666666666 0.019444444444444445
1 0.4942708333333333 0.5638888888888889 0.008854166666666666 0.014583333333333334
1 0.521875 0.5451388888888888 0.008333333333333333 0.01597222222222222
1 0.5442708333333334 0.5180555555555556 0.007291666666666667 0.014583333333333334
1 0.48541666666666666 0.55 0.020833333333333332 0.01597222222222222
1 0.49270833333333336 0.5451388888888888 0.019270833333333334 0.013194444444444444
1 0.4890625 0.5368055555555555 0.017708333333333333 0.009027777777777777
1 0.48802083333333335 0.5305555555555556 0.019270833333333334 0.010416666666666666
1 0.49166666666666664 0.5243055555555556 0.017708333333333333 0.013194444444444444
1 0.49947916666666664 0.5215277777777778 0.013020833333333334 0.010416666666666666
1 0.503125 0.5166666666666667 0.017708333333333333 0.013194444444444444
1 0.5036458333333333 0.5111111111111111 0.011979166666666667 0.007638888888888889
1 0.4979166666666667 0.5013888888888889 0.015625 0.011805555555555555
1 0.5140625 0.48680555555555555 0.007291666666666667 0.014583333333333334
1 0.534375 0.4965277777777778 0.0067708333333333336 0.013194444444444444
1 0.5317708333333333 0.4673611111111111 0.0067708333333333336 0.011805555555555555
3 0.5682291666666667 0.45416666666666666 0.005208333333333333 0.009027777777777777
1 0.5567708333333333 0.4618055555555556 0.005729166666666666 0.011805555555555555
1 0.5677083333333334 0.4701388888888889 0.007291666666666667 0.011805555555555555
3 0.565625 0.48125 0.005729166666666666 0.010416666666666666
1 0.5661458333333333 0.49027777777777776 0.016145833333333335 0.013194444444444444
1 0.5640625 0.49583333333333335 0.016145833333333335 0.011805555555555555
1 0.5645833333333333 0.5055555555555555 0.013020833333333334 0.011805555555555555
1 0.5822916666666667 0.4798611111111111 0.014583333333333334 0.010416666666666666
1 0.5864583333333333 0.4736111111111111 0.015625 0.009027777777777777
1 0.590625 0.60625 0.020833333333333332 0.01597222222222222
1 0.8177083333333334 0.49722222222222223 0.016145833333333335 0.011805555555555555