1 0.603125 0.7534722222222222 0.075 0.12708333333333333
1 0.5255208333333333 0.9069444444444444 0.09322916666666667 0.17777777777777778
3 0.6755208333333333 0.5618055555555556 0.04114583333333333 0.09444444444444444
1 0.3223958333333333 0.7548611111111111 0.090625 0.10555555555555556
1 0.4328125 0.5402777777777777 0.06666666666666667 0.06111111111111111
1 0.15520833333333334 0.6368055555555555 0.08697916666666666 0.07847222222222222
1 0.13958333333333334 0.7291666666666666 0.0875 0.09652777777777778
1 0.296875 0.9652777777777778 0.06979166666666667 0.06944444444444445
1 0.34322916666666664 0.4305555555555556 0.049479166666666664 0.043055555555555555
1 0.37083333333333335 0.4173611111111111 0.044270833333333336 0.04027777777777778
3 0.3854166666666667 0.36666666666666664 0.0359375 0.04583333333333333
3 0.20052083333333334 0.49722222222222223 0.06458333333333334 0.06388888888888888
1 0.7916666666666666 0.5340277777777778 0.03958333333333333 0.06944444444444445
1 0.9510416666666667 0.5347222222222222 0.043229166666666666 0.05763888888888889
1 0.7588541666666667 0.3854166666666667 0.025 0.03680555555555556
1 0.7317708333333334 0.36041666666666666 0.024479166666666666 0.03263888888888889
1 0.7557291666666667 0.3229166666666667 0.018229166666666668 0.03125
1 0.8208333333333333 0.3597222222222222 0.020833333333333332 0.03125
1 0.840625 0.3423611111111111 0.020833333333333332 0.03125
3 0.8354166666666667 0.30972222222222223 0.017708333333333333 0.034027777777777775
1 0.8265625 0.29444444444444445 0.014583333333333334 0.020833333333333332
1 0.8291666666666667 0.275 0.013020833333333334 0.019444444444444445
3 0.8630208333333333 0.26180555555555557 0.020833333333333332 0.025
3 0.8333333333333334 0.25 0.011979166666666667 0.020833333333333332
1 0.8203125 0.22777777777777777 0.009375 0.014583333333333334
1 0.8442708333333333 0.22777777777777777 0.009375 0.013194444444444444
1 0.825 0.20416666666666666 0.008854166666666666 0.013194444444444444
1 0.8677083333333333 0.2152777777777778 0.008854166666666666 0.014583333333333334
1 0.8401041666666667 0.21805555555555556 0.008333333333333333 0.013194444444444444
1 0.8447916666666667 0.2111111111111111 0.008854166666666666 0.011805555555555555
1 0.8630208333333333 0.20694444444444443 0.008854166666666666 0.011805555555555555
1 0.8713541666666667 0.3229166666666667 0.017708333333333333 0.02638888888888889
1 0.609375 0.3034722222222222 0.028125 0.020833333333333332
1 0.9901041666666667 0.34375 0.019791666666666666 0.03125
3 0.9854166666666667 0.3263888888888889 0.019270833333333334 0.029861111111111113
1 0.9833333333333333 0.30972222222222223 0.017708333333333333 0.02847222222222222
3 0.9395833333333333 0.25763888888888886 0.018229166666666668 0.020833333333333332
3 0.9380208333333333 0.21666666666666667 0.010416666666666666 0.016666666666666666