3 0.4083333333333333 0.9013888888888889 0.0578125 0.1451388888888889
3 0.46979166666666666 0.8708333333333333 0.05572916666666667 0.14166666666666666
1 0.4739583333333333 0.7131944444444445 0.05260416666666667 0.08333333333333333
1 0.553125 0.6409722222222223 0.0421875 0.07222222222222222
1 0.15 0.4444444444444444 0.0375 0.04791666666666667
1 0.17552083333333332 0.44375 0.035416666666666666 0.03888888888888889
1 0.2234375 0.42986111111111114 0.052083333333333336 0.044444444444444446
1 0.31927083333333334 0.43819444444444444 0.053125 0.035416666666666666
1 0.45625 0.6333333333333333 0.04791666666666667 0.07222222222222222
1 0.4479166666666667 0.5645833333333333 0.03802083333333333 0.06736111111111111
1 0.4005208333333333 0.4576388888888889 0.029166666666666667 0.03888888888888889
1 0.496875 0.5798611111111112 0.049479166666666664 0.06319444444444444
1 0.5395833333333333 0.5597222222222222 0.033854166666666664 0.06944444444444445
1 0.5411458333333333 0.49027777777777776 0.026041666666666668 0.041666666666666664
1 0.9208333333333333 0.7458333333333333 0.11145833333333334 0.09722222222222222
1 0.7875 0.6840277777777778 0.08489583333333334 0.08819444444444445
1 0.846875 0.6604166666666667 0.09010416666666667 0.06875
3 0.7208333333333333 0.6090277777777777 0.06822916666666666 0.06666666666666667
1 0.6161458333333333 0.5798611111111112 0.07604166666666666 0.05625
1 0.4822916666666667 0.5229166666666667 0.04791666666666667 0.07708333333333334
1 0.45260416666666664 0.48680555555555555 0.025 0.050694444444444445
1 0.43385416666666665 0.4527777777777778 0.019791666666666666 0.04097222222222222
1 0.5239583333333333 0.4270833333333333 0.023958333333333335 0.03680555555555556
1 0.3645833333333333 0.4131944444444444 0.03802083333333333 0.041666666666666664
1 0.396875 0.40208333333333335 0.024479166666666666 0.03263888888888889
1 0.4583333333333333 0.4173611111111111 0.021354166666666667 0.03333333333333333
1 0.434375 0.39375 0.020833333333333332 0.02847222222222222
1 0.41770833333333335 0.3729166666666667 0.019270833333333334 0.029861111111111113
1 0.4739583333333333 0.3798611111111111 0.01875 0.030555555555555555
1 0.4473958333333333 0.36875 0.017708333333333333 0.03333333333333333
1 0.4583333333333333 0.35347222222222224 0.016145833333333335 0.030555555555555555
1 0.5536458333333333 0.41041666666666665 0.021875 0.03125
2 0.5458333333333333 0.36736111111111114 0.020833333333333332 0.04652777777777778
1 0.49114583333333334 0.34305555555555556 0.01875 0.027083333333333334
1 0.5619791666666667 0.33402777777777776 0.015625 0.024305555555555556
1 0.565625 0.3125 0.016666666666666666 0.021527777777777778
1 0.475 0.3284722222222222 0.014583333333333334 0.022916666666666665
3 0.48802083333333335 0.3159722222222222 0.014583333333333334 0.025694444444444443
1 0.5104166666666666 0.32222222222222224 0.015104166666666667 0.025694444444444443
1 0.4984375 0.30833333333333335 0.011458333333333333 0.02013888888888889
1 0.509375 0.3020833333333333 0.011458333333333333 0.01875
2 0.5020833333333333 0.2916666666666667 0.022916666666666665 0.02013888888888889
3 0.5291666666666667 0.2951388888888889 0.0171875 0.027777777777777776
1 0.5197916666666667 0.2833333333333333 0.009895833333333333 0.016666666666666666
1 0.5364583333333334 0.2777777777777778 0.010416666666666666 0.013194444444444444
3 0.5385416666666667 0.2708333333333333 0.0109375 0.01597222222222222
1 0.5447916666666667 0.2659722222222222 0.008854166666666666 0.014583333333333334
1 0.5588541666666667 0.2590277777777778 0.009375 0.013888888888888888
2 0.5682291666666667 0.24513888888888888 0.013541666666666667 0.02013888888888889
1 0.584375 0.24791666666666667 0.0078125 0.013194444444444444
1 0.58125 0.24097222222222223 0.005729166666666666 0.014583333333333334
1 0.5989583333333334 0.23680555555555555 0.013020833333333334 0.013888888888888888
1 0.61875 0.24027777777777778 0.007291666666666667 0.011805555555555555
1 0.6244791666666667 0.23472222222222222 0.008333333333333333 0.011805555555555555
2 0.6114583333333333 0.2076388888888889 0.0140625 0.011805555555555555
1 0.6317708333333333 0.20625 0.00625 0.008333333333333333