1 0.6140625 0.9368055555555556 0.0515625 0.12152777777777778
1 0.5432291666666667 0.9326388888888889 0.04479166666666667 0.12430555555555556
1 0.5791666666666667 0.7576388888888889 0.041666666666666664 0.09791666666666667
1 0.5625 0.6680555555555555 0.058854166666666666 0.06527777777777778
1 0.5442708333333334 0.6013888888888889 0.041666666666666664 0.06527777777777778
1 0.46927083333333336 0.5944444444444444 0.03177083333333333 0.06388888888888888
3 0.32395833333333335 0.5979166666666667 0.0375 0.08472222222222223
3 0.5276041666666667 0.4930555555555556 0.059375 0.07569444444444444
0 0.5223958333333333 0.44375 0.06979166666666667 0.08472222222222223
3 0.5171875 0.41944444444444445 0.034375 0.03680555555555556
1 0.4942708333333333 0.39861111111111114 0.020833333333333332 0.03888888888888889
1 0.5151041666666667 0.38125 0.041666666666666664 0.03819444444444445
1 0.4171875 0.40555555555555556 0.024479166666666666 0.050694444444444445
3 0.5078125 0.33194444444444443 0.03333333333333333 0.03125
1 0.5244791666666667 0.3173611111111111 0.03802083333333333 0.02847222222222222
1 0.5041666666666667 0.30694444444444446 0.03802083333333333 0.02638888888888889
1 0.5385416666666667 0.2826388888888889 0.019791666666666666 0.02361111111111111
1 0.5359375 0.27361111111111114 0.021875 0.022222222222222223
1 0.4984375 0.24722222222222223 0.016145833333333335 0.02361111111111111
3 0.365625 0.29305555555555557 0.040625 0.034027777777777775
1 0.36041666666666666 0.26180555555555557 0.021875 0.027777777777777776
1 0.3963541666666667 0.24097222222222223 0.014583333333333334 0.025
1 0.3848958333333333 0.1909722222222222 0.019791666666666666 0.018055555555555554
1 0.496875 0.20277777777777778 0.011979166666666667 0.018055555555555554
1 0.49583333333333335 0.19236111111111112 0.009375 0.01597222222222222
1 0.4864583333333333 0.18263888888888888 0.021354166666666667 0.016666666666666666
1 0.4890625 0.17152777777777778 0.019270833333333334 0.018055555555555554
1 0.4864583333333333 0.1597222222222222 0.008333333333333333 0.013194444444444444
1 0.4828125 0.1527777777777778 0.018229166666666668 0.018055555555555554
1 0.40989583333333335 0.17222222222222222 0.0125 0.018055555555555554
1 0.41302083333333334 0.16180555555555556 0.013020833333333334 0.01597222222222222
1 0.4192708333333333 0.15555555555555556 0.0140625 0.01597222222222222
1 0.4166666666666667 0.1451388888888889 0.011979166666666667 0.013194444444444444
2 0.40208333333333335 0.12986111111111112 0.0234375 0.025
1 0.5026041666666666 0.13680555555555557 0.009375 0.014583333333333334
1 0.4869791666666667 0.13958333333333334 0.011979166666666667 0.010416666666666666
1 0.4864583333333333 0.1361111111111111 0.008333333333333333 0.013194444444444444
1 0.4817708333333333 0.12986111111111112 0.009375 0.016666666666666666
1 0.4895833333333333 0.12222222222222222 0.014583333333333334 0.014583333333333334
1 0.48333333333333334 0.11944444444444445 0.009375 0.014583333333333334
2 0.42291666666666666 0.10625 0.0109375 0.025
1 0.4505208333333333 0.08958333333333333 0.009375 0.014583333333333334
1 0.4083333333333333 0.08541666666666667 0.0140625 0.011805555555555555