1 0.6213541666666667 0.8298611111111112 0.036458333333333336 0.034027777777777775
1 0.621875 0.78125 0.030208333333333334 0.04513888888888889
1 0.6322916666666667 0.7111111111111111 0.018229166666666668 0.06666666666666667
1 0.6322916666666667 0.6090277777777777 0.019270833333333334 0.059027777777777776
1 0.6161458333333333 0.5326388888888889 0.01875 0.05486111111111111
1 0.60625 0.375 0.014583333333333334 0.059027777777777776
1 0.6041666666666666 0.22569444444444445 0.015104166666666667 0.04722222222222222
1 0.6010416666666667 0.11597222222222223 0.016145833333333335 0.04652777777777778
1 0.5380208333333333 0.12569444444444444 0.013541666666666667 0.04722222222222222
1 0.5229166666666667 0.04375 0.028125 0.04722222222222222
1 0.5364583333333334 0.22569444444444445 0.013020833333333334 0.05347222222222222
1 0.528125 0.33125 0.014583333333333334 0.059027777777777776
1 0.525 0.4048611111111111 0.0171875 0.058333333333333334
1 0.528125 0.4798611111111111 0.014583333333333334 0.05763888888888889
1 0.5270833333333333 0.5729166666666666 0.016145833333333335 0.06111111111111111
1 0.5265625 0.6631944444444444 0.016666666666666666 0.06111111111111111
1 0.528125 0.7534722222222222 0.024479166666666666 0.06458333333333334
1 0.565625 0.8076388888888889 0.03854166666666667 0.05555555555555555
1 0.359375 0.7326388888888888 0.0140625 0.05277777777777778
1 0.4083333333333333 0.8916666666666667 0.016145833333333335 0.05347222222222222
1 0.32864583333333336 0.8277777777777777 0.014583333333333334 0.06319444444444444
1 0.32916666666666666 0.6034722222222222 0.015625 0.058333333333333334
1 0.3625 0.47291666666666665 0.0140625 0.058333333333333334
1 0.3625 0.38472222222222224 0.015104166666666667 0.050694444444444445
1 0.36875 0.29375 0.013020833333333334 0.05555555555555555
1 0.36875 0.21458333333333332 0.015104166666666667 0.05763888888888889
1 0.371875 0.13680555555555557 0.013541666666666667 0.052083333333333336
1 0.3875 0.05 0.021875 0.052083333333333336
1 0.27395833333333336 0.1909722222222222 0.016145833333333335 0.05555555555555555
1 0.2947916666666667 0.34652777777777777 0.015625 0.06180555555555556
1 0.2890625 0.4326388888888889 0.013541666666666667 0.05486111111111111
1 0.2875 0.5090277777777777 0.013020833333333334 0.059027777777777776
1 0.28541666666666665 0.5958333333333333 0.016145833333333335 0.06180555555555556
1 0.2859375 0.6729166666666667 0.025 0.05486111111111111
1 0.28541666666666665 0.7319444444444444 0.015625 0.06041666666666667
1 0.28489583333333335 0.8034722222222223 0.013541666666666667 0.06666666666666667
1 0.3125 0.95625 0.0140625 0.06041666666666667
1 0.278125 0.9840277777777777 0.015104166666666667 0.03125
1 0.23020833333333332 0.9472222222222222 0.017708333333333333 0.07569444444444444
1 0.28125 0.90625 0.015625 0.06666666666666667
1 0.184375 0.775 0.0171875 0.06458333333333334
1 0.190625 0.6979166666666666 0.0203125 0.06319444444444444
1 0.19635416666666666 0.6277777777777778 0.014583333333333334 0.06111111111111111
1 0.2520833333333333 0.46597222222222223 0.0171875 0.05625
1 0.22552083333333334 0.4409722222222222 0.019791666666666666 0.05555555555555555
1 0.21875 0.38125 0.015104166666666667 0.04652777777777778
1 0.221875 0.32013888888888886 0.016145833333333335 0.052083333333333336
1 0.22708333333333333 0.2590277777777778 0.014583333333333334 0.06111111111111111
1 0.23125 0.20277777777777778 0.016145833333333335 0.059027777777777776
1 0.23489583333333333 0.14444444444444443 0.014583333333333334 0.052083333333333336
1 0.23854166666666668 0.08958333333333333 0.015104166666666667 0.04375
1 0.24375 0.041666666666666664 0.014583333333333334 0.052083333333333336
1 0.18229166666666666 0.5118055555555555 0.028125 0.035416666666666666
1 0.11145833333333334 0.4979166666666667 0.0328125 0.04652777777777778
1 0.103125 0.40625 0.0140625 0.04513888888888889
1 0.10729166666666666 0.3347222222222222 0.016145833333333335 0.05486111111111111
1 0.11770833333333333 0.2423611111111111 0.0171875 0.05347222222222222
1 0.12604166666666666 0.15902777777777777 0.01875 0.05347222222222222
1 0.13697916666666668 0.09513888888888888 0.014583333333333334 0.049305555555555554
1 0.0640625 0.029166666666666667 0.027083333333333334 0.050694444444444445
1 0.05416666666666667 0.12569444444444444 0.023958333333333335 0.05
1 0.04739583333333333 0.19305555555555556 0.028125 0.05486111111111111
1 0.035416666666666666 0.26875 0.024479166666666666 0.04652777777777778
1 0.028125 0.3104166666666667 0.020833333333333332 0.05486111111111111
1 0.019791666666666666 0.3736111111111111 0.0203125 0.04513888888888889
1 0.059895833333333336 0.46111111111111114 0.035416666666666666 0.029861111111111113
1 0.057291666666666664 0.5222222222222223 0.03229166666666667 0.027777777777777776
1 0.05520833333333333 0.5645833333333333 0.03802083333333333 0.025694444444444443
1 0.0546875 0.5993055555555555 0.0375 0.025
1 0.04791666666666667 0.6291666666666667 0.03333333333333333 0.022916666666666665
1 0.042708333333333334 0.6590277777777778 0.0375 0.027083333333333334
1 0.041666666666666664 0.6847222222222222 0.04010416666666667 0.022916666666666665
1 0.0390625 0.7256944444444444 0.036458333333333336 0.02847222222222222
1 0.12708333333333333 0.7006944444444444 0.03958333333333333 0.03125
1 0.13541666666666666 0.6368055555555555 0.033854166666666664 0.027083333333333334
1 0.14166666666666666 0.5986111111111111 0.030729166666666665 0.027083333333333334
1 0.140625 0.5673611111111111 0.0359375 0.025694444444444443
1 0.13072916666666667 0.7430555555555556 0.034375 0.02847222222222222
1 0.12916666666666668 0.7791666666666667 0.03229166666666667 0.025
1 0.1203125 0.8284722222222223 0.035416666666666666 0.025694444444444443
1 0.11979166666666667 0.8645833333333334 0.0359375 0.02847222222222222
1 0.11979166666666667 0.9013888888888889 0.040625 0.03263888888888889
1 0.11510416666666666 0.9368055555555556 0.040625 0.03125
1 0.10729166666666666 0.9840277777777777 0.03854166666666667 0.03125
1 0.05625 0.8416666666666667 0.018229166666666668 0.05763888888888889
1 0.036458333333333336 0.7590277777777777 0.03802083333333333 0.029861111111111113
1 0.029166666666666667 0.8013888888888889 0.04010416666666667 0.02847222222222222
1 0.026041666666666668 0.8395833333333333 0.0359375 0.025
1 0.022916666666666665 0.5701388888888889 0.0171875 0.05486111111111111
1 0.0109375 0.65 0.019791666666666666 0.05555555555555555
1 0.07135416666666666 0.41875 0.03958333333333333 0.02847222222222222
1 0.018229166666666668 0.8895833333333333 0.035416666666666666 0.02847222222222222
1 0.016666666666666666 0.9305555555555556 0.0328125 0.03333333333333333
1 0.014583333333333334 0.9666666666666667 0.028645833333333332 0.027777777777777776
1 0.07395833333333333 0.38819444444444445 0.034375 0.027083333333333334
1 0.07916666666666666 0.35625 0.03177083333333333 0.022916666666666665
1 0.08229166666666667 0.32916666666666666 0.0328125 0.027083333333333334
1 0.08645833333333333 0.2951388888888889 0.035416666666666666 0.027083333333333334
1 0.09010416666666667 0.2673611111111111 0.034375 0.027777777777777776
1 0.09166666666666666 0.24166666666666667 0.034895833333333334 0.029861111111111113
1 0.0921875 0.21458333333333332 0.03229166666666667 0.027777777777777776
1 0.09375 0.1875 0.03125 0.021527777777777778
1 0.09791666666666667 0.16458333333333333 0.03125 0.027777777777777776
1 0.10572916666666667 0.13680555555555557 0.03125 0.02847222222222222
1 0.10520833333333333 0.1076388888888889 0.03697916666666667 0.027777777777777776
1 0.10833333333333334 0.0798611111111111 0.0328125 0.03263888888888889
1 0.1125 0.05277777777777778 0.030729166666666665 0.029861111111111113
1 0.11354166666666667 0.029166666666666667 0.030729166666666665 0.027083333333333334
1 0.14322916666666666 0.020833333333333332 0.013541666666666667 0.041666666666666664
1 0.007291666666666667 0.71875 0.014583333333333334 0.058333333333333334
1 0.1953125 0.009722222222222222 0.027083333333333334 0.017361111111111112
1 0.19479166666666667 0.034027777777777775 0.026041666666666668 0.019444444444444445
1 0.19270833333333334 0.05694444444444444 0.028645833333333332 0.027083333333333334
1 0.18854166666666666 0.08680555555555555 0.029166666666666667 0.022916666666666665
1 0.18958333333333333 0.11041666666666666 0.023958333333333335 0.025694444444444443
1 0.184375 0.13958333333333334 0.028125 0.022916666666666665
1 0.18177083333333333 0.16597222222222222 0.03125 0.025694444444444443
1 0.18072916666666666 0.1951388888888889 0.028125 0.021527777777777778
1 0.17916666666666667 0.21805555555555556 0.027083333333333334 0.021527777777777778
3 0.17708333333333334 0.2465277777777778 0.026041666666666668 0.022916666666666665
1 0.17552083333333332 0.2791666666666667 0.027083333333333334 0.021527777777777778
1 0.17083333333333334 0.3076388888888889 0.033854166666666664 0.025694444444444443
1 0.171875 0.33402777777777776 0.03177083333333333 0.022222222222222223
1 0.16666666666666666 0.3590277777777778 0.028645833333333332 0.021527777777777778
1 0.6010416666666667 0.05277777777777778 0.0140625 0.03125
1 0.4354166666666667 0.011111111111111112 0.029166666666666667 0.022222222222222223