1 0.5692708333333333 0.8972222222222223 0.046875 0.15
1 0.646875 0.9034722222222222 0.05625 0.14791666666666667
1 0.5703125 0.7381944444444445 0.042708333333333334 0.11666666666666667
1 0.4557291666666667 0.49236111111111114 0.028125 0.06319444444444444
1 0.37447916666666664 0.5638888888888889 0.040625 0.08680555555555555
1 0.49895833333333334 0.5416666666666666 0.05 0.06875
1 0.190625 0.7194444444444444 0.07291666666666667 0.12777777777777777
1 0.1890625 0.5416666666666666 0.065625 0.10208333333333333
1 0.128125 0.4826388888888889 0.06875 0.05347222222222222
1 0.5276041666666667 0.41041666666666665 0.028125 0.05
1 0.46979166666666666 0.2972222222222222 0.01875 0.03125
1 0.4625 0.23125 0.014583333333333334 0.029861111111111113
1 0.43072916666666666 0.2701388888888889 0.017708333333333333 0.03333333333333333
1 0.421875 0.23541666666666666 0.014583333333333334 0.029861111111111113
1 0.3489583333333333 0.37777777777777777 0.03125 0.04791666666666667
1 0.3828125 0.3090277777777778 0.026041666666666668 0.044444444444444446
2 0.3703125 0.9097222222222222 0.06354166666666666 0.18055555555555555
3 0.4552083333333333 0.8270833333333333 0.035416666666666666 0.12777777777777777
3 0.5739583333333333 0.5965277777777778 0.03333333333333333 0.08541666666666667
1 0.6239583333333333 0.5326388888888889 0.0625 0.05763888888888889
1 0.6213541666666667 0.4965277777777778 0.057291666666666664 0.052083333333333336
1 0.6192708333333333 0.45625 0.057291666666666664 0.04236111111111111
1 0.6208333333333333 0.34791666666666665 0.041666666666666664 0.03680555555555556
1 0.5369791666666667 0.36736111111111114 0.026041666666666668 0.03888888888888889
1 0.5421875 0.2534722222222222 0.023958333333333335 0.029861111111111113
1 0.07135416666666666 0.7506944444444444 0.05520833333333333 0.12430555555555556
1 0.058854166666666666 0.9680555555555556 0.07604166666666666 0.06388888888888888
1 0.016666666666666666 0.9138888888888889 0.03333333333333333 0.10902777777777778
1 0.18229166666666666 0.3840277777777778 0.025 0.03888888888888889
2 0.29739583333333336 0.3951388888888889 0.057291666666666664 0.05
2 0.4890625 0.38333333333333336 0.026041666666666668 0.05555555555555555
0 0.5005208333333333 0.26666666666666666 0.026041666666666668 0.06666666666666667
1 0.43333333333333335 0.20208333333333334 0.014583333333333334 0.025694444444444443
1 0.490625 0.13333333333333333 0.010416666666666666 0.01875
3 0.40260416666666665 0.26666666666666666 0.017708333333333333 0.03333333333333333
3 0.3421875 0.31875 0.034375 0.03333333333333333
3 0.33177083333333335 0.34097222222222223 0.034375 0.03333333333333333
1 0.39427083333333335 0.22291666666666668 0.03229166666666667 0.027777777777777776
3 0.4041666666666667 0.21666666666666667 0.025 0.025694444444444443
3 0.4036458333333333 0.20069444444444445 0.030208333333333334 0.024305555555555556
1 0.40520833333333334 0.19375 0.03333333333333333 0.024305555555555556
3 0.55625 0.2298611111111111 0.014583333333333334 0.029861111111111113
3 0.5307291666666667 0.2361111111111111 0.015625 0.03125
1 0.5546875 0.16597222222222222 0.011458333333333333 0.02013888888888889
1 0.5427083333333333 0.15 0.010416666666666666 0.01875
1 0.5255208333333333 0.10555555555555556 0.007291666666666667 0.014583333333333334
1 0.48072916666666665 0.12013888888888889 0.009375 0.014583333333333334
1 0.4739583333333333 0.1111111111111111 0.010416666666666666 0.01875
2 0.634375 0.2388888888888889 0.03958333333333333 0.03680555555555556
1 0.6234375 0.2111111111111111 0.03229166666666667 0.029861111111111113
1 0.6161458333333333 0.19722222222222222 0.028125 0.02013888888888889
1 0.621875 0.2048611111111111 0.022916666666666665 0.016666666666666666
1 0.6786458333333333 0.19236111111111112 0.023958333333333335 0.01875
1 0.6583333333333333 0.16458333333333333 0.022916666666666665 0.01875
1 0.6817708333333333 0.15347222222222223 0.019791666666666666 0.014583333333333334
1 0.678125 0.14652777777777778 0.01875 0.014583333333333334
1 0.6026041666666667 0.15902777777777777 0.023958333333333335 0.01875
1 0.6020833333333333 0.1527777777777778 0.022916666666666665 0.016666666666666666
1 0.5958333333333333 0.1326388888888889 0.020833333333333332 0.016666666666666666
1 0.6026041666666667 0.14652777777777778 0.021875 0.014583333333333334
3 0.6604166666666667 0.13541666666666666 0.010416666666666666 0.01875
1 0.5963541666666666 0.11041666666666666 0.009375 0.016666666666666666
1 0.5046875 0.08402777777777778 0.007291666666666667 0.013194444444444444
1 0.5135416666666667 0.07708333333333334 0.00625 0.013194444444444444
3 0.5104166666666666 0.09166666666666666 0.00625 0.013194444444444444
1 0.365625 0.27152777777777776 0.03958333333333333 0.035416666666666666
3 0.36354166666666665 0.24513888888888888 0.035416666666666666 0.035416666666666666
1 0.3776041666666667 0.15347222222222223 0.023958333333333335 0.01875
3 0.42864583333333334 0.16875 0.021875 0.022222222222222223
3 0.42135416666666664 0.15902777777777777 0.023958333333333335 0.022222222222222223
3 0.4317708333333333 0.15069444444444444 0.023958333333333335 0.024305555555555556
3 0.4348958333333333 0.13402777777777777 0.017708333333333333 0.016666666666666666
1 0.4197916666666667 0.13055555555555556 0.010416666666666666 0.016666666666666666
1 0.4317708333333333 0.125 0.019791666666666666 0.013194444444444444
1 0.4348958333333333 0.11666666666666667 0.017708333333333333 0.011111111111111112
1 0.38385416666666666 0.14097222222222222 0.023958333333333335 0.014583333333333334
1 0.48802083333333335 0.07847222222222222 0.007291666666666667 0.013194444444444444
3 0.46458333333333335 0.12986111111111112 0.010416666666666666 0.022222222222222223
1 0.47760416666666666 0.10069444444444445 0.009375 0.013194444444444444
1 0.4817708333333333 0.09652777777777778 0.007291666666666667 0.014583333333333334
0 0.5880208333333333 0.1951388888888889 0.021875 0.07222222222222222
1 0.5520833333333334 0.21319444444444444 0.014583333333333334 0.01875
1 0.5572916666666666 0.19722222222222222 0.0125 0.024305555555555556
3 0.49166666666666664 0.07222222222222222 0.00625 0.01875