2 0.14895833333333333 0.3138888888888889 0.084375 0.07847222222222222
2 0.12552083333333333 0.30625 0.09166666666666666 0.0798611111111111
1 0.0484375 0.36944444444444446 0.06197916666666667 0.043055555555555555
1 0.5979166666666667 0.40555555555555556 0.0484375 0.04722222222222222
1 0.5875 0.35555555555555557 0.046875 0.03680555555555556
1 0.5354166666666667 0.3284722222222222 0.024479166666666666 0.035416666666666666
1 0.515625 0.27152777777777776 0.015625 0.025
1 0.471875 0.21319444444444444 0.021875 0.02361111111111111
1 0.39947916666666666 0.30069444444444443 0.030208333333333334 0.034027777777777775
2 0.47291666666666665 0.17708333333333334 0.016666666666666666 0.043055555555555555
2 0.5020833333333333 0.17569444444444443 0.0125 0.025
1 0.928125 0.31319444444444444 0.03229166666666667 0.029861111111111113
1 0.9541666666666667 0.3138888888888889 0.03177083333333333 0.02638888888888889
1 0.81875 0.35208333333333336 0.043229166666666666 0.04027777777777778
2 0.5973958333333333 0.23125 0.1375 0.0625
0 0.6307291666666667 0.1986111111111111 0.040625 0.034027777777777775
0 0.53125 0.15486111111111112 0.015625 0.03819444444444445
2 0.5760416666666667 0.11527777777777778 0.065625 0.02361111111111111
2 0.49947916666666664 0.11458333333333333 0.010416666666666666 0.019444444444444445
2 0.5369791666666667 0.11041666666666666 0.008854166666666666 0.019444444444444445
2 0.4473958333333333 0.11875 0.050520833333333334 0.020833333333333332
2 0.4171875 0.13333333333333333 0.07552083333333333 0.02361111111111111
1 0.4666666666666667 0.1361111111111111 0.013020833333333334 0.010416666666666666
3 0.15625 0.24861111111111112 0.018229166666666668 0.03125
3 0.178125 0.2326388888888889 0.03229166666666667 0.044444444444444446
1 0.25052083333333336 0.25625 0.03697916666666667 0.02361111111111111
3 0.25885416666666666 0.24166666666666667 0.03229166666666667 0.02361111111111111
3 0.2682291666666667 0.23125 0.0265625 0.02638888888888889
1 0.2760416666666667 0.19652777777777777 0.018229166666666668 0.019444444444444445
1 0.24583333333333332 0.20694444444444443 0.019270833333333334 0.022222222222222223
3 0.415625 0.16805555555555557 0.009375 0.019444444444444445
1 0.39010416666666664 0.16875 0.016666666666666666 0.013194444444444444
1 0.3729166666666667 0.1625 0.019270833333333334 0.014583333333333334
1 0.38645833333333335 0.15347222222222223 0.008333333333333333 0.011805555555555555
1 0.35572916666666665 0.15138888888888888 0.009375 0.013194444444444444
1 0.3645833333333333 0.15138888888888888 0.009375 0.013194444444444444