1 0.17708333333333334 0.7770833333333333 0.06770833333333333 0.13472222222222222
1 0.25104166666666666 0.5909722222222222 0.04791666666666667 0.08888888888888889
1 0.2046875 0.5833333333333334 0.050520833333333334 0.08472222222222223
1 0.27760416666666665 0.3861111111111111 0.030208333333333334 0.04861111111111111
1 0.23854166666666668 0.3715277777777778 0.028645833333333332 0.041666666666666664
1 0.959375 0.6090277777777777 0.078125 0.07291666666666667
1 0.5541666666666667 0.55 0.07291666666666667 0.0625
3 0.8276041666666667 0.5270833333333333 0.06666666666666667 0.06805555555555555
3 0.9869791666666666 0.2972222222222222 0.025520833333333333 0.03819444444444445
2 0.9369791666666667 0.3625 0.11666666666666667 0.08472222222222223
2 0.9119791666666667 0.34305555555555556 0.1 0.07708333333333334
1 0.7833333333333333 0.3013888888888889 0.0359375 0.027777777777777776
3 0.8005208333333333 0.25277777777777777 0.030208333333333334 0.027777777777777776
2 0.7822916666666667 0.275 0.057291666666666664 0.04861111111111111
3 0.7484375 0.28125 0.035416666666666666 0.03125
1 0.7229166666666667 0.2701388888888889 0.03229166666666667 0.027777777777777776
1 0.7067708333333333 0.2604166666666667 0.034375 0.02638888888888889
3 0.6942708333333333 0.20208333333333334 0.028645833333333332 0.03263888888888889
1 0.6802083333333333 0.24444444444444444 0.029166666666666667 0.02638888888888889
1 0.6645833333333333 0.23472222222222222 0.030208333333333334 0.025
3 0.6520833333333333 0.22916666666666666 0.0265625 0.025
1 0.5463541666666667 0.17222222222222222 0.0234375 0.018055555555555554
1 0.5640625 0.17708333333333334 0.021875 0.019444444444444445
1 0.4557291666666667 0.17569444444444443 0.016666666666666666 0.019444444444444445
1 0.34322916666666664 0.22847222222222222 0.015625 0.02847222222222222
1 0.334375 0.17222222222222222 0.011979166666666667 0.020833333333333332
1 0.34010416666666665 0.13125 0.009375 0.011805555555555555
1 0.36875 0.12708333333333333 0.0140625 0.01597222222222222
2 0.45 0.12222222222222222 0.0484375 0.029861111111111113
3 0.4203125 0.12430555555555556 0.0109375 0.01597222222222222
1 0.4036458333333333 0.11666666666666667 0.010416666666666666 0.014583333333333334
3 0.37552083333333336 0.08888888888888889 0.008854166666666666 0.013194444444444444
3 0.37916666666666665 0.06875 0.011979166666666667 0.011805555555555555
1 0.35 0.08055555555555556 0.007291666666666667 0.009027777777777777
1 0.334375 0.06041666666666667 0.005729166666666666 0.010416666666666666
3 0.3458333333333333 0.06736111111111111 0.008854166666666666 0.011805555555555555
1 0.35208333333333336 0.07013888888888889 0.0109375 0.00625
1 0.3296875 0.07083333333333333 0.0067708333333333336 0.007638888888888889
1 0.31875 0.06180555555555556 0.0067708333333333336 0.009027777777777777
1 0.31927083333333334 0.07013888888888889 0.0067708333333333336 0.009027777777777777
1 0.3234375 0.07569444444444444 0.005729166666666666 0.010416666666666666
1 0.33177083333333335 0.08194444444444444 0.008854166666666666 0.009027777777777777