1 0.515625 0.6166666666666667 0.015625 0.03125
1 0.4859375 0.54375 0.011979166666666667 0.02638888888888889
1 0.459375 0.5277777777777778 0.0125 0.022222222222222223
1 0.21666666666666667 0.6548611111111111 0.041666666666666664 0.03125
1 0.22760416666666666 0.675 0.043229166666666666 0.027777777777777776
1 0.024479166666666666 0.7833333333333333 0.0484375 0.03819444444444445
1 0.7729166666666667 0.9305555555555556 0.04479166666666667 0.06527777777777778
1 0.40625 0.5666666666666667 0.0140625 0.019444444444444445
1 0.384375 0.6243055555555556 0.015625 0.019444444444444445
1 0.38177083333333334 0.65 0.016145833333333335 0.02361111111111111
0 0.3619791666666667 0.7423611111111111 0.0234375 0.052083333333333336
1 0.37447916666666664 0.7173611111111111 0.022916666666666665 0.02847222222222222
2 0.046875 0.7576388888888889 0.06979166666666667 0.04027777777777778
3 0.025520833333333333 0.7284722222222222 0.049479166666666664 0.04027777777777778
3 0.12864583333333332 0.975 0.06614583333333333 0.05
1 0.7380208333333333 0.85625 0.0359375 0.05486111111111111
1 0.7067708333333333 0.7895833333333333 0.030208333333333334 0.05
1 0.6921875 0.7590277777777777 0.028645833333333332 0.04861111111111111
1 0.6661458333333333 0.70625 0.0234375 0.03819444444444445
1 0.6348958333333333 0.6472222222222223 0.018229166666666668 0.02847222222222222
1 0.6380208333333334 0.61875 0.016145833333333335 0.025
1 0.6682291666666667 0.9638888888888889 0.041666666666666664 0.07222222222222222
1 0.6416666666666667 0.8888888888888888 0.033854166666666664 0.07569444444444444
1 0.6307291666666667 0.8284722222222223 0.035416666666666666 0.05486111111111111
1 0.6145833333333334 0.7888888888888889 0.0265625 0.04027777777777778
1 0.5979166666666667 0.7416666666666667 0.022916666666666665 0.050694444444444445
1 0.590625 0.7145833333333333 0.018229166666666668 0.035416666666666666
1 0.5864583333333333 0.6840277777777778 0.021354166666666667 0.04861111111111111
1 0.5447916666666667 0.5416666666666666 0.010416666666666666 0.014583333333333334
1 0.553125 0.5618055555555556 0.0125 0.02361111111111111
1 0.5583333333333333 0.5798611111111112 0.013020833333333334 0.025
1 0.5604166666666667 0.6013888888888889 0.0125 0.018055555555555554
1 0.5708333333333333 0.6340277777777777 0.018229166666666668 0.03680555555555556
1 0.340625 0.5833333333333334 0.013020833333333334 0.018055555555555554
1 0.34427083333333336 0.7729166666666667 0.016145833333333335 0.03819444444444445
1 0.48541666666666666 0.4777777777777778 0.008333333333333333 0.016666666666666666
1 0.471875 0.4756944444444444 0.011979166666666667 0.01597222222222222
1 0.6104166666666667 0.5895833333333333 0.017708333333333333 0.02361111111111111
1 0.4583333333333333 0.5166666666666667 0.0109375 0.019444444444444445
1 0.4973958333333333 0.425 0.009375 0.013194444444444444
1 0.4791666666666667 0.4201388888888889 0.0067708333333333336 0.009027777777777777
1 0.471875 0.43472222222222223 0.008333333333333333 0.009027777777777777
1 0.4791666666666667 0.4652777777777778 0.007291666666666667 0.013194444444444444
1 0.4864583333333333 0.5041666666666667 0.009375 0.016666666666666666
1 0.32708333333333334 0.8777777777777778 0.03333333333333333 0.07708333333333334
1 0.3182291666666667 0.9513888888888888 0.04791666666666667 0.06805555555555555
1 0.39791666666666664 0.5993055555555555 0.017708333333333333 0.027777777777777776
1 0.4265625 0.5055555555555555 0.008854166666666666 0.019444444444444445
1 0.421875 0.525 0.015625 0.014583333333333334
1 0.40729166666666666 0.5486111111111112 0.011979166666666667 0.016666666666666666
1 0.41458333333333336 0.48333333333333334 0.025520833333333333 0.01597222222222222
1 0.4125 0.4722222222222222 0.021875 0.011805555555555555
1 0.5588541666666667 0.4652777777777778 0.014583333333333334 0.018055555555555554
1 0.5901041666666667 0.45069444444444445 0.0140625 0.01597222222222222
1 0.5708333333333333 0.44027777777777777 0.016145833333333335 0.013194444444444444
1 0.5765625 0.5111111111111111 0.011979166666666667 0.013194444444444444
1 0.475 0.39861111111111114 0.007291666666666667 0.010416666666666666
1 0.4979166666666667 0.39305555555555555 0.004166666666666667 0.009027777777777777
1 0.503125 0.40208333333333335 0.007291666666666667 0.00625
0 0.5145833333333333 0.39375 0.007291666666666667 0.013194444444444444
1 0.5192708333333333 0.40555555555555556 0.008854166666666666 0.005555555555555556
1 0.5536458333333333 0.4354166666666667 0.014583333333333334 0.010416666666666666
1 0.5604166666666667 0.4375 0.015625 0.011805555555555555
0 0.6098958333333333 0.4409722222222222 0.024479166666666666 0.019444444444444445
1 0.4515625 0.4041666666666667 0.010416666666666666 0.010416666666666666
1 0.29583333333333334 0.68125 0.0234375 0.03888888888888889