1 0.6786458333333333 0.9340277777777778 0.225 0.13194444444444445
1 0.640625 0.81875 0.21041666666666667 0.13958333333333334
1 0.546875 0.7416666666666667 0.165625 0.1423611111111111
1 0.49947916666666664 0.6722222222222223 0.15520833333333334 0.12152777777777778
1 0.4828125 0.5861111111111111 0.1390625 0.1111111111111111
1 0.7609375 0.7006944444444444 0.153125 0.13333333333333333
1 0.6708333333333333 0.6326388888888889 0.1390625 0.13055555555555556
1 0.6395833333333333 0.58125 0.1265625 0.09513888888888888
1 0.6020833333333333 0.51875 0.11458333333333333 0.08888888888888889
1 0.3770833333333333 0.5229166666666667 0.07552083333333333 0.12569444444444444
1 0.09166666666666666 0.91875 0.18333333333333332 0.1597222222222222
1 0.153125 0.6173611111111111 0.16302083333333334 0.10555555555555556
1 0.19479166666666667 0.5229166666666667 0.13072916666666667 0.08125
1 0.209375 0.4722222222222222 0.12135416666666667 0.07222222222222222
1 0.2515625 0.4305555555555556 0.10572916666666667 0.07222222222222222
1 0.26979166666666665 0.40555555555555556 0.08802083333333334 0.059027777777777776
1 0.30104166666666665 0.37222222222222223 0.07135416666666666 0.06388888888888888
1 0.3223958333333333 0.35347222222222224 0.06979166666666667 0.05625
1 0.34322916666666664 0.3298611111111111 0.0734375 0.059027777777777776
1 0.3567708333333333 0.3173611111111111 0.057291666666666664 0.04722222222222222
1 0.4046875 0.2847222222222222 0.0640625 0.05
1 0.5817708333333333 0.48125 0.09583333333333334 0.06805555555555555
1 0.5583333333333333 0.44513888888888886 0.09479166666666666 0.06666666666666667
1 0.5447916666666667 0.4013888888888889 0.08229166666666667 0.0625
1 0.5265625 0.3715277777777778 0.07916666666666666 0.05
3 0.5291666666666667 0.3388888888888889 0.08385416666666666 0.06527777777777778
1 0.5369791666666667 0.3236111111111111 0.05677083333333333 0.04861111111111111
3 0.5213541666666667 0.30069444444444443 0.06197916666666667 0.04722222222222222
3 0.5359375 0.27569444444444446 0.05 0.044444444444444446
3 0.5317708333333333 0.25069444444444444 0.04583333333333333 0.041666666666666664
1 0.5526041666666667 0.26666666666666666 0.05364583333333333 0.034027777777777775
1 0.5130208333333334 0.2375 0.050520833333333334 0.035416666666666666
1 0.41302083333333334 0.27291666666666664 0.06041666666666667 0.03888888888888889
1 0.415625 0.25972222222222224 0.0609375 0.03819444444444445
1 0.41822916666666665 0.24722222222222223 0.050520833333333334 0.034027777777777775
1 0.384375 0.2375 0.05416666666666667 0.03263888888888889
1 0.3984375 0.22777777777777777 0.03802083333333333 0.03125
1 0.4015625 0.21180555555555555 0.042708333333333334 0.03125
1 0.4041666666666667 0.20555555555555555 0.04583333333333333 0.027777777777777776
1 0.39791666666666664 0.1875 0.034375 0.022222222222222223
1 0.41354166666666664 0.18125 0.03177083333333333 0.025
1 0.39947916666666666 0.1763888888888889 0.033854166666666664 0.020833333333333332
1 0.06145833333333333 0.27361111111111114 0.05364583333333333 0.05625
1 0.030729166666666665 0.25555555555555554 0.057291666666666664 0.05347222222222222
1 0.035416666666666666 0.2222222222222222 0.03177083333333333 0.05
1 0.03177083333333333 0.1597222222222222 0.022916666666666665 0.02847222222222222
1 0.8572916666666667 0.4708333333333333 0.10729166666666666 0.06805555555555555
1 0.8869791666666667 0.5020833333333333 0.10729166666666666 0.07569444444444444
1 0.9317708333333333 0.55 0.1359375 0.09444444444444444
1 0.303125 0.1125 0.013020833333333334 0.018055555555555554
1 0.28802083333333334 0.10555555555555556 0.0140625 0.018055555555555554