1 0.44479166666666664 0.9527777777777777 0.0515625 0.09444444444444444
1 0.4505208333333333 0.6451388888888889 0.029166666666666667 0.06944444444444445
1 0.8755208333333333 0.8881944444444444 0.07552083333333333 0.09513888888888888
1 0.9671875 0.7215277777777778 0.065625 0.06041666666666667
2 0.7942708333333334 0.7854166666666667 0.1234375 0.12569444444444444
1 0.6630208333333333 0.7513888888888889 0.046875 0.06805555555555555
1 0.9828125 0.5777777777777777 0.03333333333333333 0.0625
1 0.9869791666666666 0.6513888888888889 0.025520833333333333 0.04583333333333333
1 0.9708333333333333 0.6618055555555555 0.05677083333333333 0.06111111111111111
1 0.928125 0.6472222222222223 0.0515625 0.05486111111111111
1 0.9463541666666667 0.56875 0.035416666666666666 0.05
1 0.9078125 0.5534722222222223 0.0359375 0.043055555555555555
1 0.8765625 0.5423611111111111 0.03229166666666667 0.041666666666666664
1 0.8421875 0.5319444444444444 0.0390625 0.044444444444444446
1 0.621875 0.5444444444444444 0.028125 0.03819444444444445
1 0.0796875 0.8027777777777778 0.08020833333333334 0.07083333333333333
1 0.09427083333333333 0.7743055555555556 0.07135416666666666 0.06111111111111111
1 0.10833333333333334 0.7479166666666667 0.0625 0.06041666666666667
1 0.11822916666666666 0.7256944444444444 0.058333333333333334 0.05486111111111111
2 0.14010416666666667 0.675 0.0640625 0.05347222222222222
2 0.15208333333333332 0.65625 0.059375 0.05763888888888889
2 0.16614583333333333 0.6326388888888889 0.06197916666666667 0.05763888888888889
1 0.2526041666666667 0.6243055555555556 0.06822916666666666 0.04583333333333333
1 0.26666666666666666 0.5819444444444445 0.0625 0.044444444444444446
1 0.29791666666666666 0.5111111111111111 0.049479166666666664 0.041666666666666664
1 0.40677083333333336 0.49027777777777776 0.021875 0.03888888888888889
1 0.440625 0.5027777777777778 0.021875 0.04027777777777778
1 0.4791666666666667 0.5347222222222222 0.025 0.05
1 0.3307291666666667 0.4534722222222222 0.043229166666666666 0.02847222222222222
1 0.31666666666666665 0.4284722222222222 0.04114583333333333 0.02847222222222222
1 0.471875 0.4465277777777778 0.019270833333333334 0.035416666666666666
1 0.4552083333333333 0.4173611111111111 0.019270833333333334 0.029861111111111113
1 0.8458333333333333 0.68125 0.078125 0.052083333333333336
1 0.825 0.6506944444444445 0.06927083333333334 0.052083333333333336
1 0.8114583333333333 0.6298611111111111 0.06822916666666666 0.041666666666666664
1 0.7979166666666667 0.6104166666666667 0.06666666666666667 0.041666666666666664
1 0.7838541666666666 0.5875 0.058854166666666666 0.04027777777777778
1 0.7640625 0.5666666666666667 0.05416666666666667 0.04861111111111111
1 0.7432291666666667 0.5527777777777778 0.053125 0.03888888888888889
1 0.7276041666666667 0.5381944444444444 0.05364583333333333 0.03819444444444445
1 0.7166666666666667 0.5131944444444444 0.057291666666666664 0.04027777777777778
1 0.6192708333333333 0.44930555555555557 0.019270833333333334 0.03263888888888889
1 0.7130208333333333 0.49930555555555556 0.05 0.03125
3 0.709375 0.4826388888888889 0.043229166666666666 0.03125
1 0.6942708333333333 0.4701388888888889 0.053125 0.043055555555555555
1 0.684375 0.46597222222222223 0.044270833333333336 0.027777777777777776
1 0.6744791666666666 0.45625 0.0390625 0.02361111111111111
1 0.6739583333333333 0.44722222222222224 0.0359375 0.02638888888888889
1 0.7020833333333333 0.4 0.021875 0.02361111111111111
3 0.665625 0.4173611111111111 0.035416666666666666 0.029861111111111113
1 0.6473958333333333 0.4125 0.034375 0.025
1 0.6442708333333333 0.40069444444444446 0.035416666666666666 0.022222222222222223
1 0.640625 0.39375 0.035416666666666666 0.02361111111111111
1 0.6682291666666667 0.32430555555555557 0.030729166666666665 0.018055555555555554
1 0.640625 0.3451388888888889 0.029166666666666667 0.018055555555555554
1 0.6067708333333334 0.36527777777777776 0.03229166666666667 0.019444444444444445
1 0.6052083333333333 0.36041666666666666 0.029166666666666667 0.022222222222222223
3 0.578125 0.35347222222222224 0.025 0.022222222222222223
1 0.5854166666666667 0.35138888888888886 0.0234375 0.018055555555555554
1 0.6078125 0.33958333333333335 0.015625 0.020833333333333332
1 0.6255208333333333 0.3388888888888889 0.017708333333333333 0.022222222222222223
3 0.61875 0.3326388888888889 0.021354166666666667 0.019444444444444445
1 0.578125 0.3236111111111111 0.016666666666666666 0.016666666666666666
1 0.5744791666666667 0.28125 0.019270833333333334 0.013194444444444444
1 0.5567708333333333 0.2722222222222222 0.017708333333333333 0.011805555555555555
1 0.44166666666666665 0.36875 0.0140625 0.02361111111111111
1 0.38177083333333334 0.35694444444444445 0.014583333333333334 0.02638888888888889
1 0.4375 0.3 0.008854166666666666 0.016666666666666666
1 0.47552083333333334 0.28888888888888886 0.009375 0.013194444444444444
1 0.4942708333333333 0.29444444444444445 0.010416666666666666 0.014583333333333334
1 0.3854166666666667 0.3333333333333333 0.0125 0.020833333333333332
1 0.3875 0.32708333333333334 0.010416666666666666 0.018055555555555554
1 0.3828125 0.32013888888888886 0.022916666666666665 0.018055555555555554
1 0.3880208333333333 0.30972222222222223 0.022916666666666665 0.018055555555555554
1 0.39947916666666666 0.3055555555555556 0.0125 0.016666666666666666
1 0.3854166666666667 0.2875 0.019270833333333334 0.013194444444444444
2 0.4010416666666667 0.2763888888888889 0.0140625 0.022222222222222223
1 0.38333333333333336 0.24722222222222223 0.016145833333333335 0.010416666666666666
1 0.43697916666666664 0.27708333333333335 0.008854166666666666 0.01597222222222222
1 0.43697916666666664 0.2604166666666667 0.008333333333333333 0.013194444444444444
1 0.43333333333333335 0.24513888888888888 0.007291666666666667 0.011805555555555555
1 0.4088541666666667 0.24583333333333332 0.007291666666666667 0.013194444444444444
3 0.43020833333333336 0.22361111111111112 0.004166666666666667 0.010416666666666666
1 0.4270833333333333 0.23541666666666666 0.0067708333333333336 0.010416666666666666
3 0.4005208333333333 0.25 0.0125 0.010416666666666666
1 0.39166666666666666 0.24097222222222223 0.016145833333333335 0.009027777777777777
1 0.3875 0.2388888888888889 0.016145833333333335 0.009027777777777777
1 0.3963541666666667 0.19027777777777777 0.004166666666666667 0.00625
1 0.4166666666666667 0.21319444444444444 0.005208333333333333 0.007638888888888889
1 0.4197916666666667 0.19930555555555557 0.004166666666666667 0.00625
1 0.421875 0.20069444444444445 0.005208333333333333 0.00625
3 0.4348958333333333 0.1951388888888889 0.009375 0.00625
1 0.43020833333333336 0.19166666666666668 0.004166666666666667 0.00625
1 0.45989583333333334 0.18194444444444444 0.0036458333333333334 0.005555555555555556
1 0.453125 0.2 0.004166666666666667 0.007638888888888889
1 0.47239583333333335 0.21041666666666667 0.005208333333333333 0.007638888888888889
1 0.45989583333333334 0.22430555555555556 0.005208333333333333 0.009027777777777777
1 0.46458333333333335 0.23819444444444443 0.0067708333333333336 0.010416666666666666
1 0.4671875 0.25069444444444444 0.0067708333333333336 0.013194444444444444
1 0.471875 0.2722222222222222 0.008333333333333333 0.013194444444444444
1 0.5057291666666667 0.3277777777777778 0.011979166666666667 0.018055555555555554
1 0.546875 0.3215277777777778 0.0125 0.018055555555555554
1 0.5416666666666666 0.3138888888888889 0.011979166666666667 0.01597222222222222
1 0.5380208333333333 0.30069444444444443 0.0067708333333333336 0.013194444444444444
3 0.5307291666666667 0.2923611111111111 0.009375 0.016666666666666666
3 0.5276041666666667 0.2847222222222222 0.009375 0.01597222222222222
1 0.5395833333333333 0.26944444444444443 0.0109375 0.010416666666666666
1 0.5348958333333333 0.26458333333333334 0.016666666666666666 0.011805555555555555
1 0.5328125 0.25416666666666665 0.0140625 0.009027777777777777
2 0.5364583333333334 0.25277777777777777 0.0125 0.019444444444444445
1 0.5296875 0.24930555555555556 0.0140625 0.009027777777777777
1 0.5270833333333333 0.24791666666666667 0.014583333333333334 0.009027777777777777
3 0.5203125 0.20555555555555555 0.0109375 0.009027777777777777
1 0.5270833333333333 0.2222222222222222 0.005729166666666666 0.007638888888888889
1 0.509375 0.25416666666666665 0.008333333333333333 0.011805555555555555
1 0.5026041666666666 0.2513888888888889 0.008333333333333333 0.009027777777777777
3 0.4979166666666667 0.2465277777777778 0.005729166666666666 0.009027777777777777
1 0.4947916666666667 0.2361111111111111 0.007291666666666667 0.009027777777777777