1 0.23333333333333334 0.9298611111111111 0.18020833333333333 0.13958333333333334
1 0.3390625 0.6875 0.0734375 0.15416666666666667
1 0.3359375 0.5652777777777778 0.05416666666666667 0.11388888888888889
1 0.240625 0.5354166666666667 0.0734375 0.12152777777777778
1 0.35052083333333334 0.47708333333333336 0.06614583333333333 0.09930555555555555
1 0.37864583333333335 0.3680555555555556 0.07083333333333333 0.0798611111111111
1 0.371875 0.33611111111111114 0.040625 0.06527777777777778
1 0.375 0.2916666666666667 0.053125 0.04722222222222222
1 0.37864583333333335 0.27152777777777776 0.05 0.04583333333333333
1 0.38697916666666665 0.25069444444444444 0.04791666666666667 0.041666666666666664
1 0.3723958333333333 0.225 0.022916666666666665 0.03888888888888889
1 0.37552083333333336 0.2048611111111111 0.020833333333333332 0.035416666666666666
1 0.359375 0.15486111111111112 0.0234375 0.03263888888888889
1 0.390625 0.15416666666666667 0.017708333333333333 0.02847222222222222
1 0.3854166666666667 0.13125 0.019791666666666666 0.025
1 0.6604166666666667 0.48194444444444445 0.04583333333333333 0.07708333333333334
1 0.6333333333333333 0.4166666666666667 0.041666666666666664 0.06666666666666667
2 0.7744791666666667 0.5 0.12916666666666668 0.13194444444444445
1 0.5942708333333333 0.3590277777777778 0.057291666666666664 0.06388888888888888
1 0.5869791666666667 0.3104166666666667 0.0484375 0.06388888888888888
1 0.5729166666666666 0.27569444444444446 0.030208333333333334 0.03680555555555556
1 0.5822916666666667 0.21944444444444444 0.029166666666666667 0.034027777777777775
1 0.46927083333333336 0.18333333333333332 0.018229166666666668 0.03125
1 0.515625 0.1625 0.018229166666666668 0.029861111111111113
1 0.5380208333333333 0.14166666666666666 0.016666666666666666 0.022222222222222223
3 0.5140625 0.12361111111111112 0.035416666666666666 0.027777777777777776
0 0.39739583333333334 0.07708333333333334 0.0375 0.034027777777777775
3 0.3963541666666667 0.08680555555555555 0.021875 0.022222222222222223
3 0.40989583333333335 0.09375 0.0125 0.022222222222222223
1 0.39479166666666665 0.09930555555555555 0.0234375 0.018055555555555554
1 0.39166666666666666 0.11736111111111111 0.028645833333333332 0.02638888888888889
1 0.4036458333333333 0.12291666666666666 0.028125 0.020833333333333332
1 0.3807291666666667 0.11180555555555556 0.030208333333333334 0.022222222222222223
1 0.47239583333333335 0.0763888888888889 0.0109375 0.016666666666666666