1 0.9645833333333333 0.25069444444444444 0.019270833333333334 0.0625
1 0.771875 0.2520833333333333 0.019791666666666666 0.0625
1 0.7890625 0.24722222222222223 0.017708333333333333 0.06041666666666667
1 0.8072916666666666 0.24305555555555555 0.017708333333333333 0.0625
1 0.8255208333333334 0.2513888888888889 0.016145833333333335 0.06111111111111111
1 0.8458333333333333 0.25277777777777777 0.017708333333333333 0.06388888888888888
1 0.8630208333333333 0.24444444444444444 0.018229166666666668 0.0625
1 0.8796875 0.23472222222222222 0.019791666666666666 0.059027777777777776
1 0.740625 0.8173611111111111 0.03802083333333333 0.029861111111111113
1 0.8661458333333333 0.8208333333333333 0.0265625 0.018055555555555554
1 0.9057291666666667 0.8180555555555555 0.0375 0.02847222222222222
3 0.8067708333333333 0.91875 0.020833333333333332 0.07847222222222222
1 0.6 0.9375 0.030729166666666665 0.06805555555555555
1 0.5916666666666667 0.6715277777777777 0.016145833333333335 0.06666666666666667
1 0.590625 0.5972222222222222 0.016666666666666666 0.06527777777777778
3 0.5869791666666667 0.39166666666666666 0.014583333333333334 0.050694444444444445
1 0.5307291666666667 0.49444444444444446 0.016666666666666666 0.06527777777777778
1 0.5244791666666667 0.2875 0.016145833333333335 0.0625
1 0.48333333333333334 0.2465277777777778 0.015625 0.06388888888888888
1 0.5875 0.17222222222222222 0.017708333333333333 0.06527777777777778
1 0.48333333333333334 0.8986111111111111 0.018229166666666668 0.06944444444444445
1 0.34375 0.8229166666666666 0.0140625 0.06944444444444445
1 0.3416666666666667 0.7270833333333333 0.014583333333333334 0.06527777777777778
1 0.059375 0.9416666666666667 0.0390625 0.027777777777777776
1 0.20520833333333333 0.41875 0.019270833333333334 0.05625
1 0.08541666666666667 0.3784722222222222 0.04114583333333333 0.03263888888888889
3 0.06041666666666667 0.32708333333333334 0.033854166666666664 0.02847222222222222
1 0.109375 0.25555555555555554 0.018229166666666668 0.059027777777777776
1 0.23020833333333332 0.2673611111111111 0.021875 0.06944444444444445
3 0.346875 0.46458333333333335 0.018229166666666668 0.08263888888888889