3 0.33229166666666665 0.2965277777777778 0.014583333333333334 0.02638888888888889
1 0.28072916666666664 0.94375 0.07708333333333334 0.1125
1 0.24895833333333334 0.8034722222222223 0.07552083333333333 0.13472222222222222
1 0.12916666666666668 0.8375 0.09166666666666666 0.14791666666666667
1 0.4166666666666667 0.70625 0.053125 0.11875
1 0.353125 0.7145833333333333 0.05677083333333333 0.1111111111111111
1 0.23177083333333334 0.6597222222222222 0.0625 0.10347222222222222
1 0.46041666666666664 0.5923611111111111 0.034375 0.07083333333333333
1 0.3796875 0.6229166666666667 0.043229166666666666 0.08263888888888889
1 0.3307291666666667 0.5979166666666667 0.042708333333333334 0.07430555555555556
1 0.2708333333333333 0.5729166666666666 0.044270833333333336 0.06944444444444445
1 0.39791666666666664 0.5618055555555556 0.03697916666666667 0.06041666666666667
1 0.36666666666666664 0.5333333333333333 0.03958333333333333 0.05763888888888889
1 0.32760416666666664 0.5284722222222222 0.043229166666666666 0.06666666666666667
1 0.3020833333333333 0.5055555555555555 0.0390625 0.050694444444444445
1 0.3359375 0.44166666666666665 0.03958333333333333 0.041666666666666664
1 0.35572916666666665 0.4840277777777778 0.030729166666666665 0.043055555555555555
1 0.3875 0.4895833333333333 0.028125 0.04583333333333333
3 0.4109375 0.5055555555555555 0.030729166666666665 0.07291666666666667
1 0.46197916666666666 0.4965277777777778 0.03177083333333333 0.05763888888888889
1 0.43072916666666666 0.4840277777777778 0.027083333333333334 0.04583333333333333
1 0.390625 0.44513888888888886 0.030208333333333334 0.04861111111111111
1 0.4395833333333333 0.45625 0.0265625 0.03888888888888889
1 0.4708333333333333 0.4388888888888889 0.022916666666666665 0.043055555555555555
1 0.47239583333333335 0.40069444444444446 0.019791666666666666 0.03263888888888889
1 0.47760416666666666 0.37777777777777777 0.015625 0.02638888888888889
1 0.4791666666666667 0.3541666666666667 0.016666666666666666 0.02847222222222222
1 0.4859375 0.33611111111111114 0.013020833333333334 0.02638888888888889
1 0.48541666666666666 0.31527777777777777 0.0140625 0.020833333333333332
1 0.48802083333333335 0.30069444444444443 0.010416666666666666 0.020833333333333332
1 0.48489583333333336 0.2833333333333333 0.0125 0.016666666666666666
1 0.4359375 0.4263888888888889 0.0234375 0.034027777777777775
1 0.4421875 0.40694444444444444 0.019791666666666666 0.035416666666666666
1 0.44479166666666664 0.38819444444444445 0.019270833333333334 0.02361111111111111
1 0.4515625 0.36944444444444446 0.017708333333333333 0.029861111111111113
3 0.45364583333333336 0.35 0.014583333333333334 0.029861111111111113
1 0.4578125 0.3423611111111111 0.0125 0.02638888888888889
1 0.4609375 0.33402777777777776 0.013020833333333334 0.022222222222222223
1 0.4625 0.32222222222222224 0.013020833333333334 0.022222222222222223
1 0.4666666666666667 0.3138888888888889 0.0140625 0.020833333333333332
3 0.46770833333333334 0.3020833333333333 0.011979166666666667 0.020833333333333332
1 0.465625 0.2951388888888889 0.008854166666666666 0.01597222222222222
1 0.46979166666666666 0.2902777777777778 0.010416666666666666 0.018055555555555554
1 0.40208333333333335 0.4222222222222222 0.0234375 0.034027777777777775
1 0.41302083333333334 0.3951388888888889 0.019270833333333334 0.035416666666666666
1 0.4203125 0.37916666666666665 0.016666666666666666 0.02847222222222222
1 0.4276041666666667 0.3638888888888889 0.016666666666666666 0.025
1 0.4317708333333333 0.35 0.016145833333333335 0.025
1 0.4359375 0.33819444444444446 0.014583333333333334 0.025
1 0.43854166666666666 0.3277777777777778 0.0125 0.022222222222222223
1 0.44635416666666666 0.31666666666666665 0.014583333333333334 0.025
1 0.4473958333333333 0.30833333333333335 0.0109375 0.020833333333333332
1 0.4515625 0.30277777777777776 0.010416666666666666 0.016666666666666666
1 0.45260416666666664 0.2951388888888889 0.009375 0.01597222222222222
1 0.45416666666666666 0.28888888888888886 0.0125 0.01597222222222222
1 0.3703125 0.41875 0.025520833333333333 0.03263888888888889
1 0.37604166666666666 0.3909722222222222 0.022916666666666665 0.02847222222222222
1 0.39375 0.3763888888888889 0.019791666666666666 0.02638888888888889
1 0.40572916666666664 0.3590277777777778 0.019791666666666666 0.022222222222222223
1 0.3984375 0.34097222222222223 0.019270833333333334 0.02638888888888889
0 0.41822916666666665 0.31666666666666665 0.021875 0.05
1 0.43020833333333336 0.3104166666666667 0.011979166666666667 0.019444444444444445
1 0.43385416666666665 0.3 0.010416666666666666 0.016666666666666666
1 0.434375 0.2916666666666667 0.011979166666666667 0.01597222222222222
1 0.4401041666666667 0.2326388888888889 0.008333333333333333 0.010416666666666666
1 0.5197916666666667 0.2847222222222222 0.011979166666666667 0.01597222222222222
1 0.5375 0.28402777777777777 0.010416666666666666 0.016666666666666666
1 0.5697916666666667 0.2923611111111111 0.010416666666666666 0.014583333333333334
1 0.5760416666666667 0.30486111111111114 0.0109375 0.018055555555555554
1 0.5770833333333333 0.31805555555555554 0.009375 0.016666666666666666
0 0.559375 0.31319444444444444 0.03229166666666667 0.05347222222222222
1 0.5307291666666667 0.32708333333333334 0.014583333333333334 0.020833333333333332
1 0.5171875 0.36180555555555555 0.018229166666666668 0.02638888888888889
1 0.5260416666666666 0.45069444444444445 0.024479166666666666 0.041666666666666664
1 0.6145833333333334 0.4166666666666667 0.020833333333333332 0.03125
1 0.5901041666666667 0.46875 0.028645833333333332 0.03819444444444445
1 0.5572916666666666 0.4826388888888889 0.0265625 0.041666666666666664
1 0.521875 0.5388888888888889 0.030729166666666665 0.04722222222222222
1 0.35260416666666666 0.22777777777777777 0.009375 0.014583333333333334
1 0.5338541666666666 0.6756944444444445 0.044270833333333336 0.07569444444444444
1 0.5953125 0.6652777777777777 0.04635416666666667 0.08125
3 0.6651041666666667 0.5034722222222222 0.040625 0.05486111111111111
1 0.7276041666666667 0.6326388888888889 0.043229166666666666 0.06527777777777778
1 0.7942708333333334 0.7722222222222223 0.07552083333333333 0.10208333333333333
1 0.8661458333333333 0.9263888888888889 0.1 0.1451388888888889
3 0.7083333333333334 0.43125 0.044270833333333336 0.044444444444444446
1 0.7239583333333334 0.45902777777777776 0.052083333333333336 0.034027777777777775