1 0.5453125 0.6090277777777777 0.036458333333333336 0.058333333333333334
1 0.490625 0.6020833333333333 0.03177083333333333 0.04791666666666667
1 0.5104166666666666 0.5159722222222223 0.024479166666666666 0.03819444444444445
1 0.46927083333333336 0.5277777777777778 0.026041666666666668 0.03680555555555556
1 0.4583333333333333 0.46944444444444444 0.0234375 0.035416666666666666
1 0.471875 0.4340277777777778 0.018229166666666668 0.02847222222222222
1 0.44375 0.41458333333333336 0.016145833333333335 0.025
1 0.43697916666666664 0.3888888888888889 0.014583333333333334 0.022222222222222223
1 0.4635416666666667 0.39791666666666664 0.014583333333333334 0.025
1 0.47708333333333336 0.375 0.0140625 0.022222222222222223
1 0.47291666666666665 0.35347222222222224 0.013020833333333334 0.019444444444444445
0 0.45625 0.3576388888888889 0.0171875 0.05
0 0.5015625 0.4097222222222222 0.034375 0.06944444444444445
1 0.515625 0.3784722222222222 0.013020833333333334 0.02013888888888889
1 0.5260416666666666 0.3972222222222222 0.0140625 0.022222222222222223
1 0.4427083333333333 0.31319444444444444 0.009895833333333333 0.014583333333333334
1 0.46458333333333335 0.32430555555555557 0.0109375 0.017361111111111112
1 0.48125 0.32013888888888886 0.0109375 0.016666666666666666
1 0.4552083333333333 0.3055555555555556 0.009375 0.014583333333333334
1 0.3072916666666667 0.8743055555555556 0.04635416666666667 0.11944444444444445
1 0.3302083333333333 0.70625 0.034895833333333334 0.07847222222222222
1 0.1875 0.8173611111111111 0.04791666666666667 0.10069444444444445
1 0.04791666666666667 0.9347222222222222 0.08020833333333334 0.1284722222222222
1 0.0703125 0.9722222222222222 0.071875 0.05555555555555555
1 0.15625 0.6604166666666667 0.05 0.06319444444444444
1 0.05625 0.65625 0.009375 0.050694444444444445
1 0.4161458333333333 0.7465277777777778 0.035416666666666666 0.07152777777777777
1 0.42291666666666666 0.8444444444444444 0.043229166666666666 0.09791666666666667
1 0.43020833333333336 0.95625 0.053125 0.08333333333333333
1 0.4822916666666667 0.7819444444444444 0.04114583333333333 0.09166666666666666
1 0.5067708333333333 0.9166666666666666 0.05520833333333333 0.11875
1 0.5447916666666667 0.7881944444444444 0.04635416666666667 0.0798611111111111
1 0.6260416666666667 0.8326388888888889 0.06145833333333333 0.10277777777777777
1 0.7041666666666667 0.8715277777777778 0.06302083333333333 0.09791666666666667
1 0.2625 0.8034722222222223 0.04791666666666667 0.10277777777777777
1 0.24427083333333333 0.6979166666666666 0.03958333333333333 0.07777777777777778
1 0.353125 0.5555555555555556 0.026041666666666668 0.04791666666666667
1 0.3109375 0.6173611111111111 0.030208333333333334 0.058333333333333334
1 0.2677083333333333 0.6215277777777778 0.0328125 0.06388888888888888
1 0.3572916666666667 0.49166666666666664 0.022395833333333334 0.03888888888888889
1 0.31979166666666664 0.5236111111111111 0.023958333333333335 0.041666666666666664
1 0.28072916666666664 0.55 0.028125 0.04791666666666667
1 0.2916666666666667 0.5076388888888889 0.025520833333333333 0.04097222222222222
1 0.30833333333333335 0.45902777777777776 0.022916666666666665 0.03888888888888889
1 0.29375 0.4173611111111111 0.01875 0.029861111111111113
1 0.165625 0.5520833333333334 0.025520833333333333 0.04652777777777778
1 0.6 0.4444444444444444 0.019791666666666666 0.03125
1 0.6208333333333333 0.47152777777777777 0.030729166666666665 0.029861111111111113
1 0.03125 0.45555555555555555 0.036458333333333336 0.027777777777777776
1 0.065625 0.44722222222222224 0.034895833333333334 0.027777777777777776
1 0.07708333333333334 0.46875 0.044270833333333336 0.027083333333333334
1 0.035416666666666666 0.3993055555555556 0.03125 0.025694444444444443
1 0.9322916666666666 0.5729166666666666 0.06822916666666666 0.03611111111111111
1 0.9692708333333333 0.5958333333333333 0.06145833333333333 0.041666666666666664
1 0.03854166666666667 0.3770833333333333 0.027083333333333334 0.021527777777777778
1 0.05520833333333333 0.3888888888888889 0.028645833333333332 0.022222222222222223
1 0.06770833333333333 0.38125 0.025 0.01875
1 0.08958333333333333 0.39652777777777776 0.0359375 0.022916666666666665
1 0.09270833333333334 0.3902777777777778 0.028125 0.022916666666666665
1 0.12291666666666666 0.39652777777777776 0.033854166666666664 0.02013888888888889
1 0.13958333333333334 0.40902777777777777 0.03229166666666667 0.025
3 0.15625 0.44305555555555554 0.030729166666666665 0.027083333333333334
1 0.8192708333333333 0.44513888888888886 0.022916666666666665 0.03125
1 0.84375 0.4479166666666667 0.027604166666666666 0.03263888888888889
1 0.3703125 0.4409722222222222 0.017708333333333333 0.02847222222222222
0 0.32395833333333335 0.39375 0.0359375 0.06319444444444444
3 0.340625 0.43194444444444446 0.019791666666666666 0.03958333333333333
1 0.35052083333333334 0.4048611111111111 0.017708333333333333 0.029861111111111113
1 0.375 0.4097222222222222 0.015625 0.027083333333333334
1 0.3359375 0.3527777777777778 0.014583333333333334 0.016666666666666666
1 0.35989583333333336 0.3798611111111111 0.015625 0.024305555555555556
1 0.36875 0.35694444444444445 0.013020833333333334 0.021527777777777778
3 0.34427083333333336 0.33402777777777776 0.014583333333333334 0.024305555555555556
1 0.35 0.3277777777777778 0.010416666666666666 0.01875
1 0.37916666666666665 0.38263888888888886 0.015104166666666667 0.025
1 0.3854166666666667 0.3645833333333333 0.014583333333333334 0.022916666666666665
1 0.3625 0.3104166666666667 0.011458333333333333 0.014583333333333334
3 0.34479166666666666 0.30416666666666664 0.016666666666666666 0.030555555555555555
1 0.8479166666666667 0.49583333333333335 0.029166666666666667 0.03819444444444445
1 0.8739583333333333 0.4951388888888889 0.03177083333333333 0.035416666666666666
1 0.9020833333333333 0.4965277777777778 0.03177083333333333 0.03819444444444445
1 0.365625 0.32222222222222224 0.013020833333333334 0.016666666666666666
1 0.3770833333333333 0.29375 0.008854166666666666 0.014583333333333334
1 0.38333333333333336 0.28680555555555554 0.008854166666666666 0.01597222222222222
1 0.44583333333333336 0.28055555555555556 0.0078125 0.013194444444444444
0 0.46979166666666666 0.28958333333333336 0.013020833333333334 0.030555555555555555
1 0.7135416666666666 0.4840277777777778 0.03802083333333333 0.03680555555555556
1 0.37604166666666666 0.3138888888888889 0.009375 0.016666666666666666
1 0.4 0.38055555555555554 0.015104166666666667 0.022222222222222223
1 0.4046875 0.36875 0.013541666666666667 0.022222222222222223
1 0.39166666666666666 0.34375 0.011979166666666667 0.01875
1 0.390625 0.28055555555555556 0.0078125 0.013194444444444444
1 0.3828125 0.32708333333333334 0.011458333333333333 0.01597222222222222
1 0.38645833333333335 0.31875 0.009895833333333333 0.014583333333333334
1 0.4088541666666667 0.35555555555555557 0.0125 0.02013888888888889
1 0.40989583333333335 0.34375 0.011458333333333333 0.017361111111111112
1 0.3963541666666667 0.3326388888888889 0.010416666666666666 0.01597222222222222
1 0.390625 0.3055555555555556 0.009895833333333333 0.013194444444444444
1 0.396875 0.2986111111111111 0.010416666666666666 0.013888888888888888
1 0.3958333333333333 0.2923611111111111 0.008333333333333333 0.013194444444444444
1 0.4 0.32222222222222224 0.010416666666666666 0.014583333333333334
1 0.4041666666666667 0.3111111111111111 0.010416666666666666 0.014583333333333334
1 0.41458333333333336 0.3347222222222222 0.011458333333333333 0.017361111111111112
1 0.40208333333333335 0.28125 0.008854166666666666 0.011111111111111112
1 0.41041666666666665 0.29375 0.0078125 0.013888888888888888
1 0.41302083333333334 0.28402777777777777 0.009375 0.011111111111111112
1 0.4166666666666667 0.325 0.011979166666666667 0.01875
1 0.41875 0.31805555555555554 0.009375 0.011805555555555555
1 0.42604166666666665 0.28125 0.0078125 0.011111111111111112
1 0.4244791666666667 0.2861111111111111 0.008333333333333333 0.011111111111111112
1 0.4239583333333333 0.2951388888888889 0.008333333333333333 0.011805555555555555
1 0.4197916666666667 0.30625 0.009895833333333333 0.011805555555555555
1 0.42135416666666664 0.3020833333333333 0.007291666666666667 0.010416666666666666
1 0.6692708333333334 0.4625 0.03958333333333333 0.02847222222222222
1 0.65625 0.4548611111111111 0.04375 0.027777777777777776
1 0.60625 0.3902777777777778 0.0328125 0.022916666666666665
1 0.6447916666666667 0.4409722222222222 0.04114583333333333 0.025
1 0.6416666666666667 0.42986111111111114 0.0390625 0.022916666666666665
1 0.6328125 0.4270833333333333 0.03854166666666667 0.027083333333333334
1 0.6322916666666667 0.41597222222222224 0.042708333333333334 0.027083333333333334
1 0.6239583333333333 0.41180555555555554 0.034375 0.027777777777777776