3 0.7583333333333333 0.8576388888888888 0.11197916666666667 0.09444444444444444
3 0.7182291666666667 0.7159722222222222 0.08229166666666667 0.07708333333333334
1 0.6885416666666667 0.6458333333333334 0.07708333333333334 0.06041666666666667
1 0.6708333333333333 0.6166666666666667 0.05572916666666667 0.043055555555555555
1 0.6270833333333333 0.5854166666666667 0.0765625 0.05763888888888889
3 0.5838541666666667 0.5111111111111111 0.033854166666666664 0.07569444444444444
3 0.5864583333333333 0.46458333333333335 0.043229166666666666 0.043055555555555555
1 0.6057291666666667 0.4444444444444444 0.046875 0.03888888888888889
1 0.5817708333333333 0.34930555555555554 0.04114583333333333 0.03125
1 0.5692708333333333 0.2569444444444444 0.035416666666666666 0.029861111111111113
3 0.5348958333333333 0.21319444444444444 0.0140625 0.02638888888888889
1 0.5291666666666667 0.18958333333333333 0.016145833333333335 0.018055555555555554
1 0.5520833333333334 0.18888888888888888 0.0234375 0.016666666666666666
1 0.5015625 0.22361111111111112 0.016145833333333335 0.02847222222222222
1 0.5078125 0.11180555555555556 0.008333333333333333 0.014583333333333334
1 0.4942708333333333 0.15069444444444444 0.009375 0.019444444444444445
1 0.49375 0.12083333333333333 0.008333333333333333 0.014583333333333334
1 0.49322916666666666 0.10416666666666667 0.008333333333333333 0.011805555555555555
1 0.4744791666666667 0.1597222222222222 0.011979166666666667 0.018055555555555554
1 0.47708333333333336 0.14305555555555555 0.008333333333333333 0.014583333333333334
1 0.45729166666666665 0.10555555555555556 0.007291666666666667 0.013194444444444444
1 0.4588541666666667 0.09513888888888888 0.007291666666666667 0.013194444444444444
1 0.4432291666666667 0.18680555555555556 0.011979166666666667 0.02361111111111111
3 0.4166666666666667 0.34097222222222223 0.019791666666666666 0.03888888888888889
3 0.30052083333333335 0.9694444444444444 0.0515625 0.06111111111111111
1 0.35572916666666665 0.69375 0.04479166666666667 0.0875
1 0.37395833333333334 0.6020833333333333 0.0359375 0.0798611111111111
1 0.3770833333333333 0.2972222222222222 0.03802083333333333 0.029861111111111113
1 0.38333333333333336 0.28402777777777777 0.033854166666666664 0.025
1 0.35052083333333334 0.25625 0.035416666666666666 0.02361111111111111
1 0.33697916666666666 0.2388888888888889 0.03177083333333333 0.020833333333333332
1 0.39895833333333336 0.22708333333333333 0.030208333333333334 0.022222222222222223
1 0.40520833333333334 0.20972222222222223 0.029166666666666667 0.022222222222222223
1 0.40572916666666664 0.15069444444444444 0.021875 0.014583333333333334
1 0.38333333333333336 0.15 0.019791666666666666 0.013194444444444444