1 0.18333333333333332 0.7416666666666667 0.140625 0.11388888888888889
1 0.14583333333333334 0.8569444444444444 0.16041666666666668 0.13472222222222222
1 0.303125 0.38958333333333334 0.08541666666666667 0.06527777777777778
3 0.24479166666666666 0.2152777777777778 0.057291666666666664 0.07708333333333334
3 0.190625 0.20555555555555555 0.058854166666666666 0.06666666666666667
1 0.33958333333333335 0.04652777777777778 0.0515625 0.035416666666666666
1 0.3458333333333333 0.030555555555555555 0.03697916666666667 0.029861111111111113
1 0.3494791666666667 0.020833333333333332 0.04791666666666667 0.03680555555555556
1 0.4546875 0.1076388888888889 0.027083333333333334 0.050694444444444445
1 0.4661458333333333 0.14027777777777778 0.0515625 0.05347222222222222
1 0.5166666666666667 0.07222222222222222 0.0234375 0.04722222222222222
1 0.5729166666666666 0.12013888888888889 0.025520833333333333 0.05
0 0.8208333333333333 0.05486111111111111 0.09583333333333334 0.07291666666666667
1 0.6572916666666667 0.07569444444444444 0.04583333333333333 0.034027777777777775
1 0.5005208333333333 0.22569444444444445 0.033854166666666664 0.07222222222222222
1 0.5541666666666667 0.2743055555555556 0.03177083333333333 0.0625
2 0.665625 0.15833333333333333 0.07916666666666666 0.052083333333333336
2 0.6708333333333333 0.19375 0.078125 0.06527777777777778
2 0.6916666666666667 0.25833333333333336 0.08229166666666667 0.07430555555555556
1 0.553125 0.3972222222222222 0.0375 0.08333333333333333
1 0.546875 0.5868055555555556 0.04635416666666667 0.12013888888888889
1 0.7208333333333333 0.5145833333333333 0.058333333333333334 0.1423611111111111
1 0.7760416666666666 0.7597222222222222 0.08333333333333333 0.17222222222222222
1 0.8604166666666667 0.7743055555555556 0.08697916666666666 0.16597222222222222
1 0.9395833333333333 0.7631944444444444 0.09479166666666666 0.1361111111111111
1 0.9791666666666666 0.7513888888888889 0.041666666666666664 0.15138888888888888
1 0.9703125 0.575 0.059375 0.15138888888888888
1 0.9270833333333334 0.5840277777777778 0.0875 0.14652777777777778
1 0.8666666666666667 0.59375 0.07447916666666667 0.1361111111111111
1 0.8005208333333333 0.5888888888888889 0.0734375 0.12152777777777778
1 0.9697916666666667 0.1625 0.0515625 0.05347222222222222
1 0.9104166666666667 0.1625 0.06770833333333333 0.05625
1 0.94375 0.07361111111111111 0.05520833333333333 0.043055555555555555
1 0.9838541666666667 0.05694444444444444 0.03229166666666667 0.03819444444444445