1 0.39479166666666665 0.42777777777777776 0.033854166666666664 0.06111111111111111
3 0.5083333333333333 0.4465277777777778 0.03697916666666667 0.07708333333333334
1 0.2520833333333333 0.41597222222222224 0.035416666666666666 0.06319444444444444
1 0.2625 0.30486111111111114 0.0234375 0.03611111111111111
1 0.275 0.28680555555555554 0.022916666666666665 0.03680555555555556
3 0.38697916666666665 0.29375 0.020833333333333332 0.04652777777777778
0 0.4791666666666667 0.2590277777777778 0.0265625 0.07291666666666667
1 0.5979166666666667 0.35 0.0578125 0.035416666666666666
1 0.5692708333333333 0.31805555555555554 0.05416666666666667 0.03263888888888889
1 0.3067708333333333 0.23472222222222222 0.017708333333333333 0.03263888888888889
1 0.290625 0.22708333333333333 0.0265625 0.022222222222222223
2 0.4713541666666667 0.21875 0.015625 0.029861111111111113
1 0.43020833333333336 0.20208333333333334 0.013020833333333334 0.01875
1 0.43333333333333335 0.1736111111111111 0.009895833333333333 0.013888888888888888
0 0.46822916666666664 0.19930555555555557 0.016666666666666666 0.041666666666666664
0 0.4635416666666667 0.16805555555555557 0.0125 0.03263888888888889
2 0.46041666666666664 0.1527777777777778 0.009895833333333333 0.02013888888888889
1 0.44166666666666665 0.14097222222222222 0.0067708333333333336 0.009027777777777777
2 0.55625 0.7305555555555555 0.096875 0.21666666666666667
2 0.5953125 0.8763888888888889 0.11354166666666667 0.24722222222222223