3 0.6458333333333334 0.9479166666666666 0.058333333333333334 0.10347222222222222
1 0.44895833333333335 0.89375 0.041666666666666664 0.10902777777777778
1 0.3140625 0.7694444444444445 0.065625 0.06111111111111111
1 0.3151041666666667 0.6722222222222223 0.06354166666666666 0.04791666666666667
1 0.5067708333333333 0.6159722222222223 0.026041666666666668 0.04652777777777778
1 0.4192708333333333 0.5534722222222223 0.021875 0.03680555555555556
1 0.4317708333333333 0.48541666666666666 0.019791666666666666 0.03680555555555556
1 0.44427083333333334 0.4395833333333333 0.013541666666666667 0.02013888888888889
1 0.4427083333333333 0.4222222222222222 0.014583333333333334 0.022222222222222223
1 0.49895833333333334 0.35833333333333334 0.010416666666666666 0.016666666666666666
1 0.490625 0.32430555555555557 0.00625 0.011111111111111112
2 0.49635416666666665 0.30277777777777776 0.007291666666666667 0.02013888888888889
1 0.4635416666666667 0.33055555555555555 0.008333333333333333 0.013194444444444444
1 0.46875 0.3090277777777778 0.008333333333333333 0.011111111111111112
1 0.4744791666666667 0.29375 0.007291666666666667 0.009027777777777777
3 0.4828125 0.26944444444444443 0.005208333333333333 0.009027777777777777