1 0.07864583333333333 0.6055555555555555 0.06979166666666667 0.04791666666666667
0 0.21822916666666667 0.6305555555555555 0.134375 0.22430555555555556
1 0.36041666666666666 0.6340277777777777 0.04375 0.10208333333333333
1 0.434375 0.6694444444444444 0.04375 0.08680555555555555
1 0.3734375 0.24166666666666667 0.021875 0.016666666666666666
1 0.4348958333333333 0.24791666666666667 0.021875 0.01875
1 0.4510416666666667 0.43819444444444444 0.025 0.04236111111111111
1 0.5223958333333333 0.4576388888888889 0.028125 0.044444444444444446
1 0.5020833333333333 0.37777777777777777 0.022916666666666665 0.03680555555555556
3 0.503125 0.31180555555555556 0.016666666666666666 0.027777777777777776
2 0.478125 0.25555555555555554 0.014583333333333334 0.025694444444444443
1 0.6067708333333334 0.2388888888888889 0.009375 0.014583333333333334
3 0.615625 0.2388888888888889 0.014583333333333334 0.01875
1 0.6229166666666667 0.2388888888888889 0.016666666666666666 0.01875
1 0.6354166666666666 0.23819444444444443 0.014583333333333334 0.016666666666666666
1 0.6328125 0.2590277777777778 0.015625 0.01875
1 0.6171875 0.22708333333333333 0.017708333333333333 0.013194444444444444