0 0.5916666666666667 0.8319444444444445 0.05364583333333333 0.1375
1 0.2760416666666667 0.7833333333333333 0.04635416666666667 0.0875
3 0.29791666666666666 0.6694444444444444 0.034375 0.06805555555555555
3 0.1890625 0.5631944444444444 0.033854166666666664 0.052083333333333336
1 0.16041666666666668 0.5541666666666667 0.030208333333333334 0.044444444444444446
1 0.1203125 0.5638888888888889 0.0375 0.03819444444444445
1 0.16458333333333333 0.5361111111111111 0.041666666666666664 0.034027777777777775
1 0.575 0.4166666666666667 0.011979166666666667 0.018055555555555554
3 0.5666666666666667 0.3972222222222222 0.009375 0.01597222222222222
1 0.5734375 0.38333333333333336 0.008854166666666666 0.013194444444444444
1 0.5895833333333333 0.3736111111111111 0.009375 0.01597222222222222
2 0.5760416666666667 0.33958333333333335 0.04479166666666667 0.02847222222222222
2 0.5354166666666667 0.34930555555555554 0.027083333333333334 0.020833333333333332
1 0.49322916666666666 0.35 0.021875 0.013194444444444444
1 0.440625 0.33958333333333335 0.011979166666666667 0.01597222222222222
0 0.3958333333333333 0.33541666666666664 0.033854166666666664 0.025
1 0.4265625 0.3284722222222222 0.011979166666666667 0.011805555555555555
3 0.4239583333333333 0.32222222222222224 0.0125 0.011805555555555555
1 0.4140625 0.30625 0.007291666666666667 0.009027777777777777
2 0.3984375 0.3125 0.008854166666666666 0.02638888888888889
1 0.3875 0.3076388888888889 0.005729166666666666 0.009027777777777777
1 0.39427083333333335 0.29375 0.005208333333333333 0.009027777777777777
1 0.46197916666666666 0.32013888888888886 0.013020833333333334 0.010416666666666666
1 0.45364583333333336 0.325 0.014583333333333334 0.011805555555555555
0 0.56875 0.3229166666666667 0.028645833333333332 0.018055555555555554
3 0.2 0.4527777777777778 0.017708333333333333 0.03263888888888889
3 0.234375 0.4048611111111111 0.016666666666666666 0.029861111111111113
3 0.26458333333333334 0.3763888888888889 0.021875 0.018055555555555554
2 0.28177083333333336 0.475 0.05677083333333333 0.035416666666666666
1 0.27708333333333335 0.45625 0.042708333333333334 0.020833333333333332
3 0.29583333333333334 0.4354166666666667 0.03229166666666667 0.02638888888888889
2 0.30052083333333335 0.4270833333333333 0.03333333333333333 0.027777777777777776
2 0.309375 0.4027777777777778 0.0375 0.03125
2 0.31666666666666665 0.3638888888888889 0.013020833333333334 0.029861111111111113
2 0.3411458333333333 0.34791666666666665 0.057291666666666664 0.02638888888888889
0 0.3234375 0.32916666666666666 0.03958333333333333 0.02847222222222222
1 0.40989583333333335 0.2743055555555556 0.0036458333333333334 0.007638888888888889
1 0.3421875 0.29444444444444445 0.005208333333333333 0.007638888888888889
1 0.34427083333333336 0.2881944444444444 0.007291666666666667 0.00625