2 0.4322916666666667 0.5381944444444444 0.053125 0.12013888888888889
1 0.6770833333333334 0.5236111111111111 0.04010416666666667 0.04513888888888889
1 0.46875 0.4284722222222222 0.016145833333333335 0.022222222222222223
1 0.5947916666666667 0.4354166666666667 0.0234375 0.025
1 0.5697916666666667 0.4270833333333333 0.019791666666666666 0.019444444444444445
1 0.5536458333333333 0.42569444444444443 0.019791666666666666 0.019444444444444445
1 0.5416666666666666 0.41875 0.019791666666666666 0.019444444444444445
1 0.5072916666666667 0.4131944444444444 0.028125 0.02013888888888889
1 0.4875 0.4173611111111111 0.015104166666666667 0.021527777777777778
1 0.440625 0.41458333333333336 0.019791666666666666 0.025
2 0.4671875 0.40902777777777777 0.035416666666666666 0.035416666666666666