1 0.6479166666666667 0.9298611111111111 0.007291666666666667 0.014583333333333334
1 0.6052083333333333 0.9173611111111111 0.005729166666666666 0.010416666666666666
1 0.6020833333333333 0.9451388888888889 0.005729166666666666 0.01597222222222222
1 0.5713541666666667 0.7652777777777777 0.004166666666666667 0.009027777777777777
1 0.5661458333333333 0.9875 0.007291666666666667 0.016666666666666666
1 0.5765625 0.9673611111111111 0.005729166666666666 0.01597222222222222
1 0.5755208333333334 0.9895833333333334 0.007291666666666667 0.013194444444444444
1 0.5708333333333333 0.9340277777777778 0.005729166666666666 0.014583333333333334
1 0.5692708333333333 0.95 0.005729166666666666 0.014583333333333334
1 0.5708333333333333 0.8590277777777777 0.005208333333333333 0.013194444444444444
1 0.5703125 0.8743055555555556 0.005208333333333333 0.013194444444444444
1 0.5630208333333333 0.8520833333333333 0.005729166666666666 0.013194444444444444
1 0.559375 0.8638888888888889 0.005729166666666666 0.013194444444444444
1 0.5630208333333333 0.8743055555555556 0.005208333333333333 0.010416666666666666
1 0.5552083333333333 0.8861111111111111 0.005729166666666666 0.010416666666666666
1 0.5520833333333334 0.8680555555555556 0.005208333333333333 0.013194444444444444
1 0.5510416666666667 0.8555555555555555 0.005208333333333333 0.011805555555555555
3 0.5583333333333333 0.9083333333333333 0.0067708333333333336 0.018055555555555554
1 0.559375 0.9256944444444445 0.005729166666666666 0.01597222222222222
1 0.5614583333333333 0.9423611111111111 0.005208333333333333 0.01597222222222222
1 0.5557291666666667 0.8256944444444444 0.004166666666666667 0.014583333333333334
1 0.559375 0.7930555555555555 0.005208333333333333 0.011805555555555555
1 0.5541666666666667 0.8027777777777778 0.005208333333333333 0.013194444444444444
2 0.546875 0.8194444444444444 0.008854166666666666 0.03125
2 0.5427083333333333 0.7888888888888889 0.007291666666666667 0.027777777777777776
3 0.5541666666666667 0.7645833333333333 0.0036458333333333334 0.010416666666666666
1 0.5494791666666666 0.7388888888888889 0.0036458333333333334 0.007638888888888889
1 0.5463541666666667 0.7611111111111111 0.004166666666666667 0.00625
1 0.5463541666666667 0.7180555555555556 0.004166666666666667 0.00625
1 0.5401041666666667 0.7236111111111111 0.0036458333333333334 0.00625
1 0.5541666666666667 0.7055555555555556 0.003125 0.00625
1 0.5744791666666667 0.6645833333333333 0.003125 0.00625
2 0.5619791666666667 0.6354166666666666 0.005729166666666666 0.01597222222222222
1 0.5458333333333333 0.6673611111111111 0.0036458333333333334 0.00625
1 0.55 0.6590277777777778 0.003125 0.007638888888888889
1 0.5677083333333334 0.9729166666666667 0.005729166666666666 0.019444444444444445
1 0.5645833333333333 0.9583333333333334 0.005208333333333333 0.013194444444444444
2 0.5354166666666667 0.7347222222222223 0.008333333333333333 0.02847222222222222
1 0.5380208333333333 0.7555555555555555 0.005208333333333333 0.01597222222222222
1 0.5401041666666667 0.76875 0.0067708333333333336 0.01597222222222222