1 0.37395833333333334 0.4444444444444444 0.030208333333333334 0.05
1 0.446875 0.42430555555555555 0.024479166666666666 0.04583333333333333
1 0.39895833333333336 0.3576388888888889 0.022916666666666665 0.043055555555555555
1 0.4140625 0.31319444444444444 0.020833333333333332 0.029861111111111113
1 0.396875 0.3347222222222222 0.028125 0.03125
3 0.3578125 0.3236111111111111 0.043229166666666666 0.035416666666666666
3 0.5286458333333334 0.22083333333333333 0.025 0.020833333333333332
1 0.46510416666666665 0.19236111111111112 0.0109375 0.018055555555555554
1 0.46197916666666666 0.1875 0.009375 0.016666666666666666
1 0.45729166666666665 0.17708333333333334 0.008854166666666666 0.014583333333333334
1 0.4557291666666667 0.17152777777777778 0.008333333333333333 0.013194444444444444
1 0.45625 0.16666666666666666 0.0067708333333333336 0.011805555555555555
1 0.44895833333333335 0.13819444444444445 0.0067708333333333336 0.014583333333333334
1 0.44427083333333334 0.12986111111111112 0.005208333333333333 0.011805555555555555