1 0.20833333333333334 0.8590277777777777 0.053125 0.11736111111111111
1 0.23802083333333332 0.7354166666666667 0.04635416666666667 0.10555555555555556
3 0.2203125 0.2791666666666667 0.03333333333333333 0.04027777777777778
1 0.6151041666666667 0.8041666666666667 0.04635416666666667 0.10694444444444444
1 0.5375 0.74375 0.030729166666666665 0.08611111111111111
1 0.5989583333333334 0.6166666666666667 0.030208333333333334 0.07430555555555556
1 0.5317708333333333 0.48125 0.024479166666666666 0.052083333333333336
1 0.5234375 0.23194444444444445 0.017708333333333333 0.035416666666666666
1 0.43854166666666666 0.3527777777777778 0.022916666666666665 0.04722222222222222
1 0.4609375 0.27291666666666664 0.017708333333333333 0.044444444444444446
1 0.5911458333333334 0.9520833333333333 0.03697916666666667 0.09513888888888888
1 0.37083333333333335 0.9576388888888889 0.04791666666666667 0.08472222222222223
2 0.39375 0.71875 0.049479166666666664 0.17777777777777778
1 0.7682291666666666 0.9770833333333333 0.042708333333333334 0.04583333333333333
1 0.8192708333333333 0.9763888888888889 0.04479166666666667 0.04722222222222222
1 0.7520833333333333 0.88125 0.04635416666666667 0.12291666666666666
1 0.7859375 0.8541666666666666 0.05 0.12708333333333333
1 0.728125 0.7430555555555556 0.05 0.12708333333333333
1 0.746875 0.6611111111111111 0.041666666666666664 0.08333333333333333
1 0.7869791666666667 0.6631944444444444 0.03958333333333333 0.08472222222222223
1 0.778125 0.5847222222222223 0.0625 0.0798611111111111
1 0.7260416666666667 0.5611111111111111 0.03177083333333333 0.07222222222222222
1 0.7630208333333334 0.5215277777777778 0.04114583333333333 0.07083333333333333
1 0.7177083333333333 0.40347222222222223 0.03229166666666667 0.06111111111111111
2 0.5895833333333333 0.5215277777777778 0.0375 0.1125
2 0.575 0.3173611111111111 0.028125 0.08888888888888889
2 0.565625 0.21388888888888888 0.022916666666666665 0.06388888888888888
2 0.5609375 0.15625 0.021875 0.05625
1 0.5395833333333333 0.09791666666666667 0.016666666666666666 0.02638888888888889
3 0.5546875 0.07777777777777778 0.0140625 0.04027777777777778
1 0.5583333333333333 0.13472222222222222 0.013020833333333334 0.02361111111111111
2 0.5484375 0.017361111111111112 0.013020833333333334 0.027777777777777776
1 0.496875 0.01875 0.0125 0.022222222222222223
1 0.46197916666666666 0.18055555555555555 0.016145833333333335 0.034027777777777775
1 0.4739583333333333 0.11805555555555555 0.0125 0.029861111111111113
1 0.3671875 0.26180555555555557 0.030208333333333334 0.03819444444444445
3 0.37447916666666664 0.2111111111111111 0.021354166666666667 0.03819444444444445
1 0.3932291666666667 0.17152777777777778 0.0234375 0.041666666666666664
1 0.46041666666666664 0.05486111111111111 0.011979166666666667 0.02361111111111111
1 0.45677083333333335 0.03125 0.011979166666666667 0.020833333333333332
1 0.3640625 0.01875 0.0234375 0.022222222222222223
1 0.3729166666666667 0.011111111111111112 0.019791666666666666 0.016666666666666666
1 0.428125 0.058333333333333334 0.022916666666666665 0.019444444444444445
1 0.4270833333333333 0.052083333333333336 0.0265625 0.018055555555555554
1 0.42864583333333334 0.04583333333333333 0.0265625 0.018055555555555554
1 0.42916666666666664 0.03888888888888889 0.025 0.016666666666666666
1 0.4296875 0.027777777777777776 0.025520833333333333 0.014583333333333334
1 0.4317708333333333 0.020833333333333332 0.022916666666666665 0.013194444444444444
1 0.4270833333333333 0.015277777777777777 0.028125 0.016666666666666666
3 0.4317708333333333 0.006944444444444444 0.028125 0.013888888888888888