3 0.18541666666666667 0.9722222222222222 0.05364583333333333 0.05486111111111111
1 0.24791666666666667 0.8013888888888889 0.05416666666666667 0.13055555555555556
1 0.40208333333333335 0.8263888888888888 0.040625 0.11527777777777778
1 0.3458333333333333 0.6805555555555556 0.06822916666666666 0.059027777777777776
2 0.6453125 0.9465277777777777 0.05677083333333333 0.10694444444444444
1 0.5354166666666667 0.8527777777777777 0.035416666666666666 0.11388888888888889
2 0.6208333333333333 0.7291666666666666 0.058333333333333334 0.18819444444444444
1 0.6078125 0.6055555555555555 0.028645833333333332 0.07083333333333333
1 0.5385416666666667 0.6138888888888889 0.027083333333333334 0.06944444444444445
1 0.48854166666666665 0.6027777777777777 0.027083333333333334 0.08125
1 0.44114583333333335 0.5506944444444445 0.028125 0.07708333333333334
3 0.3572916666666667 0.5340277777777778 0.05416666666666667 0.05625
1 0.40572916666666664 0.49930555555555556 0.029166666666666667 0.07291666666666667
1 0.3416666666666667 0.48125 0.027083333333333334 0.06527777777777778
1 0.2708333333333333 0.43194444444444446 0.0640625 0.04027777777777778
3 0.5911458333333334 0.4166666666666667 0.028125 0.0798611111111111
1 0.5203125 0.375 0.019791666666666666 0.041666666666666664
1 0.55 0.33958333333333335 0.020833333333333332 0.041666666666666664
1 0.3671875 0.3597222222222222 0.041666666666666664 0.03680555555555556
1 0.4244791666666667 0.34444444444444444 0.021354166666666667 0.050694444444444445
1 0.36770833333333336 0.33958333333333335 0.046875 0.03680555555555556
1 0.37135416666666665 0.32083333333333336 0.0484375 0.03263888888888889
1 0.37395833333333334 0.30277777777777776 0.04479166666666667 0.035416666666666666
2 0.571875 0.2375 0.021354166666666667 0.050694444444444445
1 0.5395833333333333 0.20347222222222222 0.017708333333333333 0.03263888888888889
1 0.42083333333333334 0.2826388888888889 0.019791666666666666 0.044444444444444446
1 0.3776041666666667 0.27361111111111114 0.043229166666666666 0.03263888888888889
1 0.38177083333333334 0.25555555555555554 0.0390625 0.025
1 0.37395833333333334 0.2375 0.043229166666666666 0.027777777777777776
1 0.265625 0.25277777777777777 0.043229166666666666 0.03819444444444445
1 0.284375 0.23125 0.0390625 0.02847222222222222
3 0.38125 0.21666666666666667 0.040625 0.041666666666666664
1 0.38645833333333335 0.20833333333333334 0.0375 0.025
1 0.3885416666666667 0.19444444444444445 0.0390625 0.027777777777777776
1 0.30833333333333335 0.16111111111111112 0.033854166666666664 0.027777777777777776
1 0.31302083333333336 0.15069444444444444 0.03229166666666667 0.022222222222222223
1 0.3182291666666667 0.1388888888888889 0.033854166666666664 0.027777777777777776
1 0.39895833333333336 0.1486111111111111 0.030208333333333334 0.022222222222222223
1 0.4 0.1361111111111111 0.029166666666666667 0.02361111111111111
1 0.4041666666666667 0.12569444444444444 0.029166666666666667 0.020833333333333332
1 0.3171875 0.10555555555555556 0.016666666666666666 0.029861111111111113
1 0.29791666666666666 0.10208333333333333 0.015625 0.03125
1 0.46458333333333335 0.1423611111111111 0.014583333333333334 0.03125
1 0.4666666666666667 0.1111111111111111 0.0140625 0.02638888888888889
1 0.49166666666666664 0.09930555555555555 0.0140625 0.02847222222222222
1 0.5020833333333333 0.06527777777777778 0.0140625 0.02638888888888889
1 0.5229166666666667 0.06111111111111111 0.011979166666666667 0.02361111111111111
1 0.5421875 0.07430555555555556 0.0125 0.02361111111111111
3 0.540625 0.05416666666666667 0.011979166666666667 0.027777777777777776
1 0.5270833333333333 0.04236111111111111 0.0125 0.022222222222222223
1 0.521875 0.025 0.0125 0.02361111111111111
1 0.5260416666666666 0.011111111111111112 0.0109375 0.022222222222222223
0 0.5427083333333333 0.024305555555555556 0.020833333333333332 0.04861111111111111
3 0.4239583333333333 0.02638888888888889 0.027083333333333334 0.02638888888888889
1 0.365625 0.03194444444444444 0.021875 0.019444444444444445