1 0.5958333333333333 0.7951388888888888 0.05572916666666667 0.08819444444444445
1 0.6276041666666666 0.7451388888888889 0.057291666666666664 0.08611111111111111
1 0.58125 0.6493055555555556 0.0453125 0.05763888888888889
1 0.5140625 0.5284722222222222 0.035416666666666666 0.041666666666666664
1 0.4588541666666667 0.4652777777777778 0.027083333333333334 0.034027777777777775
1 0.4557291666666667 0.43472222222222223 0.021875 0.03263888888888889
1 0.19895833333333332 0.30069444444444443 0.0140625 0.027083333333333334
3 0.2 0.2902777777777778 0.013020833333333334 0.025
1 0.23020833333333332 0.2826388888888889 0.011458333333333333 0.01875
1 0.25104166666666666 0.275 0.0109375 0.01875
3 0.23958333333333334 0.2604166666666667 0.009895833333333333 0.02013888888888889
1 0.23072916666666668 0.24444444444444444 0.010416666666666666 0.016666666666666666
1 0.2359375 0.22708333333333333 0.015625 0.013194444444444444
1 0.21145833333333333 0.22291666666666668 0.0109375 0.013194444444444444
1 0.030208333333333334 0.22291666666666668 0.016145833333333335 0.014583333333333334
3 0.05520833333333333 0.22152777777777777 0.017708333333333333 0.01597222222222222
1 0.4125 0.4173611111111111 0.019270833333333334 0.02847222222222222
1 0.42083333333333334 0.36527777777777776 0.015104166666666667 0.022916666666666665
1 0.41875 0.35208333333333336 0.017708333333333333 0.021527777777777778
1 0.384375 0.3034722222222222 0.013020833333333334 0.01875
1 0.3770833333333333 0.29305555555555557 0.013020833333333334 0.019444444444444445
1 0.625 0.33819444444444446 0.03229166666666667 0.025
1 0.646875 0.35 0.025520833333333333 0.027777777777777776
1 0.6484375 0.3229166666666667 0.01875 0.021527777777777778
3 0.6302083333333334 0.3173611111111111 0.024479166666666666 0.030555555555555555
1 0.6125 0.3215277777777778 0.0203125 0.027083333333333334
1 0.6005208333333333 0.31666666666666665 0.020833333333333332 0.022222222222222223
1 0.6145833333333334 0.3125 0.019270833333333334 0.021527777777777778
1 0.49375 0.21597222222222223 0.0203125 0.011111111111111112
1 0.5770833333333333 0.25069444444444444 0.0125 0.011805555555555555
1 0.6614583333333334 0.30069444444444443 0.027083333333333334 0.017361111111111112
1 0.6625 0.31805555555555554 0.019791666666666666 0.025
1 0.6791666666666667 0.31805555555555554 0.021354166666666667 0.021527777777777778
1 0.6927083333333334 0.3159722222222222 0.019791666666666666 0.025
1 0.59375 0.29097222222222224 0.01875 0.027777777777777776
1 0.6114583333333333 0.2923611111111111 0.019270833333333334 0.02013888888888889
1 0.7171875 0.3423611111111111 0.022916666666666665 0.024305555555555556
1 0.5260416666666666 0.18333333333333332 0.015104166666666667 0.011111111111111112
1 0.5541666666666667 0.1840277777777778 0.013541666666666667 0.009027777777777777
1 0.5677083333333334 0.18333333333333332 0.011979166666666667 0.009027777777777777
1 0.5770833333333333 0.18472222222222223 0.0140625 0.008333333333333333
1 0.27395833333333336 0.22916666666666666 0.008854166666666666 0.011805555555555555
1 0.2828125 0.22569444444444445 0.008333333333333333 0.011111111111111112
1 0.2833333333333333 0.22013888888888888 0.008854166666666666 0.010416666666666666
1 0.271875 0.22291666666666668 0.009375 0.011111111111111112
1 0.271875 0.21666666666666667 0.0078125 0.009027777777777777
3 0.26875 0.21180555555555555 0.0078125 0.011805555555555555
1 0.265625 0.20902777777777778 0.0067708333333333336 0.011111111111111112
1 0.2604166666666667 0.1909722222222222 0.00625 0.009027777777777777
1 0.30520833333333336 0.20902777777777778 0.0078125 0.010416666666666666
1 0.2833333333333333 0.2152777777777778 0.013541666666666667 0.011805555555555555
1 0.28958333333333336 0.21180555555555555 0.016145833333333335 0.011111111111111112
1 0.20833333333333334 0.1798611111111111 0.0140625 0.009027777777777777
1 0.22760416666666666 0.1736111111111111 0.005208333333333333 0.004861111111111111
1 0.234375 0.15486111111111112 0.0046875 0.007638888888888889
3 0.240625 0.18263888888888888 0.013020833333333334 0.011111111111111112
0 0.26875 0.17847222222222223 0.03125 0.016666666666666666
0 0.2859375 0.17430555555555555 0.03125 0.017361111111111112
0 0.3151041666666667 0.1798611111111111 0.034375 0.016666666666666666
1 0.30052083333333335 0.20416666666666666 0.007291666666666667 0.010416666666666666
1 0.21979166666666666 0.14166666666666666 0.004166666666666667 0.005555555555555556
1 0.2375 0.1361111111111111 0.003125 0.005555555555555556
1 0.259375 0.15625 0.0046875 0.007638888888888889
1 0.25625 0.15069444444444444 0.004166666666666667 0.005555555555555556
1 0.27291666666666664 0.16597222222222222 0.005208333333333333 0.00625