1 0.546875 0.10208333333333333 0.010416666666666666 0.03680555555555556
1 0.5359375 0.2 0.011458333333333333 0.04791666666666667
1 0.5557291666666667 0.22569444444444445 0.011458333333333333 0.04791666666666667
1 0.5328125 0.28541666666666665 0.011458333333333333 0.04791666666666667
1 0.5609375 0.31319444444444444 0.011458333333333333 0.04791666666666667
1 0.5171875 0.3333333333333333 0.011458333333333333 0.04791666666666667
1 0.5380208333333333 0.3590277777777778 0.011458333333333333 0.04791666666666667
1 0.5723958333333333 0.40347222222222223 0.011458333333333333 0.04791666666666667
1 0.5567708333333333 0.425 0.011458333333333333 0.05347222222222222
1 0.5291666666666667 0.42777777777777776 0.0125 0.052083333333333336
1 0.5109375 0.40069444444444446 0.013541666666666667 0.05347222222222222
1 0.5447916666666667 0.46458333333333335 0.014583333333333334 0.04791666666666667
1 0.5270833333333333 0.5020833333333333 0.014583333333333334 0.04791666666666667
1 0.5473958333333333 0.6423611111111112 0.015625 0.04791666666666667
1 0.53125 0.5861111111111111 0.022916666666666665 0.05
1 0.5744791666666667 0.6909722222222222 0.013541666666666667 0.04791666666666667
1 0.5265625 0.7472222222222222 0.011458333333333333 0.04652777777777778
1 0.5848958333333333 0.8166666666666667 0.011458333333333333 0.04791666666666667
1 0.5536458333333333 0.8840277777777777 0.011458333333333333 0.05347222222222222
3 0.49166666666666664 0.7916666666666666 0.014583333333333334 0.05
1 0.48854166666666665 0.9076388888888889 0.0125 0.04791666666666667
1 0.490625 0.8534722222222222 0.0125 0.04791666666666667
1 0.4875 0.9715277777777778 0.0125 0.05
1 0.4890625 0.33819444444444446 0.017708333333333333 0.04652777777777778
1 0.5916666666666667 0.2465277777777778 0.01875 0.044444444444444446
1 0.5744791666666667 0.11944444444444445 0.013541666666666667 0.04652777777777778
1 0.965625 0.37777777777777777 0.025 0.022222222222222223
1 0.9348958333333334 0.4076388888888889 0.026041666666666668 0.022222222222222223
1 0.8723958333333334 0.4076388888888889 0.026041666666666668 0.025694444444444443
1 0.8432291666666667 0.4027777777777778 0.026041666666666668 0.024305555555555556
1 0.7895833333333333 0.4 0.027083333333333334 0.025694444444444443
1 0.7557291666666667 0.40555555555555556 0.021875 0.025694444444444443
1 0.7177083333333333 0.43125 0.025 0.022222222222222223
1 0.4869791666666667 0.47430555555555554 0.026041666666666668 0.04097222222222222
1 0.43802083333333336 0.35555555555555557 0.026041666666666668 0.022222222222222223
1 0.4359375 0.3909722222222222 0.026041666666666668 0.022222222222222223
1 0.3984375 0.35555555555555557 0.026041666666666668 0.022222222222222223
1 0.3453125 0.35347222222222224 0.028125 0.022222222222222223
1 0.34270833333333334 0.3854166666666667 0.027083333333333334 0.022222222222222223
1 0.40625 0.38819444444444445 0.025 0.024305555555555556
1 0.41354166666666664 0.43680555555555556 0.027083333333333334 0.025694444444444443
3 0.73125 0.3993055555555556 0.025 0.024305555555555556
1 0.74375 0.6118055555555556 0.027083333333333334 0.024305555555555556
1 0.8067708333333333 0.6166666666666667 0.028125 0.022222222222222223
1 0.8364583333333333 0.6194444444444445 0.029166666666666667 0.024305555555555556
1 0.8661458333333333 0.6194444444444445 0.026041666666666668 0.024305555555555556
1 0.9020833333333333 0.6215277777777778 0.022916666666666665 0.024305555555555556
1 0.9661458333333334 0.5965277777777778 0.03229166666666667 0.025694444444444443
1 0.37447916666666664 0.60625 0.030208333333333334 0.024305555555555556
1 0.3177083333333333 0.6388888888888888 0.014583333333333334 0.04791666666666667
1 0.4015625 0.6451388888888889 0.013541666666666667 0.04652777777777778
1 0.41770833333333335 0.6444444444444445 0.0125 0.04791666666666667
1 0.46510416666666665 0.9791666666666666 0.017708333333333333 0.041666666666666664
1 0.5046875 0.9777777777777777 0.013541666666666667 0.044444444444444446
2 0.5234375 0.8840277777777777 0.017708333333333333 0.06458333333333334
1 0.25364583333333335 0.40069444444444446 0.026041666666666668 0.024305555555555556
1 0.2328125 0.38125 0.026041666666666668 0.022222222222222223
1 0.12239583333333333 0.37777777777777777 0.026041666666666668 0.022222222222222223
1 0.026041666666666668 0.8256944444444444 0.029166666666666667 0.044444444444444446
1 0.071875 0.8229166666666666 0.025 0.04236111111111111
1 0.2203125 0.8284722222222223 0.021875 0.04652777777777778
1 0.25677083333333334 0.83125 0.028125 0.052083333333333336
1 0.008333333333333333 0.8215277777777777 0.016666666666666666 0.04652777777777778
2 0.778125 0.6034722222222222 0.027083333333333334 0.022222222222222223
2 0.8286458333333333 0.5965277777777778 0.026041666666666668 0.022222222222222223
1 0.19479166666666667 0.07222222222222222 0.027083333333333334 0.029861111111111113
1 0.8901041666666667 0.09097222222222222 0.015625 0.044444444444444446
1 0.8760416666666667 0.09236111111111112 0.014583333333333334 0.044444444444444446
1 0.7640625 0.06736111111111111 0.013541666666666667 0.03888888888888889
1 0.7901041666666667 0.0798611111111111 0.013541666666666667 0.04097222222222222
2 0.9026041666666667 0.07777777777777778 0.015625 0.05555555555555555
2 0.7760416666666666 0.07847222222222222 0.0125 0.04236111111111111
1 0.8619791666666666 0.08819444444444445 0.011458333333333333 0.04236111111111111
1 0.7166666666666667 0.08888888888888889 0.022916666666666665 0.022222222222222223
1 0.7182291666666667 0.11041666666666666 0.021875 0.02013888888888889
1 0.9447916666666667 0.8895833333333333 0.029166666666666667 0.024305555555555556
1 0.9453125 0.9173611111111111 0.030208333333333334 0.024305555555555556
1 0.06614583333333333 0.38263888888888886 0.026041666666666668 0.024305555555555556
3 0.6510416666666666 0.45208333333333334 0.029166666666666667 0.025694444444444443