1 0.22760416666666666 0.006944444444444444 0.011458333333333333 0.013888888888888888
1 0.20625 0.00625 0.010416666666666666 0.0125
1 0.2109375 0.07569444444444444 0.013020833333333334 0.02847222222222222
1 0.24375 0.04861111111111111 0.018229166666666668 0.02361111111111111
1 0.2682291666666667 0.04652777777777778 0.016666666666666666 0.027777777777777776
1 0.35625 0.12152777777777778 0.027083333333333334 0.02638888888888889
1 0.32447916666666665 0.19027777777777777 0.04114583333333333 0.03819444444444445
1 0.4041666666666667 0.24097222222222223 0.0359375 0.04583333333333333
3 0.36614583333333334 0.2777777777777778 0.033854166666666664 0.06666666666666667
3 0.284375 0.03888888888888889 0.013020833333333334 0.025
1 0.240625 0.16180555555555556 0.04583333333333333 0.03888888888888889
1 0.3140625 0.08263888888888889 0.021875 0.02638888888888889
1 0.3 0.035416666666666666 0.013020833333333334 0.018055555555555554
1 0.28802083333333334 0.016666666666666666 0.0125 0.022222222222222223
3 0.30104166666666665 0.020833333333333332 0.019791666666666666 0.02361111111111111
3 0.3375 0.06597222222222222 0.03697916666666667 0.03263888888888889
3 0.30625 0.04652777777777778 0.016666666666666666 0.025
1 0.45260416666666664 0.3298611111111111 0.040625 0.05625
1 0.509375 0.46875 0.050520833333333334 0.07430555555555556
1 0.5833333333333334 0.6833333333333333 0.07083333333333333 0.12291666666666666
1 0.6557291666666667 0.9180555555555555 0.09322916666666667 0.16319444444444445
1 0.9828125 0.4173611111111111 0.034375 0.06944444444444445
1 0.8697916666666666 0.3770833333333333 0.06302083333333333 0.06666666666666667
1 0.821875 0.30694444444444446 0.049479166666666664 0.05
1 0.7536458333333333 0.19236111111111112 0.06041666666666667 0.03680555555555556
1 0.8432291666666667 0.2 0.0515625 0.02847222222222222
1 0.6416666666666667 0.21180555555555555 0.0515625 0.03888888888888889
1 0.6317708333333333 0.16458333333333333 0.0515625 0.034027777777777775
1 0.6645833333333333 0.19027777777777777 0.053125 0.03819444444444445
1 0.5739583333333333 0.19236111111111112 0.05364583333333333 0.034027777777777775
1 0.33958333333333335 0.43472222222222223 0.042708333333333334 0.09027777777777778
2 0.04791666666666667 0.7493055555555556 0.09583333333333334 0.09583333333333334