1 0.5442708333333334 0.7034722222222223 0.08177083333333333 0.1388888888888889
1 0.4421875 0.6013888888888889 0.0625 0.1125
1 0.15208333333333332 0.5284722222222222 0.090625 0.07708333333333334
1 0.3463541666666667 0.1423611111111111 0.029166666666666667 0.03680555555555556
1 0.2942708333333333 0.07222222222222222 0.016145833333333335 0.02361111111111111
1 0.26979166666666665 0.07222222222222222 0.014583333333333334 0.020833333333333332
1 0.2755208333333333 0.05 0.014583333333333334 0.020833333333333332
1 0.24583333333333332 0.029166666666666667 0.0125 0.014583333333333334
1 0.23854166666666668 0.06180555555555556 0.015625 0.027777777777777776
1 0.196875 0.011111111111111112 0.013020833333333334 0.014583333333333334
1 0.20520833333333333 0.03819444444444445 0.014583333333333334 0.02361111111111111
1 0.2390625 0.010416666666666666 0.010416666666666666 0.018055555555555554
3 0.3140625 0.06319444444444444 0.014583333333333334 0.022222222222222223
3 0.20416666666666666 0.16527777777777777 0.0234375 0.059027777777777776
2 0.7291666666666666 0.8875 0.14947916666666666 0.225
1 0.6729166666666667 0.9409722222222222 0.1015625 0.11736111111111111
0 0.7010416666666667 0.575 0.17864583333333334 0.2534722222222222