2 0.034375 0.10277777777777777 0.03958333333333333 0.03263888888888889
2 0.08697916666666666 0.10972222222222222 0.0375 0.02638888888888889
1 0.1328125 0.11527777777777778 0.030208333333333334 0.018055555555555554
1 0.18020833333333333 0.11666666666666667 0.0265625 0.018055555555555554
2 0.04479166666666667 0.06736111111111111 0.033854166666666664 0.022222222222222223
1 0.14947916666666666 0.2048611111111111 0.017708333333333333 0.022222222222222223
2 0.6973958333333333 0.4284722222222222 0.052083333333333336 0.07847222222222222
1 0.5442708333333334 0.35625 0.0234375 0.043055555555555555
1 0.6953125 0.3263888888888889 0.027083333333333334 0.03819444444444445
2 0.5854166666666667 0.1423611111111111 0.021875 0.03888888888888889
1 0.5505208333333333 0.08888888888888889 0.011979166666666667 0.01597222222222222
3 0.5557291666666667 0.05486111111111111 0.008854166666666666 0.01597222222222222
3 0.5411458333333333 0.05347222222222222 0.010416666666666666 0.01597222222222222
3 0.528125 0.03819444444444445 0.008854166666666666 0.018055555555555554
1 0.5395833333333333 0.04236111111111111 0.008854166666666666 0.011805555555555555
1 0.4875 0.07430555555555556 0.008854166666666666 0.01597222222222222
1 0.4140625 0.12777777777777777 0.029166666666666667 0.018055555555555554
1 0.5145833333333333 0.030555555555555555 0.007291666666666667 0.011805555555555555
1 0.49375 0.020833333333333332 0.008333333333333333 0.010416666666666666
1 0.47708333333333336 0.018055555555555554 0.007291666666666667 0.013194444444444444
1 0.47291666666666665 0.004861111111111111 0.0067708333333333336 0.009027777777777777
1 0.5213541666666667 0.027083333333333334 0.007291666666666667 0.011805555555555555
1 0.5208333333333334 0.019444444444444445 0.0067708333333333336 0.010416666666666666
1 0.5114583333333333 0.004166666666666667 0.0067708333333333336 0.007638888888888889
2 0.7942708333333334 0.12777777777777777 0.065625 0.04861111111111111
3 0.846875 0.14375 0.03229166666666667 0.02361111111111111
1 0.9234375 0.15416666666666667 0.03229166666666667 0.018055555555555554
1 0.9130208333333333 0.1486111111111111 0.028645833333333332 0.016666666666666666
1 0.9046875 0.14305555555555555 0.027083333333333334 0.016666666666666666
1 0.8927083333333333 0.13402777777777777 0.025 0.014583333333333334
2 0.8807291666666667 0.12222222222222222 0.030729166666666665 0.022222222222222223
1 0.8755208333333333 0.12013888888888889 0.030208333333333334 0.018055555555555554
1 0.8645833333333334 0.11527777777777778 0.025520833333333333 0.01597222222222222
3 0.8489583333333334 0.10555555555555556 0.022916666666666665 0.020833333333333332
1 0.8375 0.10069444444444445 0.0234375 0.013194444444444444
1 0.8296875 0.09722222222222222 0.019791666666666666 0.011805555555555555
1 0.8255208333333334 0.09375 0.021354166666666667 0.011805555555555555
1 0.8177083333333334 0.08958333333333333 0.021875 0.014583333333333334
3 0.809375 0.08125 0.019791666666666666 0.01597222222222222
3 0.8046875 0.07916666666666666 0.019791666666666666 0.014583333333333334
1 0.8 0.07777777777777778 0.020833333333333332 0.014583333333333334
1 0.79375 0.07361111111111111 0.021354166666666667 0.014583333333333334
1 0.971875 0.16041666666666668 0.028125 0.016666666666666666
1 0.9583333333333334 0.15138888888888888 0.033854166666666664 0.01597222222222222
1 0.9442708333333333 0.1423611111111111 0.030729166666666665 0.01597222222222222
1 0.9359375 0.1388888888888889 0.0265625 0.016666666666666666
1 0.9244791666666666 0.13402777777777777 0.0234375 0.014583333333333334
3 0.915625 0.12569444444444444 0.028125 0.018055555555555554
3 0.9078125 0.12152777777777778 0.022916666666666665 0.01597222222222222
1 0.8932291666666666 0.11180555555555556 0.024479166666666666 0.011805555555555555
1 0.8848958333333333 0.10694444444444444 0.024479166666666666 0.010416666666666666
1 0.875 0.10347222222222222 0.0234375 0.013194444444444444
1 0.8552083333333333 0.09305555555555556 0.03229166666666667 0.013194444444444444
1 0.8416666666666667 0.0875 0.0234375 0.013194444444444444
1 0.83125 0.08402777777777778 0.024479166666666666 0.016666666666666666
3 0.8239583333333333 0.07222222222222222 0.019791666666666666 0.014583333333333334
3 0.8177083333333334 0.07152777777777777 0.021875 0.014583333333333334
1 0.7994791666666666 0.0625 0.018229166666666668 0.013194444444444444
3 0.790625 0.05694444444444444 0.019270833333333334 0.011805555555555555
3 0.7833333333333333 0.05347222222222222 0.017708333333333333 0.01597222222222222
1 0.7869791666666667 0.027777777777777776 0.016666666666666666 0.010416666666666666
3 0.9916666666666667 0.12777777777777777 0.016145833333333335 0.014583333333333334
3 0.9854166666666667 0.12222222222222222 0.022916666666666665 0.014583333333333334
1 0.975 0.11875 0.016145833333333335 0.01597222222222222
1 0.9645833333333333 0.11388888888888889 0.019791666666666666 0.01597222222222222
1 0.953125 0.10833333333333334 0.020833333333333332 0.01597222222222222
1 0.940625 0.10277777777777777 0.025520833333333333 0.014583333333333334
1 0.9317708333333333 0.09513888888888888 0.024479166666666666 0.01597222222222222
1 0.925 0.09375 0.0234375 0.011805555555555555
3 0.9151041666666667 0.08819444444444445 0.022916666666666665 0.016666666666666666
1 0.903125 0.08333333333333333 0.021875 0.014583333333333334
1 0.8666666666666667 0.06736111111111111 0.020833333333333332 0.014583333333333334
1 0.8567708333333334 0.06180555555555556 0.016145833333333335 0.011805555555555555
1 0.8505208333333333 0.059722222222222225 0.021875 0.011805555555555555
3 0.8380208333333333 0.05277777777777778 0.0140625 0.011805555555555555
3 0.8463541666666666 0.05486111111111111 0.016145833333333335 0.013194444444444444
1 0.834375 0.05 0.018229166666666668 0.01597222222222222
1 0.8192708333333333 0.043055555555555555 0.019791666666666666 0.010416666666666666
3 0.8145833333333333 0.04097222222222222 0.016666666666666666 0.014583333333333334
3 0.8015625 0.034722222222222224 0.017708333333333333 0.014583333333333334
2 0.36041666666666666 0.13194444444444445 0.05364583333333333 0.041666666666666664
1 0.8515625 0.65 0.06041666666666667 0.0798611111111111