1 0.8484375 0.7097222222222223 0.096875 0.08611111111111111
1 0.7416666666666667 0.5152777777777777 0.065625 0.07847222222222222
1 0.5958333333333333 0.5375 0.050520833333333334 0.08888888888888889
1 0.6598958333333333 0.4222222222222222 0.05677083333333333 0.06041666666666667
1 0.5484375 0.4583333333333333 0.0484375 0.06111111111111111
1 0.5963541666666666 0.34652777777777777 0.042708333333333334 0.08125
1 0.48072916666666665 0.5784722222222223 0.0375 0.09305555555555556
1 0.4546875 0.4798611111111111 0.04635416666666667 0.07291666666666667
1 0.41041666666666665 0.3902777777777778 0.03229166666666667 0.08472222222222223
3 0.18958333333333333 0.43194444444444446 0.041666666666666664 0.10347222222222222
3 0.20052083333333334 0.5694444444444444 0.05 0.1375
1 0.1234375 0.13402777777777777 0.019270833333333334 0.03263888888888889
1 0.10677083333333333 0.12430555555555556 0.028125 0.02847222222222222
1 0.06302083333333333 0.11666666666666667 0.04583333333333333 0.02847222222222222
1 0.07708333333333334 0.10416666666666667 0.046875 0.025
1 0.06614583333333333 0.0798611111111111 0.035416666666666666 0.02638888888888889
1 0.10364583333333334 0.08125 0.0234375 0.03125
1 0.13072916666666667 0.07152777777777777 0.0140625 0.03263888888888889
3 0.6885416666666667 0.18472222222222223 0.040625 0.03819444444444445
3 0.684375 0.2611111111111111 0.04114583333333333 0.04027777777777778
3 0.703125 0.2881944444444444 0.0375 0.05625
3 0.865625 0.26666666666666666 0.04583333333333333 0.0625
1 0.9234375 0.31180555555555556 0.057291666666666664 0.04861111111111111
1 0.8302083333333333 0.31666666666666665 0.025 0.05763888888888889
1 0.7421875 0.22361111111111112 0.0359375 0.041666666666666664