1 0.1390625 0.9208333333333333 0.07604166666666666 0.15833333333333333
3 0.04375 0.7888888888888889 0.08333333333333333 0.08125
1 0.215625 0.6145833333333334 0.05 0.09652777777777778
1 0.3567708333333333 0.3770833333333333 0.028125 0.05763888888888889
1 0.5046875 0.4395833333333333 0.028125 0.05763888888888889
1 0.3145833333333333 0.21736111111111112 0.025 0.035416666666666666
2 0.2171875 0.41875 0.08645833333333333 0.06666666666666667
1 0.140625 0.375 0.03125 0.06111111111111111
1 0.5807291666666666 0.3416666666666667 0.051041666666666666 0.04652777777777778
3 0.43645833333333334 0.3506944444444444 0.04375 0.07222222222222222
3 0.453125 0.12013888888888889 0.016666666666666666 0.029861111111111113
1 0.36041666666666666 0.1423611111111111 0.01875 0.029861111111111113
1 0.37864583333333335 0.12152777777777778 0.017708333333333333 0.027777777777777776
1 0.39427083333333335 0.10347222222222222 0.015625 0.025694444444444443
1 0.45677083333333335 0.08333333333333333 0.015625 0.025694444444444443
1 0.5276041666666667 0.26875 0.017708333333333333 0.03680555555555556
1 0.5817708333333333 0.23055555555555557 0.019791666666666666 0.03888888888888889
1 0.13177083333333334 0.5222222222222223 0.046875 0.1
1 0.08177083333333333 0.5166666666666667 0.04895833333333333 0.1
1 0.021875 0.51875 0.04375 0.07430555555555556
1 0.10416666666666667 0.3840277777777778 0.03125 0.05763888888888889
1 0.06041666666666667 0.38055555555555554 0.03125 0.05763888888888889
1 0.019270833333333334 0.3861111111111111 0.030208333333333334 0.05347222222222222
1 0.17708333333333334 0.37222222222222223 0.03125 0.04791666666666667
1 0.23072916666666668 0.3145833333333333 0.051041666666666666 0.03680555555555556
1 0.240625 0.29444444444444445 0.04583333333333333 0.029861111111111113
1 0.25364583333333335 0.275 0.04479166666666667 0.027777777777777776
1 0.28020833333333334 0.14444444444444443 0.016666666666666666 0.029861111111111113
1 0.2989583333333333 0.16180555555555556 0.01875 0.03125
1 0.3802083333333333 0.09791666666666667 0.020833333333333332 0.025694444444444443
1 0.3802083333333333 0.07569444444444444 0.016666666666666666 0.022222222222222223
1 0.490625 0.034027777777777775 0.0125 0.024305555555555556
2 0.46979166666666666 0.04791666666666667 0.0125 0.022222222222222223
1 0.515625 0.10486111111111111 0.014583333333333334 0.024305555555555556
1 0.6083333333333333 0.15763888888888888 0.016666666666666666 0.029861111111111113
1 0.5984375 0.13402777777777777 0.023958333333333335 0.02013888888888889
3 0.61875 0.9138888888888889 0.052083333333333336 0.12430555555555556