1 0.5796875 0.8333333333333334 0.043229166666666666 0.1527777777777778
1 0.43802083333333336 0.8131944444444444 0.044270833333333336 0.14652777777777778
3 0.42864583333333334 0.9583333333333334 0.04114583333333333 0.08333333333333333
1 0.5005208333333333 0.7222222222222222 0.04583333333333333 0.12916666666666668
1 0.49635416666666665 0.5208333333333334 0.033854166666666664 0.10069444444444445
1 0.4546875 0.5222222222222223 0.03333333333333333 0.09513888888888888
1 0.465625 0.43680555555555556 0.035416666666666666 0.09166666666666666
1 0.459375 0.3597222222222222 0.05 0.08125
1 0.4296875 0.01875 0.040625 0.029861111111111113
1 0.43802083333333336 0.011111111111111112 0.03333333333333333 0.022222222222222223
1 0.46927083333333336 0.28055555555555556 0.024479166666666666 0.06666666666666667
3 0.47708333333333336 0.22361111111111112 0.024479166666666666 0.06805555555555555
1 0.4744791666666667 0.16666666666666666 0.0234375 0.05625
1 0.4765625 0.12013888888888889 0.020833333333333332 0.04722222222222222
1 0.4817708333333333 0.08611111111111111 0.017708333333333333 0.044444444444444446
1 0.48072916666666665 0.044444444444444446 0.019791666666666666 0.044444444444444446
3 0.521875 0.09236111111111112 0.019270833333333334 0.04027777777777778
1 0.7276041666666667 0.44513888888888886 0.041666666666666664 0.07708333333333334
1 0.6916666666666667 0.2965277777777778 0.028645833333333332 0.05486111111111111
1 0.70625 0.3576388888888889 0.03333333333333333 0.06111111111111111
1 0.6348958333333333 0.13680555555555557 0.019791666666666666 0.04027777777777778
1 0.6807291666666667 0.2388888888888889 0.025520833333333333 0.04722222222222222
1 0.6666666666666666 0.1798611111111111 0.0234375 0.04027777777777778
1 0.6333333333333333 0.03819444444444445 0.020833333333333332 0.03125
1 0.640625 0.06319444444444444 0.016666666666666666 0.029861111111111113
1 0.6479166666666667 0.09861111111111111 0.016666666666666666 0.03263888888888889
1 0.9432291666666667 0.425 0.05 0.03680555555555556
1 0.9244791666666666 0.39166666666666666 0.05520833333333333 0.04583333333333333
1 0.9078125 0.35694444444444445 0.05364583333333333 0.052083333333333336
1 0.8807291666666667 0.30069444444444443 0.05364583333333333 0.04722222222222222
1 0.8578125 0.2465277777777778 0.059375 0.04861111111111111
1 0.8333333333333334 0.19236111111111112 0.0515625 0.03888888888888889
1 0.8255208333333334 0.16666666666666666 0.05 0.03819444444444445
1 0.8104166666666667 0.14722222222222223 0.043229166666666666 0.03819444444444445
1 0.9770833333333333 0.18541666666666667 0.03697916666666667 0.05763888888888889
1 0.9765625 0.07222222222222222 0.03229166666666667 0.041666666666666664
1 0.8875 0.07361111111111111 0.0265625 0.04027777777777778
1 0.915625 0.06875 0.030208333333333334 0.04027777777777778
1 0.8671875 0.07291666666666667 0.028645833333333332 0.03680555555555556