1 0.5932291666666667 0.9416666666666667 0.06041666666666667 0.11666666666666667
1 0.16666666666666666 0.9381944444444444 0.0578125 0.12291666666666666
1 0.25416666666666665 0.6159722222222223 0.04583333333333333 0.08819444444444445
1 0.32447916666666665 0.5729166666666666 0.03125 0.06944444444444445
1 0.3072916666666667 0.48194444444444445 0.029166666666666667 0.05486111111111111
1 0.4875 0.3236111111111111 0.022395833333333334 0.02847222222222222
1 0.4354166666666667 0.2708333333333333 0.015104166666666667 0.025
3 0.44166666666666665 0.24722222222222223 0.016666666666666666 0.029861111111111113
1 0.35572916666666665 0.2763888888888889 0.015625 0.02847222222222222
1 0.3614583333333333 0.20625 0.019791666666666666 0.021527777777777778
1 0.3640625 0.19583333333333333 0.0125 0.019444444444444445
1 0.3614583333333333 0.17916666666666667 0.0109375 0.017361111111111112
1 0.37604166666666666 0.16180555555555556 0.010416666666666666 0.016666666666666666
1 0.3927083333333333 0.16041666666666668 0.011458333333333333 0.01875
1 0.3770833333333333 0.14444444444444443 0.009895833333333333 0.014583333333333334
1 0.3770833333333333 0.13541666666666666 0.008854166666666666 0.013888888888888888
3 0.4192708333333333 0.1423611111111111 0.011458333333333333 0.022916666666666665
1 0.41041666666666665 0.15347222222222223 0.009895833333333333 0.017361111111111112
1 0.40208333333333335 0.13958333333333334 0.010416666666666666 0.013888888888888888
1 0.40625 0.12986111111111112 0.008854166666666666 0.011805555555555555
3 0.39375 0.12916666666666668 0.015625 0.022916666666666665
0 0.38385416666666666 0.1076388888888889 0.014583333333333334 0.022222222222222223
1 0.9375 0.5784722222222223 0.0671875 0.05
1 0.8989583333333333 0.5541666666666667 0.0609375 0.050694444444444445
1 0.8489583333333334 0.51875 0.06354166666666666 0.05486111111111111
1 0.8192708333333333 0.5013888888888889 0.05520833333333333 0.05486111111111111
1 0.790625 0.4798611111111111 0.0453125 0.04791666666666667
1 0.7614583333333333 0.46458333333333335 0.04583333333333333 0.04722222222222222
1 0.7354166666666667 0.42430555555555555 0.0515625 0.034027777777777775
2 0.7447916666666666 0.4444444444444444 0.0578125 0.04236111111111111
1 0.6515625 0.5041666666666667 0.042708333333333334 0.03611111111111111
1 0.6458333333333334 0.47152777777777777 0.04479166666666667 0.03819444444444445
1 0.7151041666666667 0.4048611111111111 0.03958333333333333 0.027083333333333334
1 0.7083333333333334 0.3923611111111111 0.052083333333333336 0.03263888888888889
1 0.6885416666666667 0.36736111111111114 0.041666666666666664 0.034027777777777775
3 0.7083333333333334 0.3736111111111111 0.0390625 0.034027777777777775
1 0.66875 0.33402777777777776 0.03854166666666667 0.02847222222222222
3 0.6875 0.3506944444444444 0.03697916666666667 0.030555555555555555
3 0.6802083333333333 0.34097222222222223 0.03697916666666667 0.035416666666666666
1 0.6651041666666667 0.32569444444444445 0.040625 0.029861111111111113
3 0.6520833333333333 0.2916666666666667 0.0328125 0.025694444444444443
1 0.6666666666666666 0.31319444444444444 0.0390625 0.022916666666666665
1 0.6578125 0.3076388888888889 0.036458333333333336 0.025694444444444443
1 0.6427083333333333 0.2881944444444444 0.027604166666666666 0.022222222222222223
1 0.6234375 0.27569444444444446 0.023958333333333335 0.027083333333333334
3 0.6052083333333333 0.25833333333333336 0.025 0.03333333333333333
2 0.5911458333333334 0.23541666666666666 0.028125 0.024305555555555556
3 0.58125 0.325 0.0390625 0.03333333333333333
3 0.5822916666666667 0.31319444444444444 0.028645833333333332 0.027083333333333334
3 0.578125 0.30625 0.034375 0.03125
3 0.565625 0.28958333333333336 0.0390625 0.035416666666666666
3 0.5635416666666667 0.27847222222222223 0.029166666666666667 0.02847222222222222
3 0.55 0.2611111111111111 0.029166666666666667 0.029861111111111113
1 0.5526041666666667 0.24513888888888888 0.026041666666666668 0.01875
1 0.9135416666666667 0.21666666666666667 0.028645833333333332 0.022222222222222223
1 0.9447916666666667 0.20555555555555555 0.025520833333333333 0.022222222222222223
2 0.25625 0.22916666666666666 0.020833333333333332 0.06041666666666667
3 0.2755208333333333 0.19375 0.021875 0.022222222222222223
1 0.28020833333333334 0.1798611111111111 0.019270833333333334 0.01597222222222222
1 0.27395833333333336 0.16180555555555556 0.018229166666666668 0.01597222222222222
1 0.2864583333333333 0.17152777777777778 0.019270833333333334 0.014583333333333334
3 0.39791666666666664 0.11875 0.009895833333333333 0.014583333333333334
1 0.503125 0.12152777777777778 0.016145833333333335 0.019444444444444445