3 0.815625 0.7833333333333333 0.06197916666666667 0.06666666666666667
1 0.7895833333333333 0.6513888888888889 0.05416666666666667 0.035416666666666666
1 0.7880208333333333 0.6118055555555556 0.044270833333333336 0.03125
1 0.7739583333333333 0.5944444444444444 0.043229166666666666 0.03125
1 0.37135416666666665 0.7895833333333333 0.03697916666666667 0.06805555555555555
1 0.16041666666666668 0.8159722222222222 0.0765625 0.05486111111111111
3 0.7067708333333333 0.49583333333333335 0.0140625 0.025
1 0.6708333333333333 0.5326388888888889 0.020833333333333332 0.016666666666666666
1 0.6255208333333333 0.5520833333333334 0.019270833333333334 0.027777777777777776
1 0.5322916666666667 0.5347222222222222 0.016145833333333335 0.02361111111111111
1 0.6104166666666667 0.5034722222222222 0.013020833333333334 0.02638888888888889
1 0.6369791666666667 0.45625 0.014583333333333334 0.02361111111111111
2 0.5973958333333333 0.46111111111111114 0.025520833333333333 0.05486111111111111
2 0.5697916666666667 0.41458333333333336 0.016145833333333335 0.034027777777777775
2 0.6036458333333333 0.3819444444444444 0.008854166666666666 0.01597222222222222
3 0.5895833333333333 0.3861111111111111 0.008333333333333333 0.014583333333333334
1 0.5557291666666667 0.40555555555555556 0.008854166666666666 0.016666666666666666
1 0.5244791666666667 0.41944444444444445 0.008333333333333333 0.013194444444444444
1 0.5229166666666667 0.40694444444444444 0.007291666666666667 0.011805555555555555
3 0.5208333333333334 0.39861111111111114 0.005208333333333333 0.013194444444444444
1 0.5192708333333333 0.3902777777777778 0.0067708333333333336 0.009027777777777777
1 0.5166666666666667 0.38333333333333336 0.0067708333333333336 0.010416666666666666
1 0.5130208333333334 0.3715277777777778 0.0067708333333333336 0.010416666666666666
1 0.5104166666666666 0.36666666666666664 0.005729166666666666 0.011805555555555555
1 0.5109375 0.3576388888888889 0.005729166666666666 0.009027777777777777
1 0.5083333333333333 0.34097222222222223 0.005729166666666666 0.007638888888888889
1 0.5020833333333333 0.47152777777777777 0.011979166666666667 0.019444444444444445
1 0.5052083333333334 0.40069444444444446 0.008854166666666666 0.011805555555555555
3 0.5005208333333333 0.39305555555555555 0.0067708333333333336 0.014583333333333334
1 0.4979166666666667 0.37222222222222223 0.005729166666666666 0.010416666666666666
1 0.4953125 0.3541666666666667 0.005208333333333333 0.007638888888888889
1 0.49947916666666664 0.34930555555555554 0.004166666666666667 0.007638888888888889
1 0.49375 0.3451388888888889 0.005208333333333333 0.007638888888888889
1 0.4953125 0.3402777777777778 0.005208333333333333 0.009027777777777777
3 0.48541666666666666 0.3368055555555556 0.004166666666666667 0.009027777777777777
1 0.48541666666666666 0.34652777777777777 0.004166666666666667 0.007638888888888889
1 0.4895833333333333 0.35833333333333334 0.0067708333333333336 0.007638888888888889
1 0.47708333333333336 0.3888888888888889 0.008333333333333333 0.011805555555555555
3 0.46458333333333335 0.37083333333333335 0.005729166666666666 0.009027777777777777
1 0.46458333333333335 0.37916666666666665 0.005729166666666666 0.010416666666666666
1 0.4625 0.38680555555555557 0.007291666666666667 0.013194444444444444
3 0.4713541666666667 0.4027777777777778 0.008854166666666666 0.018055555555555554
1 0.4817708333333333 0.4173611111111111 0.009375 0.014583333333333334
1 0.4661458333333333 0.41388888888888886 0.008854166666666666 0.016666666666666666
3 0.19895833333333332 0.5729166666666666 0.04791666666666667 0.03819444444444445
1 0.2125 0.5527777777777778 0.044270833333333336 0.02847222222222222
1 0.225 0.5430555555555555 0.03958333333333333 0.029861111111111113
1 0.23541666666666666 0.5305555555555556 0.0359375 0.02638888888888889
1 0.2484375 0.525 0.03958333333333333 0.027777777777777776
1 0.2630208333333333 0.5145833333333333 0.033854166666666664 0.019444444444444445
1 0.26510416666666664 0.4930555555555556 0.027083333333333334 0.02361111111111111
1 0.33489583333333334 0.475 0.0140625 0.022222222222222223
1 0.3515625 0.45555555555555555 0.011979166666666667 0.016666666666666666
1 0.36302083333333335 0.4375 0.0109375 0.019444444444444445
1 0.3729166666666667 0.42777777777777776 0.021354166666666667 0.01597222222222222
2 0.3692708333333333 0.4215277777777778 0.009375 0.014583333333333334
3 0.38229166666666664 0.41180555555555554 0.008854166666666666 0.01597222222222222
3 0.38385416666666666 0.40694444444444444 0.007291666666666667 0.014583333333333334
1 0.36666666666666664 0.38472222222222224 0.008854166666666666 0.011805555555555555
1 0.4192708333333333 0.4125 0.0109375 0.014583333333333334
1 0.4270833333333333 0.39444444444444443 0.007291666666666667 0.011805555555555555
1 0.425 0.35555555555555557 0.013020833333333334 0.010416666666666666
1 0.3885416666666667 0.36041666666666666 0.0067708333333333336 0.011805555555555555
1 0.3984375 0.3548611111111111 0.011979166666666667 0.009027777777777777
1 0.4015625 0.34444444444444444 0.005729166666666666 0.009027777777777777
1 0.42239583333333336 0.34375 0.0036458333333333334 0.007638888888888889
1 0.42552083333333335 0.33541666666666664 0.005208333333333333 0.009027777777777777
3 0.41510416666666666 0.33125 0.0036458333333333334 0.00625