1 0.4791666666666667 0.7472222222222222 0.075 0.1451388888888889
1 0.41041666666666665 0.30486111111111114 0.029166666666666667 0.041666666666666664
1 0.475 0.37916666666666665 0.04114583333333333 0.05486111111111111
1 0.39166666666666666 0.36319444444444443 0.0359375 0.05763888888888889
1 0.346875 0.3854166666666667 0.035416666666666666 0.06041666666666667
1 0.2708333333333333 0.16944444444444445 0.020833333333333332 0.035416666666666666
3 0.1828125 0.04236111111111111 0.0125 0.035416666666666666
1 0.3145833333333333 0.14305555555555555 0.019791666666666666 0.027777777777777776
1 0.2604166666666667 0.05138888888888889 0.0234375 0.019444444444444445
1 0.28802083333333334 0.05555555555555555 0.013020833333333334 0.016666666666666666
1 0.26197916666666665 0.016666666666666666 0.011979166666666667 0.016666666666666666
1 0.3541666666666667 0.19166666666666668 0.028125 0.035416666666666666
1 0.34739583333333335 0.29375 0.03333333333333333 0.05347222222222222
1 0.2390625 0.0125 0.011979166666666667 0.014583333333333334
1 0.9442708333333333 0.21458333333333332 0.03958333333333333 0.03680555555555556
1 0.9203125 0.20555555555555555 0.0359375 0.03263888888888889
1 0.9401041666666666 0.1909722222222222 0.0390625 0.034027777777777775
1 0.9166666666666666 0.17916666666666667 0.029166666666666667 0.02361111111111111
1 0.9098958333333333 0.17222222222222222 0.03177083333333333 0.022222222222222223
1 0.9041666666666667 0.1986111111111111 0.03177083333333333 0.02638888888888889
3 0.8489583333333334 0.1673611111111111 0.03333333333333333 0.03125
3 0.834375 0.16111111111111112 0.030729166666666665 0.029861111111111113
1 0.8729166666666667 0.16111111111111112 0.03229166666666667 0.029861111111111113
3 0.8505208333333333 0.14375 0.028645833333333332 0.02847222222222222
3 0.8333333333333334 0.1388888888888889 0.034375 0.03263888888888889
1 0.8182291666666667 0.1597222222222222 0.030208333333333334 0.02638888888888889
1 0.8145833333333333 0.13819444444444445 0.024479166666666666 0.022222222222222223
1 0.8005208333333333 0.15 0.030729166666666665 0.029861111111111113
1 0.7838541666666666 0.14375 0.028125 0.02847222222222222
1 0.7723958333333333 0.1388888888888889 0.030208333333333334 0.02638888888888889
1 0.8052083333333333 0.12986111111111112 0.028125 0.019444444444444445
1 0.7927083333333333 0.12708333333333333 0.0265625 0.020833333333333332
1 0.7807291666666667 0.12083333333333333 0.030729166666666665 0.025
1 0.8770833333333333 0.12361111111111112 0.029166666666666667 0.022222222222222223
1 0.853125 0.10972222222222222 0.025 0.02361111111111111
1 0.8369791666666667 0.10347222222222222 0.027083333333333334 0.02361111111111111
3 0.8260416666666667 0.09444444444444444 0.025520833333333333 0.025
1 0.8104166666666667 0.09375 0.025520833333333333 0.022222222222222223
1 0.7979166666666667 0.08958333333333333 0.025 0.022222222222222223
3 0.7880208333333333 0.0798611111111111 0.0265625 0.02638888888888889
1 0.7625 0.07361111111111111 0.0265625 0.022222222222222223
3 0.7520833333333333 0.06944444444444445 0.025 0.02361111111111111
3 0.721875 0.06041666666666667 0.022916666666666665 0.020833333333333332
1 0.7546875 0.1284722222222222 0.030208333333333334 0.025
1 0.7666666666666667 0.11319444444444444 0.027083333333333334 0.022222222222222223
3 0.7567708333333333 0.10625 0.028125 0.025
3 0.7432291666666667 0.10138888888888889 0.024479166666666666 0.027777777777777776
3 0.709375 0.08680555555555555 0.022916666666666665 0.025
1 0.7026041666666667 0.05347222222222222 0.022916666666666665 0.01597222222222222
1 0.6911458333333333 0.04583333333333333 0.020833333333333332 0.018055555555555554
1 0.6854166666666667 0.04513888888888889 0.0234375 0.016666666666666666
1 0.6895833333333333 0.07916666666666666 0.025520833333333333 0.022222222222222223
1 0.6697916666666667 0.07222222222222222 0.021875 0.022222222222222223
1 0.65 0.06388888888888888 0.020833333333333332 0.018055555555555554
3 0.5739583333333333 0.024305555555555556 0.019791666666666666 0.019444444444444445
1 0.5869791666666667 0.05 0.018229166666666668 0.018055555555555554
1 0.5833333333333334 0.007638888888888889 0.01875 0.015277777777777777
1 0.5989583333333334 0.010416666666666666 0.015625 0.013194444444444444
1 0.4354166666666667 0.011805555555555555 0.024479166666666666 0.01597222222222222
1 0.453125 0.013888888888888888 0.020833333333333332 0.014583333333333334
1 0.5161458333333333 0.00625 0.017708333333333333 0.0125
1 0.6333333333333333 0.058333333333333334 0.019270833333333334 0.016666666666666666
1 0.6010416666666667 0.05486111111111111 0.022916666666666665 0.018055555555555554
1 0.46927083333333336 0.3034722222222222 0.0390625 0.04722222222222222
3 0.384375 0.47847222222222224 0.0515625 0.11736111111111111
2 0.4432291666666667 0.4722222222222222 0.059375 0.09652777777777778
3 0.36666666666666664 0.11805555555555555 0.018229166666666668 0.029861111111111113