3 0.5067708333333333 0.5055555555555555 0.0484375 0.10972222222222222
3 0.4791666666666667 0.4048611111111111 0.030729166666666665 0.06388888888888888
3 0.3151041666666667 0.7916666666666666 0.05520833333333333 0.16111111111111112
3 0.2015625 0.6118055555555556 0.06927083333333334 0.15694444444444444
3 0.028125 0.5395833333333333 0.05572916666666667 0.09166666666666666
3 0.2046875 0.1840277777777778 0.052083333333333336 0.041666666666666664
1 0.33177083333333335 0.375 0.0265625 0.0625
1 0.36302083333333335 0.1284722222222222 0.016145833333333335 0.027777777777777776
1 0.38958333333333334 0.11805555555555555 0.016145833333333335 0.027777777777777776
1 0.43645833333333334 0.12638888888888888 0.0140625 0.025
1 0.3729166666666667 0.06666666666666667 0.011979166666666667 0.01597222222222222
1 0.409375 0.07222222222222222 0.0109375 0.016666666666666666
3 0.4083333333333333 0.09791666666666667 0.0125 0.02361111111111111
3 0.40625 0.04861111111111111 0.009375 0.018055555555555554
1 0.34791666666666665 0.05 0.011979166666666667 0.01597222222222222
1 0.36875 0.034027777777777775 0.008333333333333333 0.010416666666666666
1 0.36041666666666666 0.025 0.009375 0.01597222222222222
1 0.3484375 0.022222222222222223 0.008854166666666666 0.01597222222222222
1 0.025 0.7451388888888889 0.05 0.10694444444444444
1 0.26614583333333336 0.09791666666666667 0.030729166666666665 0.020833333333333332
1 0.2682291666666667 0.0798611111111111 0.028645833333333332 0.018055555555555554
1 0.278125 0.06527777777777778 0.028645833333333332 0.018055555555555554
1 0.246875 0.07222222222222222 0.028645833333333332 0.019444444444444445
1 0.19375 0.2986111111111111 0.030208333333333334 0.04861111111111111
1 0.15364583333333334 0.3034722222222222 0.0265625 0.03888888888888889
1 0.5182291666666666 0.1 0.019791666666666666 0.019444444444444445
1 0.503125 0.08055555555555556 0.020833333333333332 0.019444444444444445
1 0.4864583333333333 0.04722222222222222 0.015625 0.01597222222222222