1 0.7119791666666667 0.45208333333333334 0.071875 0.044444444444444446
3 0.6526041666666667 0.4888888888888889 0.059375 0.05555555555555555
1 0.48489583333333336 0.3611111111111111 0.051041666666666666 0.03333333333333333
1 0.4661458333333333 0.34930555555555554 0.046875 0.03125
3 0.48385416666666664 0.33541666666666664 0.04479166666666667 0.029861111111111113
1 0.5703125 0.3527777777777778 0.021875 0.03888888888888889
1 0.5270833333333333 0.21180555555555555 0.0125 0.02013888888888889
1 0.5114583333333333 0.21041666666666667 0.0125 0.016666666666666666
1 0.49270833333333336 0.2111111111111111 0.010416666666666666 0.01875
3 0.478125 0.20902777777777778 0.0125 0.01875
2 0.4557291666666667 0.19375 0.021875 0.04236111111111111
3 0.421875 0.20069444444444445 0.0125 0.02013888888888889
3 0.4375 0.2048611111111111 0.014583333333333334 0.027777777777777776
3 0.5729166666666666 0.22430555555555556 0.016666666666666666 0.025694444444444443
3 0.584375 0.19722222222222222 0.01875 0.02013888888888889