1 0.496875 0.4722222222222222 0.10364583333333334 0.09513888888888888
1 0.2526041666666667 0.8569444444444444 0.15677083333333333 0.1375
1 0.28229166666666666 0.7388888888888889 0.13385416666666666 0.11527777777777778
1 0.296875 0.6416666666666667 0.13177083333333334 0.09444444444444444
1 0.31302083333333336 0.5694444444444444 0.12083333333333333 0.0798611111111111
1 0.309375 0.5152777777777777 0.10833333333333334 0.07083333333333333
1 0.3359375 0.47152777777777777 0.09427083333333333 0.0798611111111111
1 0.34791666666666665 0.4131944444444444 0.09791666666666667 0.07291666666666667
1 0.3494791666666667 0.36527777777777776 0.084375 0.06944444444444445
1 0.7005208333333334 0.6055555555555555 0.12291666666666666 0.12013888888888889
1 0.6807291666666667 0.4673611111111111 0.1 0.0798611111111111
1 0.6609375 0.40208333333333335 0.09270833333333334 0.07222222222222222
1 0.646875 0.35 0.090625 0.06527777777777778
1 0.6416666666666667 0.30486111111111114 0.08385416666666666 0.06041666666666667
1 0.6453125 0.27569444444444446 0.08333333333333333 0.05763888888888889
1 0.6427083333333333 0.2465277777777778 0.075 0.05625
1 0.74375 0.27569444444444446 0.040625 0.07291666666666667
1 0.8833333333333333 0.6583333333333333 0.08385416666666666 0.16319444444444445
1 0.9489583333333333 0.8416666666666667 0.10208333333333333 0.20555555555555555
1 0.9796875 0.3055555555555556 0.040625 0.07430555555555556
1 0.7015625 0.13055555555555556 0.06197916666666667 0.041666666666666664
1 0.7645833333333333 0.075 0.0265625 0.04027777777777778
1 0.7833333333333333 0.02638888888888889 0.03229166666666667 0.044444444444444446
1 0.7302083333333333 0.11527777777777778 0.058854166666666666 0.03888888888888889
1 0.7963541666666667 0.10555555555555556 0.053125 0.044444444444444446
3 0.8369791666666667 0.0763888888888889 0.034375 0.05625
3 0.6359375 0.19930555555555557 0.053125 0.06388888888888888
1 0.646875 0.08888888888888889 0.05 0.034027777777777775
1 0.5807291666666666 0.06875 0.057291666666666664 0.03819444444444445
3 0.646875 0.02013888888888889 0.025520833333333333 0.04027777777777778
1 0.815625 0.013888888888888888 0.027083333333333334 0.027777777777777776
1 0.7723958333333333 0.3611111111111111 0.04791666666666667 0.09652777777777778
1 0.865625 0.05763888888888889 0.0234375 0.03680555555555556