1 0.29270833333333335 0.3159722222222222 0.0125 0.01597222222222222
1 0.27708333333333335 0.3263888888888889 0.016666666666666666 0.019444444444444445
1 0.2609375 0.31805555555555554 0.021875 0.013888888888888888
1 0.2635416666666667 0.32569444444444445 0.0140625 0.014583333333333334
1 0.2875 0.40555555555555556 0.021354166666666667 0.025694444444444443
1 0.271875 0.4284722222222222 0.0234375 0.025
3 0.2604166666666667 0.4326388888888889 0.0359375 0.034027777777777775
1 0.25625 0.4486111111111111 0.034895833333333334 0.030555555555555555
1 0.24270833333333333 0.46041666666666664 0.03697916666666667 0.030555555555555555
3 0.18333333333333332 0.5590277777777778 0.04583333333333333 0.09097222222222222
1 0.12083333333333333 0.5791666666666667 0.04375 0.050694444444444445
1 0.125 0.7763888888888889 0.06302083333333333 0.08611111111111111
1 0.17239583333333333 0.6701388888888888 0.046875 0.07569444444444444
0 0.19895833333333332 0.69375 0.09947916666666666 0.20208333333333334
1 0.22604166666666667 0.8069444444444445 0.05520833333333333 0.10069444444444445
1 0.2833333333333333 0.7951388888888888 0.044270833333333336 0.09097222222222222
1 0.2635416666666667 0.5618055555555556 0.027604166666666666 0.04513888888888889
1 0.32916666666666666 0.8645833333333334 0.04635416666666667 0.11041666666666666
1 0.35104166666666664 0.7534722222222222 0.0390625 0.08888888888888889
1 0.3104166666666667 0.6868055555555556 0.036458333333333336 0.06736111111111111
1 0.28541666666666665 0.6104166666666667 0.03177083333333333 0.05277777777777778
1 0.32916666666666666 0.6048611111111111 0.028645833333333332 0.052083333333333336
1 0.30625 0.5340277777777778 0.0265625 0.04236111111111111
1 0.29010416666666666 0.5076388888888889 0.023958333333333335 0.03611111111111111
0 0.29635416666666664 0.4395833333333333 0.04375 0.07291666666666667
1 0.31979166666666664 0.41805555555555557 0.0171875 0.027083333333333334
1 0.36354166666666665 0.66875 0.035416666666666666 0.08263888888888889
1 0.37395833333333334 0.6131944444444445 0.028125 0.052083333333333336
1 0.3802083333333333 0.5520833333333334 0.026041666666666668 0.05486111111111111
1 0.384375 0.5194444444444445 0.021354166666666667 0.03680555555555556
1 0.39010416666666664 0.48819444444444443 0.019791666666666666 0.035416666666666666
1 0.39114583333333336 0.46597222222222223 0.01875 0.03333333333333333
1 0.3541666666666667 0.49930555555555556 0.021354166666666667 0.03611111111111111
1 0.36354166666666665 0.45694444444444443 0.018229166666666668 0.03263888888888889
1 0.3375 0.4222222222222222 0.019270833333333334 0.03680555555555556
1 0.33645833333333336 0.39166666666666666 0.016145833333333335 0.022222222222222223
1 0.3458333333333333 0.37430555555555556 0.014583333333333334 0.02013888888888889
1 0.3765625 0.4215277777777778 0.016666666666666666 0.027777777777777776
1 0.3578125 0.4027777777777778 0.015625 0.027777777777777776
1 0.35625 0.3541666666666667 0.0125 0.017361111111111112
1 0.36354166666666665 0.33819444444444446 0.011979166666666667 0.016666666666666666
1 0.3645833333333333 0.37569444444444444 0.014583333333333334 0.025
1 0.38125 0.3909722222222222 0.014583333333333334 0.025694444444444443
1 0.4083333333333333 0.3375 0.011458333333333333 0.017361111111111112
1 0.39479166666666665 0.37430555555555556 0.016666666666666666 0.027083333333333334
1 0.3723958333333333 0.36180555555555555 0.0125 0.01875
1 0.3776041666666667 0.3423611111111111 0.0125 0.017361111111111112
1 0.3796875 0.3298611111111111 0.011458333333333333 0.01597222222222222
1 0.390625 0.3590277777777778 0.011979166666666667 0.021527777777777778
1 0.39791666666666664 0.32708333333333334 0.009895833333333333 0.016666666666666666
1 0.39375 0.3375 0.0109375 0.01597222222222222
1 0.38645833333333335 0.31319444444444444 0.010416666666666666 0.013888888888888888
1 0.4171875 0.3055555555555556 0.009375 0.014583333333333334
1 0.40208333333333335 0.31875 0.009895833333333333 0.014583333333333334
1 0.40208333333333335 0.3111111111111111 0.009895833333333333 0.013194444444444444
1 0.3984375 0.3055555555555556 0.0125 0.016666666666666666
1 0.39166666666666666 0.29930555555555555 0.008854166666666666 0.013194444444444444
1 0.4041666666666667 0.30069444444444443 0.008854166666666666 0.011805555555555555
1 0.40625 0.2951388888888889 0.008333333333333333 0.013194444444444444
0 0.3734375 0.2972222222222222 0.014583333333333334 0.03680555555555556
1 0.4348958333333333 0.31875 0.009375 0.014583333333333334
1 0.43333333333333335 0.34375 0.0109375 0.013888888888888888
1 0.4348958333333333 0.36736111111111114 0.0125 0.01875
1 0.4348958333333333 0.3951388888888889 0.013541666666666667 0.022222222222222223
1 0.4375 0.4479166666666667 0.018229166666666668 0.03263888888888889
1 0.4510416666666667 0.3770833333333333 0.011979166666666667 0.021527777777777778
1 0.46770833333333334 0.36180555555555555 0.0125 0.017361111111111112
1 0.4479166666666667 0.3145833333333333 0.009895833333333333 0.013888888888888888
1 0.46145833333333336 0.3173611111111111 0.008854166666666666 0.013888888888888888
1 0.45 0.29375 0.008333333333333333 0.016666666666666666
1 0.4375 0.29097222222222224 0.007291666666666667 0.013194444444444444
1 0.4197916666666667 0.28958333333333336 0.0078125 0.013194444444444444
0 0.45208333333333334 0.33611111111111114 0.015104166666666667 0.04097222222222222
1 0.4635416666666667 0.44166666666666665 0.016666666666666666 0.027777777777777776
1 0.43645833333333334 0.49722222222222223 0.0203125 0.03125
1 0.49166666666666664 0.49166666666666664 0.021875 0.03680555555555556
1 0.4354166666666667 0.5659722222222222 0.023958333333333335 0.03958333333333333
1 0.478125 0.6298611111111111 0.027604166666666666 0.04791666666666667
1 0.5166666666666667 0.5798611111111112 0.0296875 0.04791666666666667
1 0.465625 0.7715277777777778 0.03697916666666667 0.08263888888888889
1 0.55625 0.875 0.0515625 0.10902777777777778
1 0.625 0.8680555555555556 0.05260416666666667 0.09513888888888888
0 0.47708333333333336 0.31527777777777777 0.016145833333333335 0.03263888888888889
0 0.48541666666666666 0.3277777777777778 0.016145833333333335 0.03680555555555556
1 0.48541666666666666 0.3506944444444444 0.011979166666666667 0.019444444444444445
0 0.4947916666666667 0.3840277777777778 0.020833333333333332 0.05763888888888889
3 0.6614583333333334 0.5131944444444444 0.035416666666666666 0.049305555555555554
1 0.8020833333333334 0.5638888888888889 0.0421875 0.044444444444444446
3 0.6927083333333334 0.5368055555555555 0.0484375 0.041666666666666664
1 0.7052083333333333 0.55 0.0515625 0.035416666666666666
1 0.715625 0.5666666666666667 0.0609375 0.03888888888888889
1 0.7286458333333333 0.5819444444444445 0.05520833333333333 0.041666666666666664
1 0.7484375 0.5986111111111111 0.06145833333333333 0.03958333333333333
1 0.7604166666666666 0.6368055555555555 0.07083333333333333 0.04722222222222222
1 0.7776041666666667 0.6583333333333333 0.071875 0.04791666666666667
1 0.8348958333333333 0.7104166666666667 0.08645833333333333 0.05625
1 0.85625 0.7430555555555556 0.090625 0.06597222222222222
1 0.9166666666666666 0.80625 0.1015625 0.07013888888888889