1 0.029166666666666667 0.6826388888888889 0.058333333333333334 0.10416666666666667
1 0.13958333333333334 0.5159722222222223 0.03958333333333333 0.050694444444444445
1 0.20208333333333334 0.42430555555555555 0.034375 0.05347222222222222
1 0.23958333333333334 0.36666666666666664 0.04791666666666667 0.035416666666666666
1 0.24270833333333333 0.34652777777777777 0.021875 0.03888888888888889
3 0.2765625 0.30833333333333335 0.0234375 0.041666666666666664
3 0.28489583333333335 0.29375 0.016666666666666666 0.03819444444444445
1 0.35572916666666665 0.29444444444444445 0.020833333333333332 0.02847222222222222
1 0.37916666666666665 0.2326388888888889 0.013020833333333334 0.020833333333333332
1 0.278125 0.21875 0.016145833333333335 0.019444444444444445
1 0.3223958333333333 0.2388888888888889 0.018229166666666668 0.025
1 0.3307291666666667 0.22013888888888888 0.0140625 0.022222222222222223
1 0.35625 0.18611111111111112 0.0140625 0.019444444444444445
2 0.3921875 0.1951388888888889 0.018229166666666668 0.04027777777777778
1 0.33125 0.15416666666666667 0.0125 0.01597222222222222
2 0.37083333333333335 0.14305555555555555 0.03958333333333333 0.025
1 0.39114583333333336 0.14305555555555555 0.017708333333333333 0.014583333333333334
1 0.3494791666666667 0.1388888888888889 0.019791666666666666 0.013194444444444444
1 0.35885416666666664 0.12361111111111112 0.008854166666666666 0.011805555555555555
1 0.38958333333333334 0.12013888888888889 0.007291666666666667 0.010416666666666666
3 0.38177083333333334 0.09791666666666667 0.005729166666666666 0.010416666666666666
1 0.4869791666666667 0.08194444444444444 0.004166666666666667 0.009027777777777777
1 0.490625 0.08888888888888889 0.005208333333333333 0.007638888888888889
1 0.4869791666666667 0.10347222222222222 0.005208333333333333 0.007638888888888889
1 0.4869791666666667 0.09722222222222222 0.004166666666666667 0.009027777777777777
1 0.5067708333333333 0.11388888888888889 0.005729166666666666 0.010416666666666666
1 0.4635416666666667 0.07916666666666666 0.005208333333333333 0.00625
3 0.46875 0.12013888888888889 0.0067708333333333336 0.013194444444444444
1 0.46927083333333336 0.09236111111111112 0.005208333333333333 0.009027777777777777
1 0.47552083333333334 0.09444444444444444 0.005208333333333333 0.009027777777777777
1 0.47604166666666664 0.1076388888888889 0.005208333333333333 0.009027777777777777
1 0.4864583333333333 0.12152777777777778 0.005208333333333333 0.010416666666666666
3 0.4765625 0.15069444444444444 0.008854166666666666 0.016666666666666666
1 0.48072916666666665 0.15902777777777777 0.010416666666666666 0.014583333333333334
3 0.4895833333333333 0.1486111111111111 0.0067708333333333336 0.014583333333333334
1 0.49270833333333336 0.15763888888888888 0.008854166666666666 0.011805555555555555
2 0.5109375 0.13055555555555556 0.008854166666666666 0.020833333333333332
1 0.5135416666666667 0.14305555555555555 0.008333333333333333 0.011805555555555555
3 0.515625 0.16111111111111112 0.007291666666666667 0.016666666666666666
1 0.5208333333333334 0.17777777777777778 0.008854166666666666 0.018055555555555554
1 0.5255208333333333 0.18333333333333332 0.0125 0.018055555555555554
1 0.5192708333333333 0.2604166666666667 0.0140625 0.020833333333333332
1 0.509375 0.31180555555555556 0.016666666666666666 0.027777777777777776
1 0.44166666666666665 0.20555555555555555 0.0109375 0.019444444444444445
1 0.44583333333333336 0.19236111111111112 0.011979166666666667 0.01597222222222222
1 0.4453125 0.1798611111111111 0.0109375 0.016666666666666666
1 0.44583333333333336 0.17291666666666666 0.007291666666666667 0.014583333333333334
1 0.5567708333333333 0.3111111111111111 0.017708333333333333 0.02638888888888889
1 0.5505208333333333 0.2833333333333333 0.015625 0.02847222222222222
1 0.5479166666666667 0.26944444444444443 0.013020833333333334 0.020833333333333332
3 0.5416666666666666 0.24513888888888888 0.011979166666666667 0.025
1 0.5401041666666667 0.2361111111111111 0.0109375 0.022222222222222223
1 0.5354166666666667 0.21805555555555556 0.013020833333333334 0.018055555555555554
1 0.5317708333333333 0.20416666666666666 0.0109375 0.01597222222222222
1 0.9208333333333333 0.8402777777777778 0.08958333333333333 0.12291666666666666
1 0.9057291666666667 0.6465277777777778 0.06979166666666667 0.06388888888888888
1 0.9286458333333333 0.5756944444444444 0.05572916666666667 0.0875
2 0.7880208333333333 0.5375 0.10833333333333334 0.20625
3 0.8536458333333333 0.4777777777777778 0.03802083333333333 0.06944444444444445
1 0.7651041666666667 0.38333333333333336 0.052083333333333336 0.03263888888888889
2 0.646875 0.29791666666666666 0.033854166666666664 0.06527777777777778
1 0.6046875 0.2611111111111111 0.016666666666666666 0.025