3 0.6494791666666667 0.84375 0.08020833333333334 0.14791666666666667
3 0.4953125 0.30694444444444446 0.041666666666666664 0.04722222222222222
3 0.3645833333333333 0.23472222222222222 0.03229166666666667 0.03263888888888889
1 0.6104166666666667 0.7465277777777778 0.11197916666666667 0.08611111111111111
1 0.64375 0.6743055555555556 0.09635416666666667 0.09166666666666666
1 0.6208333333333333 0.6263888888888889 0.103125 0.07569444444444444
1 0.6296875 0.5541666666666667 0.09322916666666667 0.0625
1 0.5963541666666666 0.5305555555555556 0.0734375 0.05486111111111111
1 0.5880208333333333 0.5006944444444444 0.07447916666666667 0.06041666666666667
1 0.6072916666666667 0.4722222222222222 0.071875 0.05486111111111111
1 0.22083333333333333 0.61875 0.10364583333333334 0.07222222222222222
1 0.3177083333333333 0.49930555555555556 0.08072916666666667 0.0625
1 0.3145833333333333 0.4666666666666667 0.04791666666666667 0.05763888888888889
1 0.340625 0.3861111111111111 0.03802083333333333 0.06111111111111111
1 0.33958333333333335 0.35347222222222224 0.0484375 0.043055555555555555
1 0.346875 0.32569444444444445 0.049479166666666664 0.04722222222222222
1 0.5442708333333334 0.45625 0.065625 0.044444444444444446
1 0.5302083333333333 0.42986111111111114 0.057291666666666664 0.044444444444444446
1 0.528125 0.4048611111111111 0.053125 0.04583333333333333
1 0.5223958333333333 0.38333333333333336 0.050520833333333334 0.04722222222222222
1 0.51875 0.3611111111111111 0.0390625 0.03680555555555556
1 0.50625 0.3458333333333333 0.04791666666666667 0.043055555555555555
1 0.521875 0.32916666666666666 0.053125 0.041666666666666664
1 0.5208333333333334 0.3013888888888889 0.030208333333333334 0.03263888888888889
1 0.11197916666666667 0.8326388888888889 0.115625 0.09444444444444444
1 0.07760416666666667 0.7041666666666667 0.1125 0.08472222222222223
1 0.10260416666666666 0.6284722222222222 0.10833333333333334 0.07847222222222222
1 0.4979166666666667 0.2847222222222222 0.03958333333333333 0.02638888888888889
1 0.49322916666666666 0.27291666666666664 0.04114583333333333 0.034027777777777775
1 0.48489583333333336 0.2625 0.034375 0.02847222222222222
1 0.4869791666666667 0.25 0.03802083333333333 0.02847222222222222
1 0.4822916666666667 0.23958333333333334 0.035416666666666666 0.029861111111111113
1 0.4822916666666667 0.22708333333333333 0.035416666666666666 0.029861111111111113
1 0.47604166666666664 0.22430555555555556 0.03177083333333333 0.029861111111111113
1 0.48020833333333335 0.19722222222222222 0.013020833333333334 0.02638888888888889
1 0.4791666666666667 0.18680555555555556 0.013020833333333334 0.02361111111111111
1 0.475 0.1763888888888889 0.011979166666666667 0.02361111111111111
1 0.4739583333333333 0.16458333333333333 0.0109375 0.020833333333333332
1 0.4708333333333333 0.15694444444444444 0.010416666666666666 0.02361111111111111
1 0.371875 0.22361111111111112 0.0375 0.02361111111111111
1 0.36614583333333334 0.21458333333333332 0.017708333333333333 0.02847222222222222
1 0.3484375 0.17291666666666666 0.03229166666666667 0.025
1 0.35052083333333334 0.16458333333333333 0.028125 0.03125
1 0.21979166666666666 0.6708333333333333 0.11041666666666666 0.07291666666666667
1 0.3020833333333333 0.5520833333333334 0.0390625 0.08263888888888889
1 0.43802083333333336 0.17222222222222222 0.015625 0.025
1 0.4119791666666667 0.15 0.017708333333333333 0.020833333333333332
1 0.4578125 0.12916666666666668 0.019791666666666666 0.020833333333333332
1 0.4979166666666667 0.16875 0.016666666666666666 0.020833333333333332
1 0.4786458333333333 0.13194444444444445 0.017708333333333333 0.020833333333333332
1 0.5104166666666666 0.15625 0.0140625 0.019444444444444445
3 0.47291666666666665 0.36666666666666664 0.024479166666666666 0.05347222222222222
1 0.3307291666666667 0.42083333333333334 0.050520833333333334 0.05
1 0.2046875 0.9208333333333333 0.08020833333333334 0.15833333333333333
1 0.37916666666666665 0.20069444444444445 0.016145833333333335 0.025
1 0.371875 0.18819444444444444 0.0109375 0.02361111111111111
1 0.3640625 0.17777777777777778 0.033854166666666664 0.02847222222222222
1 0.34479166666666666 0.18541666666666667 0.013020833333333334 0.02638888888888889
1 0.32864583333333336 0.1951388888888889 0.028125 0.022222222222222223
1 0.3104166666666667 0.15555555555555556 0.016666666666666666 0.02361111111111111
1 0.31666666666666665 0.14652777777777778 0.0140625 0.02638888888888889
1 0.36875 0.15208333333333332 0.019791666666666666 0.019444444444444445
1 0.36875 0.13472222222222222 0.019791666666666666 0.020833333333333332
1 0.41458333333333336 0.14097222222222222 0.027083333333333334 0.018055555555555554
1 0.49375 0.1527777777777778 0.015625 0.02361111111111111
1 0.525 0.15069444444444444 0.011979166666666667 0.022222222222222223
1 0.49166666666666664 0.20694444444444443 0.0265625 0.025
1 0.48072916666666665 0.19722222222222222 0.015625 0.02361111111111111