1 0.12291666666666666 0.35138888888888886 0.0484375 0.02638888888888889
1 0.16927083333333334 0.3159722222222222 0.017708333333333333 0.025
1 0.16354166666666667 0.3 0.019791666666666666 0.029861111111111113
1 0.06666666666666667 0.63125 0.0109375 0.044444444444444446
1 0.19166666666666668 0.73125 0.06614583333333333 0.1111111111111111
1 0.253125 0.6243055555555556 0.049479166666666664 0.08263888888888889
0 0.2630208333333333 0.5208333333333334 0.075 0.16111111111111112
1 0.31614583333333335 0.4263888888888889 0.025 0.03888888888888889
1 0.35208333333333336 0.40208333333333335 0.021354166666666667 0.035416666666666666
1 0.3796875 0.37777777777777777 0.019791666666666666 0.03125
1 0.31614583333333335 0.26180555555555557 0.0234375 0.014583333333333334
1 0.3958333333333333 0.44722222222222224 0.025 0.041666666666666664
1 0.35833333333333334 0.44722222222222224 0.027083333333333334 0.04722222222222222
1 0.3234375 0.47291666666666665 0.029166666666666667 0.052083333333333336
1 0.334375 0.5277777777777778 0.03697916666666667 0.07083333333333333
1 0.321875 0.6159722222222223 0.043229166666666666 0.08333333333333333
1 0.38697916666666665 0.58125 0.0375 0.07222222222222222
1 0.34791666666666665 0.7618055555555555 0.065625 0.12569444444444444
1 0.9557291666666666 0.9756944444444444 0.08802083333333334 0.04861111111111111
1 0.8505208333333333 0.8020833333333334 0.10416666666666667 0.11666666666666667
1 0.5953125 0.8597222222222223 0.07552083333333333 0.1423611111111111
1 0.7286458333333333 0.8131944444444444 0.075 0.11736111111111111
1 0.5494791666666666 0.6791666666666667 0.046875 0.07708333333333334
1 0.6119791666666666 0.6430555555555556 0.0515625 0.07291666666666667
1 0.66875 0.6472222222222223 0.05520833333333333 0.07083333333333333
1 0.7484375 0.6215277777777778 0.05572916666666667 0.07708333333333334
1 0.6229166666666667 0.3715277777777778 0.024479166666666666 0.02847222222222222
1 0.6098958333333333 0.3597222222222222 0.022916666666666665 0.02638888888888889
1 0.525 0.5763888888888888 0.03958333333333333 0.06041666666666667
1 0.5041666666666667 0.5104166666666666 0.035416666666666666 0.05347222222222222
1 0.5369791666666667 0.46458333333333335 0.03177083333333333 0.04027777777777778
1 0.5541666666666667 0.43472222222222223 0.03177083333333333 0.04583333333333333
1 0.4947916666666667 0.4722222222222222 0.0265625 0.03888888888888889
1 0.5067708333333333 0.40694444444444444 0.024479166666666666 0.03263888888888889
1 0.5182291666666666 0.43125 0.021875 0.034027777777777775
3 0.48385416666666664 0.44305555555555554 0.025 0.05
1 0.478125 0.42777777777777776 0.025 0.03125
1 0.471875 0.4041666666666667 0.0234375 0.034027777777777775
1 0.4953125 0.3888888888888889 0.022916666666666665 0.035416666666666666
1 0.5328125 0.3645833333333333 0.019791666666666666 0.02847222222222222
1 0.48072916666666665 0.3736111111111111 0.018229166666666668 0.02638888888888889
1 0.4640625 0.3861111111111111 0.020833333333333332 0.029861111111111113
1 0.4552083333333333 0.3736111111111111 0.019270833333333334 0.02638888888888889
1 0.46927083333333336 0.35694444444444445 0.016145833333333335 0.02638888888888889
1 0.44583333333333336 0.35833333333333334 0.017708333333333333 0.02638888888888889
1 0.43697916666666664 0.3458333333333333 0.016666666666666666 0.022222222222222223
1 0.428125 0.33402777777777776 0.016145833333333335 0.022222222222222223
1 0.425 0.325 0.016145833333333335 0.019444444444444445
1 0.41302083333333334 0.3159722222222222 0.014583333333333334 0.016666666666666666
1 0.40572916666666664 0.30416666666666664 0.0140625 0.019444444444444445
1 0.3963541666666667 0.29583333333333334 0.013020833333333334 0.016666666666666666
1 0.39166666666666666 0.28958333333333336 0.0140625 0.016666666666666666
1 0.384375 0.2833333333333333 0.0125 0.01597222222222222
1 0.46145833333333336 0.34652777777777777 0.016666666666666666 0.02361111111111111
1 0.45364583333333336 0.33541666666666664 0.016145833333333335 0.022222222222222223
1 0.44427083333333334 0.3236111111111111 0.016145833333333335 0.022222222222222223
1 0.4359375 0.3145833333333333 0.014583333333333334 0.019444444444444445
1 0.4276041666666667 0.30833333333333335 0.0140625 0.018055555555555554
1 0.42083333333333334 0.3013888888888889 0.013020833333333334 0.016666666666666666
1 0.40989583333333335 0.29375 0.0125 0.014583333333333334
1 0.4041666666666667 0.28541666666666665 0.0125 0.014583333333333334
1 0.478125 0.33958333333333335 0.013020833333333334 0.020833333333333332
1 0.46927083333333336 0.32916666666666666 0.015625 0.018055555555555554
1 0.459375 0.3215277777777778 0.015625 0.018055555555555554
1 0.45260416666666664 0.3138888888888889 0.015625 0.018055555555555554
1 0.4453125 0.3055555555555556 0.015625 0.018055555555555554
1 0.4354166666666667 0.29930555555555555 0.0109375 0.01597222222222222
1 0.4265625 0.2902777777777778 0.013020833333333334 0.018055555555555554
1 0.4192708333333333 0.2847222222222222 0.011979166666666667 0.013194444444444444
0 0.5083333333333333 0.35 0.03802083333333333 0.07291666666666667
1 0.48489583333333336 0.32430555555555557 0.015625 0.020833333333333332
1 0.47552083333333334 0.3138888888888889 0.015625 0.020833333333333332
1 0.4630208333333333 0.30416666666666664 0.016145833333333335 0.016666666666666666
1 0.45416666666666666 0.29583333333333334 0.015625 0.016666666666666666
0 0.4395833333333333 0.27847222222222223 0.028125 0.03888888888888889
1 0.5651041666666666 0.3173611111111111 0.03177083333333333 0.018055555555555554
1 0.5510416666666667 0.30694444444444446 0.025520833333333333 0.01597222222222222
3 0.5390625 0.3034722222222222 0.0265625 0.018055555555555554
1 0.5291666666666667 0.29930555555555555 0.019791666666666666 0.01597222222222222
1 0.5213541666666667 0.29583333333333334 0.020833333333333332 0.016666666666666666
1 0.3255208333333333 0.9694444444444444 0.06666666666666667 0.06111111111111111