1 0.5114583333333333 0.5680555555555555 0.0640625 0.06666666666666667
1 0.4161458333333333 0.4583333333333333 0.058854166666666666 0.050694444444444445
1 0.6244791666666667 0.3923611111111111 0.057291666666666664 0.044444444444444446
1 0.7630208333333334 0.38958333333333334 0.058333333333333334 0.03888888888888889
1 0.890625 0.3173611111111111 0.03958333333333333 0.03125
3 0.9463541666666667 0.32708333333333334 0.03697916666666667 0.03888888888888889
1 0.9015625 0.2861111111111111 0.033854166666666664 0.03125
1 0.846875 0.2777777777777778 0.029166666666666667 0.025
1 0.6755208333333333 0.2826388888888889 0.025520833333333333 0.02638888888888889
1 0.6536458333333334 0.2833333333333333 0.0265625 0.02847222222222222
1 0.5609375 0.3298611111111111 0.046875 0.035416666666666666
1 0.5109375 0.32222222222222224 0.021875 0.03819444444444445
1 0.3489583333333333 0.3541666666666667 0.049479166666666664 0.03680555555555556
1 0.29322916666666665 0.3326388888888889 0.025520833333333333 0.03263888888888889
1 0.2328125 0.33541666666666664 0.04791666666666667 0.03263888888888889
1 0.26666666666666666 0.275 0.019270833333333334 0.027777777777777776
1 0.2203125 0.26666666666666666 0.016666666666666666 0.02638888888888889
2 0.3484375 0.22777777777777777 0.13802083333333334 0.06805555555555555
2 0.3411458333333333 0.22916666666666666 0.125 0.05347222222222222
0 0.3802083333333333 0.19305555555555556 0.03958333333333333 0.035416666666666666
3 0.14947916666666666 0.1701388888888889 0.016145833333333335 0.020833333333333332
1 0.11666666666666667 0.17083333333333334 0.019270833333333334 0.014583333333333334
1 0.09427083333333333 0.16527777777777777 0.024479166666666666 0.014583333333333334
1 0.11041666666666666 0.15416666666666667 0.0109375 0.013194444444444444
1 0.07291666666666667 0.15416666666666667 0.0109375 0.01597222222222222
1 0.084375 0.15486111111111112 0.013020833333333334 0.014583333333333334
1 0.1140625 0.1451388888888889 0.020833333333333332 0.013194444444444444
1 0.20260416666666667 0.13125 0.016666666666666666 0.011805555555555555
1 0.24583333333333332 0.12777777777777777 0.008333333333333333 0.010416666666666666
2 0.2635416666666667 0.11736111111111111 0.008333333333333333 0.013194444444444444
2 0.23697916666666666 0.10972222222222222 0.010416666666666666 0.020833333333333332
1 0.2520833333333333 0.10208333333333333 0.005208333333333333 0.007638888888888889
1 0.2557291666666667 0.10902777777777778 0.005729166666666666 0.009027777777777777
2 0.24739583333333334 0.09444444444444444 0.0067708333333333336 0.016666666666666666
2 0.278125 0.10486111111111111 0.008333333333333333 0.018055555555555554
2 0.2703125 0.10069444444444445 0.0109375 0.013194444444444444
3 0.2604166666666667 0.09236111111111112 0.005208333333333333 0.00625
2 0.31927083333333334 0.1076388888888889 0.06666666666666667 0.025
2 0.2994791666666667 0.11597222222222223 0.0125 0.009027777777777777
3 0.309375 0.11527777777777778 0.008854166666666666 0.010416666666666666