1 0.9447916666666667 0.5944444444444444 0.06458333333333334 0.08263888888888889
1 0.271875 0.8729166666666667 0.08177083333333333 0.14930555555555555
1 0.16197916666666667 0.7611111111111111 0.10520833333333333 0.0798611111111111
1 0.18125 0.6722222222222223 0.09947916666666666 0.08263888888888889
1 0.20989583333333334 0.6180555555555556 0.09947916666666666 0.08125
3 0.07447916666666667 0.5333333333333333 0.09114583333333333 0.11527777777777778
1 0.3546875 0.5972222222222222 0.05364583333333333 0.10208333333333333
1 0.3796875 0.5166666666666667 0.04791666666666667 0.07291666666666667
1 0.28177083333333336 0.5215277777777778 0.06770833333333333 0.0625
1 0.29635416666666664 0.48194444444444445 0.08802083333333334 0.06111111111111111
1 0.609375 0.39652777777777776 0.028645833333333332 0.059027777777777776
1 0.446875 0.39861111111111114 0.06458333333333334 0.04722222222222222
1 0.40572916666666664 0.3680555555555556 0.0609375 0.04027777777777778
2 0.29583333333333334 0.39652777777777776 0.08697916666666666 0.0798611111111111
1 0.23489583333333333 0.3 0.05364583333333333 0.03819444444444445
1 0.49322916666666666 0.37222222222222223 0.0640625 0.04027777777777778
1 0.4791666666666667 0.33819444444444446 0.040625 0.03819444444444445
1 0.5411458333333333 0.2972222222222222 0.03229166666666667 0.043055555555555555
1 0.590625 0.3055555555555556 0.0234375 0.04583333333333333
3 0.446875 0.30416666666666664 0.046875 0.04861111111111111
2 0.32708333333333334 0.29305555555555557 0.09270833333333334 0.06041666666666667
1 0.45729166666666665 0.2604166666666667 0.0265625 0.03680555555555556
1 0.4661458333333333 0.23125 0.020833333333333332 0.034027777777777775
1 0.47604166666666664 0.1875 0.015625 0.027777777777777776
1 0.484375 0.17222222222222222 0.017708333333333333 0.02847222222222222
1 0.4895833333333333 0.15416666666666667 0.016145833333333335 0.03125
1 0.4947916666666667 0.12777777777777777 0.016145833333333335 0.019444444444444445
3 0.46197916666666666 0.08958333333333333 0.0125 0.025
3 0.5083333333333333 0.08333333333333333 0.0109375 0.02361111111111111
1 0.515625 0.06111111111111111 0.010416666666666666 0.016666666666666666
1 0.5229166666666667 0.03611111111111111 0.008854166666666666 0.014583333333333334
1 0.6380208333333334 0.10138888888888889 0.0109375 0.016666666666666666
1 0.5958333333333333 0.07916666666666666 0.011979166666666667 0.016666666666666666
1 0.5692708333333333 0.04791666666666667 0.009375 0.016666666666666666
1 0.6052083333333333 0.03819444444444445 0.007291666666666667 0.013194444444444444
1 0.7208333333333333 0.04513888888888889 0.009375 0.014583333333333334
1 0.7182291666666667 0.0375 0.019270833333333334 0.011805555555555555
1 0.7005208333333334 0.03333333333333333 0.010416666666666666 0.011805555555555555
3 0.5869791666666667 0.005555555555555556 0.0067708333333333336 0.010416666666666666