1 0.2609375 0.8201388888888889 0.053125 0.11319444444444444
3 0.32708333333333334 0.8 0.052083333333333336 0.13541666666666666
1 0.39479166666666665 0.7965277777777777 0.0453125 0.11458333333333333
1 0.5614583333333333 0.83125 0.0515625 0.11944444444444445
1 0.6354166666666666 0.8826388888888889 0.0609375 0.12569444444444444
0 0.6869791666666667 0.7486111111111111 0.11875 0.275
1 0.5994791666666667 0.7020833333333333 0.04375 0.07847222222222222
1 0.4875 0.6618055555555555 0.0328125 0.06458333333333334
1 0.5364583333333334 0.6569444444444444 0.0359375 0.06944444444444445
1 0.6197916666666666 0.5972222222222222 0.03697916666666667 0.06111111111111111
1 0.5697916666666667 0.5930555555555556 0.0328125 0.058333333333333334
1 0.390625 0.60625 0.030729166666666665 0.06458333333333334
3 0.34479166666666666 0.5229166666666667 0.0390625 0.08888888888888889
1 0.35520833333333335 0.4465277777777778 0.025520833333333333 0.04513888888888889
1 0.39479166666666665 0.45069444444444445 0.022395833333333334 0.03958333333333333
1 0.43125 0.4388888888888889 0.0203125 0.04097222222222222
1 0.409375 0.3875 0.01875 0.03263888888888889
1 0.4401041666666667 0.3770833333333333 0.017708333333333333 0.030555555555555555
1 0.3958333333333333 0.3506944444444444 0.016145833333333335 0.027777777777777776
1 0.38229166666666664 0.33611111111111114 0.016145833333333335 0.029861111111111113
1 0.43854166666666666 0.325 0.0140625 0.024305555555555556
1 0.41875 0.3215277777777778 0.015104166666666667 0.024305555555555556
1 0.4296875 0.29791666666666666 0.013541666666666667 0.021527777777777778
1 0.446875 0.2798611111111111 0.0109375 0.02013888888888889
1 0.7375 0.6527777777777778 0.07135416666666666 0.06666666666666667
1 0.7125 0.5951388888888889 0.06354166666666666 0.058333333333333334
1 0.7015625 0.5576388888888889 0.06770833333333333 0.04513888888888889
3 0.69375 0.5256944444444445 0.0703125 0.05347222222222222
1 0.678125 0.50625 0.058333333333333334 0.04097222222222222
1 0.675 0.48541666666666666 0.05260416666666667 0.03263888888888889
0 0.6 0.5041666666666667 0.059895833333333336 0.125
1 0.5505208333333333 0.4909722222222222 0.025 0.044444444444444446
1 0.5166666666666667 0.48125 0.023958333333333335 0.03958333333333333
1 0.4791666666666667 0.5048611111111111 0.025 0.04513888888888889
1 0.4786458333333333 0.46319444444444446 0.021875 0.03680555555555556
1 0.47708333333333336 0.43125 0.0203125 0.02847222222222222
1 0.5114583333333333 0.4284722222222222 0.021354166666666667 0.034027777777777775
1 0.5833333333333334 0.40625 0.021354166666666667 0.035416666666666666
1 0.50625 0.39444444444444443 0.016145833333333335 0.029861111111111113
0 0.47604166666666664 0.3798611111111111 0.025520833333333333 0.07847222222222222
0 0.5229166666666667 0.3284722222222222 0.0265625 0.05763888888888889
1 0.5317708333333333 0.38125 0.01875 0.029861111111111113
1 0.5020833333333333 0.35625 0.015625 0.030555555555555555
1 0.475 0.3423611111111111 0.015625 0.02013888888888889
1 0.47604166666666664 0.33125 0.013020833333333334 0.01875
1 0.4979166666666667 0.3298611111111111 0.0140625 0.021527777777777778
1 0.49635416666666665 0.3090277777777778 0.013541666666666667 0.022916666666666665
1 0.5109375 0.29791666666666666 0.013541666666666667 0.019444444444444445
1 0.5270833333333333 0.29375 0.013541666666666667 0.022222222222222223
0 0.47604166666666664 0.3020833333333333 0.019270833333333334 0.05347222222222222
1 0.484375 0.25833333333333336 0.009895833333333333 0.016666666666666666
1 0.49114583333333334 0.28194444444444444 0.011458333333333333 0.017361111111111112
1 0.5072916666666667 0.2798611111111111 0.0109375 0.017361111111111112
1 0.5020833333333333 0.2652777777777778 0.0109375 0.01597222222222222
1 0.51875 0.2659722222222222 0.0109375 0.019444444444444445
1 0.2630208333333333 0.34791666666666665 0.0375 0.022916666666666665
1 0.26614583333333336 0.33819444444444446 0.0375 0.022916666666666665
1 0.26666666666666666 0.3284722222222222 0.034375 0.024305555555555556
1 0.275 0.3229166666666667 0.035416666666666666 0.022916666666666665
1 0.28854166666666664 0.29791666666666666 0.033854166666666664 0.01875
1 0.29791666666666666 0.2916666666666667 0.03125 0.016666666666666666
1 0.3020833333333333 0.28541666666666665 0.028645833333333332 0.016666666666666666
1 0.30625 0.27708333333333335 0.025520833333333333 0.01597222222222222
1 0.3145833333333333 0.2743055555555556 0.025 0.014583333333333334
1 0.31979166666666664 0.26180555555555557 0.025520833333333333 0.01597222222222222
1 0.3223958333333333 0.25763888888888886 0.028125 0.01597222222222222
1 0.32708333333333334 0.2513888888888889 0.0234375 0.013888888888888888
1 0.3177083333333333 0.24166666666666667 0.021354166666666667 0.014583333333333334
1 0.3260416666666667 0.2465277777777778 0.019270833333333334 0.013888888888888888
1 0.35208333333333336 0.25625 0.013020833333333334 0.019444444444444445
1 0.3729166666666667 0.25763888888888886 0.015104166666666667 0.017361111111111112
1 0.378125 0.25069444444444444 0.016145833333333335 0.017361111111111112
1 0.38177083333333334 0.26805555555555555 0.011458333333333333 0.017361111111111112
1 0.39375 0.25972222222222224 0.0109375 0.017361111111111112
0 0.4010416666666667 0.27291666666666664 0.0203125 0.04513888888888889
1 0.428125 0.2701388888888889 0.0109375 0.017361111111111112
1 0.4421875 0.2604166666666667 0.010416666666666666 0.017361111111111112
1 0.5729166666666666 0.3784722222222222 0.0171875 0.029861111111111113
1 0.5666666666666667 0.35347222222222224 0.018229166666666668 0.025
1 0.5598958333333334 0.33194444444444443 0.015625 0.025
1 0.55625 0.31875 0.013541666666666667 0.021527777777777778
1 0.5520833333333334 0.3076388888888889 0.0125 0.02013888888888889
1 0.5473958333333333 0.2965277777777778 0.013541666666666667 0.02013888888888889
1 0.54375 0.2875 0.015104166666666667 0.019444444444444445
1 0.5463541666666667 0.2777777777777778 0.011458333333333333 0.016666666666666666
1 0.546875 0.26944444444444443 0.018229166666666668 0.016666666666666666
1 0.571875 0.26944444444444443 0.021354166666666667 0.01875
1 0.409375 0.2604166666666667 0.0109375 0.017361111111111112
1 0.42135416666666664 0.25763888888888886 0.011458333333333333 0.016666666666666666
1 0.421875 0.24583333333333332 0.009895833333333333 0.013888888888888888
1 0.40729166666666666 0.2388888888888889 0.008333333333333333 0.014583333333333334
1 0.43333333333333335 0.23819444444444443 0.008333333333333333 0.014583333333333334
1 0.4171875 0.22916666666666666 0.009375 0.013888888888888888
1 0.42604166666666665 0.22430555555555556 0.0078125 0.013194444444444444
1 0.43697916666666664 0.21875 0.008333333333333333 0.011805555555555555
1 0.45 0.21875 0.0078125 0.011805555555555555
0 0.4114583333333333 0.20902777777777778 0.015104166666666667 0.03611111111111111
1 0.48125 0.24583333333333332 0.008854166666666666 0.013888888888888888
1 0.4953125 0.24722222222222223 0.010416666666666666 0.014583333333333334
1 0.5083333333333333 0.24930555555555556 0.009895833333333333 0.013194444444444444
1 0.5052083333333334 0.24097222222222223 0.0078125 0.014583333333333334
1 0.5020833333333333 0.23402777777777778 0.0109375 0.017361111111111112
1 0.4901041666666667 0.2388888888888889 0.009375 0.013194444444444444
1 0.4734375 0.23472222222222222 0.008333333333333333 0.011805555555555555
1 0.48072916666666665 0.23055555555555557 0.009375 0.013194444444444444
1 0.4869791666666667 0.2263888888888889 0.007291666666666667 0.011805555555555555
1 0.471875 0.22291666666666668 0.008333333333333333 0.011111111111111112
1 0.48854166666666665 0.21736111111111112 0.0078125 0.011805555555555555
1 0.475 0.21736111111111112 0.0078125 0.011805555555555555
1 0.48125 0.2111111111111111 0.0078125 0.011111111111111112
1 0.4708333333333333 0.20972222222222223 0.0067708333333333336 0.010416666666666666
1 0.45625 0.20277777777777778 0.0078125 0.011111111111111112
1 0.6479166666666667 0.3854166666666667 0.0234375 0.029861111111111113
1 0.6927083333333334 0.3375 0.021354166666666667 0.025
1 0.575 0.24791666666666667 0.018229166666666668 0.014583333333333334
1 0.42239583333333336 0.21180555555555555 0.007291666666666667 0.011805555555555555
1 0.421875 0.2048611111111111 0.0067708333333333336 0.011111111111111112
1 0.434375 0.21180555555555555 0.007291666666666667 0.011805555555555555
1 0.43333333333333335 0.20902777777777778 0.0067708333333333336 0.011805555555555555
1 0.4484375 0.21458333333333332 0.00625 0.010416666666666666
1 0.4296875 0.20347222222222222 0.00625 0.010416666666666666
1 0.446875 0.2111111111111111 0.0067708333333333336 0.011111111111111112
1 0.44479166666666664 0.20694444444444443 0.0067708333333333336 0.011805555555555555
1 0.44166666666666665 0.20347222222222222 0.0067708333333333336 0.011805555555555555
1 0.43854166666666666 0.2013888888888889 0.00625 0.010416666666666666
1 0.43645833333333334 0.19722222222222222 0.00625 0.009027777777777777
1 0.434375 0.1951388888888889 0.0067708333333333336 0.011111111111111112
1 0.44895833333333335 0.19583333333333333 0.0067708333333333336 0.010416666666666666
1 0.459375 0.19722222222222222 0.00625 0.011111111111111112
1 0.4739583333333333 0.20277777777777778 0.007291666666666667 0.009027777777777777
1 0.46875 0.1986111111111111 0.0067708333333333336 0.010416666666666666
3 0.49583333333333335 0.20416666666666666 0.007291666666666667 0.011805555555555555
1 0.4890625 0.19930555555555557 0.007291666666666667 0.009027777777777777
1 0.48333333333333334 0.1951388888888889 0.0067708333333333336 0.009027777777777777
1 0.3020833333333333 0.21875 0.016145833333333335 0.013888888888888888