1 0.3296875 0.4388888888888889 0.040625 0.06666666666666667
2 0.4265625 0.37430555555555556 0.021875 0.052083333333333336
1 0.46875 0.38958333333333334 0.025 0.035416666666666666
1 0.6244791666666667 0.7083333333333334 0.042708333333333334 0.06875
1 0.6651041666666667 0.8472222222222222 0.057291666666666664 0.10208333333333333
1 0.5979166666666667 0.63125 0.04375 0.07430555555555556
1 0.5770833333333333 0.5666666666666667 0.041666666666666664 0.06319444444444444
1 0.5489583333333333 0.5194444444444445 0.027083333333333334 0.05
1 0.5473958333333333 0.47291666666666665 0.028125 0.035416666666666666
1 0.5270833333333333 0.43333333333333335 0.022916666666666665 0.03333333333333333
1 0.5208333333333334 0.3993055555555556 0.027083333333333334 0.03125
1 0.5119791666666667 0.3770833333333333 0.021875 0.03125
3 0.5036458333333333 0.35208333333333336 0.021875 0.03680555555555556
1 0.4942708333333333 0.33125 0.019791666666666666 0.022222222222222223
1 0.49114583333333334 0.31319444444444444 0.019791666666666666 0.01875
1 0.48020833333333335 0.29930555555555555 0.01875 0.024305555555555556
1 0.47239583333333335 0.27847222222222223 0.017708333333333333 0.02013888888888889
1 0.4640625 0.2659722222222222 0.015625 0.02013888888888889
1 0.459375 0.25069444444444444 0.014583333333333334 0.013194444444444444
1 0.453125 0.24375 0.014583333333333334 0.013194444444444444
2 0.415625 0.27152777777777776 0.0375 0.08333333333333333
1 0.3921875 0.2048611111111111 0.013541666666666667 0.02013888888888889
1 0.3338541666666667 0.25 0.013541666666666667 0.022222222222222223
2 0.36770833333333336 0.19930555555555557 0.025 0.05763888888888889
1 0.3078125 0.21597222222222223 0.015625 0.016666666666666666
3 0.30885416666666665 0.18541666666666667 0.017708333333333333 0.022222222222222223
1 0.2911458333333333 0.3416666666666667 0.017708333333333333 0.03888888888888889
1 0.30833333333333335 0.26875 0.027083333333333334 0.025694444444444443
1 0.3078125 0.5506944444444445 0.019791666666666666 0.03125
1 0.44895833333333335 0.23541666666666666 0.0125 0.014583333333333334
1 0.44583333333333336 0.22777777777777777 0.0125 0.014583333333333334
1 0.44166666666666665 0.21736111111111112 0.0125 0.016666666666666666
1 0.43854166666666666 0.21388888888888888 0.0125 0.016666666666666666
1 0.43333333333333335 0.20625 0.0125 0.013194444444444444
1 0.42604166666666665 0.19791666666666666 0.0125 0.014583333333333334
1 0.4192708333333333 0.18819444444444444 0.009375 0.013194444444444444
1 0.41510416666666666 0.1798611111111111 0.011458333333333333 0.011111111111111112
1 0.4114583333333333 0.175 0.010416666666666666 0.013194444444444444
1 0.40677083333333336 0.1701388888888889 0.011458333333333333 0.014583333333333334
1 0.4046875 0.16597222222222222 0.009375 0.013194444444444444
1 0.4005208333333333 0.16041666666666668 0.011458333333333333 0.016666666666666666
1 0.39375 0.15347222222222223 0.008333333333333333 0.014583333333333334