1 0.7208333333333333 0.8520833333333333 0.058333333333333334 0.10347222222222222
1 0.6854166666666667 0.7354166666666667 0.04791666666666667 0.08125
1 0.6583333333333333 0.65625 0.03958333333333333 0.06458333333333334
1 0.6364583333333333 0.6020833333333333 0.03958333333333333 0.052083333333333336
1 0.6057291666666667 0.5138888888888888 0.028125 0.05
1 0.5875 0.4583333333333333 0.025 0.035416666666666666
1 0.5125 0.42569444444444443 0.022916666666666665 0.04097222222222222
1 0.5739583333333333 0.425 0.025 0.03888888888888889
1 0.4119791666666667 0.31319444444444444 0.015625 0.025694444444444443
1 0.559375 0.39166666666666666 0.020833333333333332 0.035416666666666666
1 0.31354166666666666 0.37430555555555556 0.035416666666666666 0.03333333333333333
2 0.48020833333333335 0.34652777777777777 0.035416666666666666 0.1
1 0.5416666666666666 0.3659722222222222 0.020833333333333332 0.027777777777777776
1 0.5427083333333333 0.3423611111111111 0.016666666666666666 0.025694444444444443
1 0.5286458333333334 0.31875 0.017708333333333333 0.025694444444444443
1 0.5234375 0.29791666666666666 0.015625 0.025694444444444443
1 0.5177083333333333 0.2833333333333333 0.014583333333333334 0.022222222222222223
1 0.5114583333333333 0.2659722222222222 0.014583333333333334 0.027777777777777776
1 0.5026041666666666 0.2520833333333333 0.013541666666666667 0.01875
1 0.49895833333333334 0.24097222222222223 0.0125 0.01875
1 0.4901041666666667 0.2298611111111111 0.013541666666666667 0.01875
1 0.4979166666666667 0.20555555555555555 0.022916666666666665 0.01875
1 0.484375 0.21597222222222223 0.0125 0.016666666666666666
1 0.47760416666666666 0.20555555555555555 0.011458333333333333 0.014583333333333334
1 0.47552083333333334 0.19722222222222222 0.011458333333333333 0.016666666666666666
1 0.46770833333333334 0.18888888888888888 0.0125 0.014583333333333334
1 0.46458333333333335 0.18263888888888888 0.0125 0.013194444444444444
0 0.45208333333333334 0.24444444444444444 0.020833333333333332 0.044444444444444446
2 0.46197916666666666 0.21597222222222223 0.026041666666666668 0.05347222222222222
1 0.34739583333333335 0.21597222222222223 0.009375 0.016666666666666666
1 0.3463541666666667 0.21180555555555555 0.007291666666666667 0.027777777777777776
1 0.3421875 0.16875 0.009375 0.011111111111111112
3 0.34010416666666665 0.14444444444444443 0.013541666666666667 0.014583333333333334
1 0.36822916666666666 0.19652777777777777 0.011458333333333333 0.01875
1 0.3671875 0.18333333333333332 0.009375 0.014583333333333334
2 0.38229166666666664 0.10833333333333334 0.008333333333333333 0.016666666666666666
0 0.3958333333333333 0.1284722222222222 0.0125 0.024305555555555556
1 0.40572916666666664 0.125 0.007291666666666667 0.009027777777777777
1 0.4083333333333333 0.14930555555555555 0.010416666666666666 0.013194444444444444
1 0.4119791666666667 0.11666666666666667 0.007291666666666667 0.011111111111111112
1 0.41822916666666665 0.12152777777777778 0.007291666666666667 0.009027777777777777
1 0.4322916666666667 0.13958333333333334 0.008333333333333333 0.013194444444444444
1 0.43645833333333334 0.14652777777777778 0.008333333333333333 0.011111111111111112
1 0.4432291666666667 0.15486111111111112 0.009375 0.013194444444444444
1 0.4484375 0.16041666666666668 0.009375 0.013194444444444444
1 0.45260416666666664 0.16597222222222222 0.009375 0.013194444444444444
1 0.45729166666666665 0.1701388888888889 0.010416666666666666 0.014583333333333334