1 0.5052083333333334 0.5340277777777778 0.04583333333333333 0.08680555555555555
1 0.45208333333333334 0.5048611111111111 0.03958333333333333 0.07569444444444444
1 0.44947916666666665 0.2965277777777778 0.019791666666666666 0.04097222222222222
1 0.4 0.24375 0.022916666666666665 0.04236111111111111
1 0.31927083333333334 0.33125 0.051041666666666666 0.04791666666666667
1 0.31197916666666664 0.31180555555555556 0.026041666666666668 0.05
1 0.46875 0.18333333333333332 0.014583333333333334 0.022222222222222223
1 0.5557291666666667 0.41944444444444445 0.034375 0.06111111111111111
1 0.671875 0.5548611111111111 0.058333333333333334 0.08680555555555555
1 0.634375 0.47708333333333336 0.041666666666666664 0.08680555555555555
1 0.3260416666666667 0.23333333333333334 0.014583333333333334 0.022222222222222223
1 0.340625 0.2 0.016666666666666666 0.025694444444444443
1 0.440625 0.1284722222222222 0.008333333333333333 0.013194444444444444
1 0.4140625 0.12291666666666666 0.007291666666666667 0.009027777777777777
1 0.42135416666666664 0.11736111111111111 0.007291666666666667 0.005555555555555556