3 0.2890625 0.6659722222222222 0.196875 0.27847222222222223
1 0.6994791666666667 0.5013888888888889 0.11197916666666667 0.13472222222222222
1 0.821875 0.4395833333333333 0.09427083333333333 0.12708333333333333
1 0.8770833333333333 0.3159722222222222 0.0734375 0.09513888888888888
1 0.8963541666666667 0.18611111111111112 0.058854166666666666 0.07430555555555556
1 0.9510416666666667 0.07847222222222222 0.0640625 0.05486111111111111
1 0.9838541666666667 0.1 0.03229166666666667 0.06111111111111111
1 0.7604166666666666 0.1361111111111111 0.06979166666666667 0.06527777777777778
3 0.796875 0.11805555555555555 0.06041666666666667 0.06388888888888888
1 0.8677083333333333 0.06666666666666667 0.06041666666666667 0.05763888888888889
1 0.5208333333333334 0.2638888888888889 0.0859375 0.06805555555555555
3 0.6489583333333333 0.20347222222222222 0.07552083333333333 0.08472222222222223
1 0.44166666666666665 0.30833333333333335 0.09322916666666667 0.1125
1 0.028645833333333332 0.08819444444444445 0.057291666666666664 0.05625
1 0.0484375 0.11666666666666667 0.06770833333333333 0.06111111111111111
1 0.08020833333333334 0.12152777777777778 0.06927083333333334 0.05486111111111111
1 0.13125 0.13541666666666666 0.08177083333333333 0.043055555555555555
1 0.12864583333333332 0.1625 0.08072916666666667 0.06944444444444445
3 0.146875 0.21041666666666667 0.0625 0.08125
1 0.9015625 0.03958333333333333 0.0484375 0.03819444444444445
1 0.9317708333333333 0.034722222222222224 0.040625 0.03819444444444445