1 0.38125 0.3076388888888889 0.020833333333333332 0.04097222222222222
3 0.3848958333333333 0.28125 0.021875 0.04097222222222222
1 0.5078125 0.23055555555555557 0.017708333333333333 0.03125
1 0.3859375 0.25833333333333336 0.017708333333333333 0.03125
1 0.390625 0.24444444444444444 0.01875 0.03333333333333333
2 0.43802083333333336 0.3020833333333333 0.023958333333333335 0.08125
2 0.634375 0.16319444444444445 0.04583333333333333 0.03333333333333333
3 0.5864583333333333 0.49444444444444446 0.03958333333333333 0.07777777777777778
1 0.578125 0.5520833333333334 0.075 0.07430555555555556
1 0.5036458333333333 0.5840277777777778 0.042708333333333334 0.09097222222222222
1 0.46197916666666666 0.5027777777777778 0.03854166666666667 0.09444444444444444
1 0.4453125 0.6423611111111112 0.04479166666666667 0.12569444444444444
1 0.31875 0.8868055555555555 0.07291666666666667 0.18888888888888888
1 0.6760416666666667 0.9173611111111111 0.08541666666666667 0.16458333333333333