1 0.18333333333333332 0.3090277777777778 0.0390625 0.03611111111111111
1 0.2375 0.31805555555555554 0.03177083333333333 0.02847222222222222
1 0.2833333333333333 0.325 0.03177083333333333 0.024305555555555556
3 0.32135416666666666 0.32569444444444445 0.023958333333333335 0.022916666666666665
1 0.334375 0.36319444444444443 0.033854166666666664 0.027777777777777776
3 0.465625 0.14930555555555555 0.0036458333333333334 0.007638888888888889
1 0.44375 0.14652777777777778 0.0046875 0.007638888888888889
2 0.4395833333333333 0.15208333333333332 0.005729166666666666 0.011805555555555555
2 0.4375 0.15486111111111112 0.0067708333333333336 0.013888888888888888
1 0.4354166666666667 0.16041666666666668 0.005729166666666666 0.011805555555555555
1 0.5067708333333333 0.16597222222222222 0.004166666666666667 0.007638888888888889
1 0.5083333333333333 0.1701388888888889 0.005208333333333333 0.009027777777777777
1 0.509375 0.175 0.005729166666666666 0.011111111111111112
1 0.5114583333333333 0.18125 0.005729166666666666 0.009027777777777777
1 0.4630208333333333 0.16805555555555557 0.004166666666666667 0.008333333333333333
1 0.5197916666666667 0.225 0.015104166666666667 0.013194444444444444
1 0.46458333333333335 0.1840277777777778 0.005208333333333333 0.008333333333333333
1 0.4583333333333333 0.20347222222222222 0.0067708333333333336 0.011805555555555555
1 0.45208333333333334 0.1986111111111111 0.0067708333333333336 0.011805555555555555
3 0.42604166666666665 0.20347222222222222 0.010416666666666666 0.009027777777777777
1 0.4276041666666667 0.20902777777777778 0.011458333333333333 0.008333333333333333
1 0.425 0.2125 0.0109375 0.010416666666666666
3 0.5229166666666667 0.2423611111111111 0.0109375 0.011111111111111112
1 0.5270833333333333 0.25 0.0171875 0.013194444444444444
1 0.45729166666666665 0.27152777777777776 0.009895833333333333 0.01875
1 0.5401041666666667 0.27361111111111114 0.009375 0.01597222222222222
1 0.6 0.29583333333333334 0.0109375 0.021527777777777778
1 0.5807291666666666 0.2951388888888889 0.0125 0.02013888888888889
1 0.4875 0.34375 0.0140625 0.024305555555555556
1 0.48489583333333336 0.425 0.017708333333333333 0.027777777777777776
1 0.38333333333333336 0.5979166666666667 0.028645833333333332 0.059027777777777776
3 0.2625 0.8256944444444444 0.0796875 0.08402777777777778
1 0.24739583333333334 0.9194444444444444 0.09479166666666666 0.11458333333333333