1 0.2734375 0.9451388888888889 0.240625 0.10902777777777778
1 0.5828125 0.8979166666666667 0.196875 0.20347222222222222
1 0.3578125 0.8284722222222223 0.146875 0.23055555555555557
1 0.42604166666666665 0.6694444444444444 0.06979166666666667 0.10902777777777778
1 0.43854166666666666 0.6145833333333334 0.0546875 0.06597222222222222
1 0.5145833333333333 0.6159722222222223 0.046875 0.0798611111111111
1 0.5166666666666667 0.5756944444444444 0.03229166666666667 0.04375
1 0.45208333333333334 0.5923611111111111 0.0453125 0.06319444444444444
1 0.46145833333333336 0.5611111111111111 0.0296875 0.03888888888888889
1 0.5052083333333334 0.5513888888888889 0.0265625 0.034027777777777775
1 0.5026041666666666 0.5368055555555555 0.021875 0.024305555555555556
1 0.46979166666666666 0.5472222222222223 0.027604166666666666 0.03125
3 0.47291666666666665 0.525 0.021354166666666667 0.027777777777777776
1 0.49583333333333335 0.5270833333333333 0.017708333333333333 0.022222222222222223
3 0.4973958333333333 0.5173611111111112 0.015625 0.027083333333333334
1 0.48333333333333334 0.5034722222222222 0.009895833333333333 0.019444444444444445
1 0.6 0.5284722222222222 0.0328125 0.02847222222222222
1 0.5822916666666667 0.5270833333333333 0.025 0.024305555555555556
1 0.5739583333333333 0.5256944444444445 0.028125 0.022222222222222223
1 0.5505208333333333 0.5159722222222223 0.022916666666666665 0.01597222222222222
1 0.5463541666666667 0.5111111111111111 0.022916666666666665 0.014583333333333334