3 0.7109375 0.9534722222222223 0.09583333333333334 0.09236111111111112
3 0.8182291666666667 0.9541666666666667 0.128125 0.09166666666666666
1 0.8911458333333333 0.9701388888888889 0.09791666666666667 0.059027777777777776
1 0.6395833333333333 0.8333333333333334 0.07604166666666666 0.1076388888888889
1 0.7041666666666667 0.8215277777777777 0.08854166666666667 0.11666666666666667
1 0.7395833333333334 0.7583333333333333 0.071875 0.08333333333333333
1 0.45208333333333334 0.6756944444444445 0.04895833333333333 0.07013888888888889
1 0.571875 0.6993055555555555 0.059375 0.07569444444444444
1 0.6223958333333334 0.6916666666666667 0.06666666666666667 0.08680555555555555
1 0.6427083333333333 0.6305555555555555 0.05520833333333333 0.06458333333333334
1 0.5171875 0.5888888888888889 0.04583333333333333 0.059027777777777776
1 0.5765625 0.6055555555555555 0.04583333333333333 0.05555555555555555
1 0.46458333333333335 0.5548611111111111 0.0359375 0.05
1 0.39791666666666664 0.5173611111111112 0.0328125 0.04652777777777778
1 0.4739583333333333 0.5 0.04010416666666667 0.04791666666666667
1 0.5635416666666667 0.5138888888888888 0.04114583333333333 0.044444444444444446
1 0.503125 0.4840277777777778 0.0328125 0.04097222222222222
1 0.5 0.4270833333333333 0.029166666666666667 0.035416666666666666
1 0.4375 0.43472222222222223 0.028645833333333332 0.03263888888888889
1 0.45416666666666666 0.40347222222222223 0.027604166666666666 0.030555555555555555
1 0.4192708333333333 0.3958333333333333 0.026041666666666668 0.02847222222222222
1 0.39166666666666666 0.4013888888888889 0.0265625 0.034027777777777775
0 0.4635416666666667 0.3423611111111111 0.04895833333333333 0.07708333333333334
1 0.43072916666666666 0.36180555555555555 0.022916666666666665 0.030555555555555555
3 0.39791666666666664 0.3298611111111111 0.03333333333333333 0.06319444444444444
1 0.4375 0.3076388888888889 0.01875 0.027777777777777776
1 0.37916666666666665 0.30416666666666664 0.016145833333333335 0.022916666666666665
1 0.39791666666666664 0.2965277777777778 0.016145833333333335 0.019444444444444445
1 0.41458333333333336 0.28541666666666665 0.016145833333333335 0.019444444444444445
1 0.39947916666666666 0.2548611111111111 0.013541666666666667 0.02013888888888889
1 0.428125 0.25069444444444444 0.014583333333333334 0.017361111111111112
1 0.3802083333333333 0.2604166666666667 0.013020833333333334 0.019444444444444445
1 0.35833333333333334 0.2604166666666667 0.011979166666666667 0.017361111111111112
1 0.34479166666666666 0.22916666666666666 0.009895833333333333 0.01597222222222222
1 0.365625 0.3375 0.018229166666666668 0.025
1 0.33958333333333335 0.3375 0.018229166666666668 0.025
1 0.35833333333333334 0.3125 0.016145833333333335 0.021527777777777778
1 0.328125 0.3138888888888889 0.016145833333333335 0.022222222222222223
1 0.35104166666666664 0.29444444444444445 0.0171875 0.024305555555555556
1 0.325 0.2951388888888889 0.016666666666666666 0.02013888888888889
1 0.3229166666666667 0.2847222222222222 0.014583333333333334 0.017361111111111112
1 0.31875 0.2722222222222222 0.0140625 0.01875
1 0.31614583333333335 0.25972222222222224 0.0125 0.017361111111111112
1 0.31354166666666666 0.24930555555555556 0.011979166666666667 0.013888888888888888
1 0.3104166666666667 0.24166666666666667 0.0109375 0.016666666666666666
1 0.309375 0.23055555555555557 0.0109375 0.016666666666666666
1 0.3067708333333333 0.22361111111111112 0.008333333333333333 0.01597222222222222
1 0.3416666666666667 0.2798611111111111 0.014583333333333334 0.02013888888888889
1 0.3385416666666667 0.26875 0.013020833333333334 0.016666666666666666
1 0.3359375 0.25763888888888886 0.013541666666666667 0.016666666666666666
1 0.3333333333333333 0.24722222222222223 0.011979166666666667 0.014583333333333334
1 0.3307291666666667 0.23819444444444443 0.0125 0.014583333333333334
0 0.32708333333333334 0.22569444444444445 0.009375 0.01875
1 0.3385416666666667 0.21319444444444444 0.009895833333333333 0.014583333333333334
1 0.33645833333333336 0.19930555555555557 0.009895833333333333 0.011805555555555555
0 0.36614583333333334 0.22430555555555556 0.020833333333333332 0.03958333333333333
0 0.3546875 0.20208333333333334 0.01875 0.035416666666666666
0 0.3729166666666667 0.20069444444444445 0.01875 0.03263888888888889
1 0.3260416666666667 0.18819444444444444 0.009375 0.011111111111111112
1 0.3229166666666667 0.17708333333333334 0.0078125 0.010416666666666666
1 0.33645833333333336 0.17430555555555555 0.007291666666666667 0.009027777777777777
1 0.35052083333333334 0.17708333333333334 0.008333333333333333 0.010416666666666666
1 0.34270833333333334 0.1673611111111111 0.005729166666666666 0.009027777777777777
1 0.33125 0.1597222222222222 0.00625 0.010416666666666666
3 0.36354166666666665 0.16458333333333333 0.0067708333333333336 0.011111111111111112
1 0.3302083333333333 0.15347222222222223 0.005729166666666666 0.009027777777777777
1 0.340625 0.15416666666666667 0.005729166666666666 0.008333333333333333
1 0.3421875 0.14791666666666667 0.00625 0.007638888888888889
1 0.334375 0.14305555555555555 0.0046875 0.008333333333333333
1 0.3255208333333333 0.1451388888888889 0.00625 0.007638888888888889
1 0.32708333333333334 0.13819444444444445 0.005729166666666666 0.007638888888888889
1 0.32708333333333334 0.13125 0.005208333333333333 0.00625
1 0.33645833333333336 0.13472222222222222 0.005208333333333333 0.008333333333333333
1 0.34375 0.14097222222222222 0.005208333333333333 0.007638888888888889
1 0.3458333333333333 0.1361111111111111 0.005729166666666666 0.007638888888888889
1 0.35833333333333334 0.1361111111111111 0.0046875 0.005555555555555556
1 0.33645833333333336 0.1284722222222222 0.005208333333333333 0.005555555555555556
1 0.3380208333333333 0.12222222222222222 0.005208333333333333 0.005555555555555556
0 0.33958333333333335 0.11180555555555556 0.00625 0.011805555555555555
1 0.4166666666666667 0.14027777777777778 0.00625 0.010416666666666666
1 0.440625 0.18958333333333333 0.01875 0.011111111111111112
1 0.425 0.18611111111111112 0.016145833333333335 0.011111111111111112
1 0.41770833333333335 0.18055555555555555 0.016145833333333335 0.009027777777777777
1 0.4166666666666667 0.17569444444444443 0.0203125 0.010416666666666666
3 0.41458333333333336 0.17291666666666666 0.0171875 0.010416666666666666
1 0.41041666666666665 0.1673611111111111 0.018229166666666668 0.008333333333333333
1 0.41041666666666665 0.16319444444444445 0.016145833333333335 0.00625
1 0.4083333333333333 0.16111111111111112 0.0171875 0.007638888888888889
1 0.40520833333333334 0.15625 0.016145833333333335 0.009027777777777777
1 0.4046875 0.15069444444444444 0.016666666666666666 0.00625
1 0.40208333333333335 0.14930555555555555 0.014583333333333334 0.010416666666666666
1 0.396875 0.14652777777777778 0.0140625 0.007638888888888889
1 0.39739583333333334 0.14375 0.015625 0.007638888888888889
3 0.39479166666666665 0.13958333333333334 0.0140625 0.010416666666666666
1 0.4979166666666667 0.18055555555555555 0.0067708333333333336 0.011111111111111112
1 0.49635416666666665 0.1909722222222222 0.008333333333333333 0.011805555555555555
1 0.5088541666666667 0.1798611111111111 0.007291666666666667 0.011805555555555555
1 0.51875 0.19027777777777777 0.007291666666666667 0.010416666666666666
1 0.934375 0.24375 0.0234375 0.017361111111111112
1 0.909375 0.23680555555555555 0.019791666666666666 0.019444444444444445
1 0.30833333333333335 0.5868055555555556 0.033854166666666664 0.07222222222222222
1 0.26145833333333335 0.55 0.0296875 0.06111111111111111
1 0.28125 0.3993055555555556 0.019791666666666666 0.03819444444444445
1 0.234375 0.4284722222222222 0.0203125 0.04236111111111111
1 0.2640625 0.31805555555555554 0.016666666666666666 0.027083333333333334
1 0.21458333333333332 0.29097222222222224 0.015104166666666667 0.025
1 0.196875 0.28541666666666665 0.014583333333333334 0.013194444444444444
1 0.2708333333333333 0.2916666666666667 0.013020833333333334 0.022222222222222223
1 0.2677083333333333 0.2701388888888889 0.011979166666666667 0.019444444444444445
0 0.24270833333333333 0.24791666666666667 0.018229166666666668 0.049305555555555554
1 0.265625 0.24444444444444444 0.010416666666666666 0.01875
1 0.278125 0.23194444444444445 0.009895833333333333 0.017361111111111112
1 0.25416666666666665 0.22291666666666668 0.009895833333333333 0.016666666666666666
1 0.21614583333333334 0.21666666666666667 0.0125 0.013194444444444444
1 0.23333333333333334 0.21180555555555555 0.008854166666666666 0.014583333333333334
1 0.259375 0.20347222222222222 0.009895833333333333 0.014583333333333334
1 0.2833333333333333 0.20069444444444445 0.009895833333333333 0.016666666666666666
1 0.2703125 0.1909722222222222 0.011458333333333333 0.011805555555555555
1 0.25 0.18680555555555556 0.016145833333333335 0.03333333333333333
1 0.2578125 0.18263888888888888 0.007291666666666667 0.011805555555555555
1 0.2864583333333333 0.1840277777777778 0.008854166666666666 0.011805555555555555
1 0.27395833333333336 0.17916666666666667 0.008333333333333333 0.010416666666666666
1 0.2875 0.17708333333333334 0.0067708333333333336 0.011111111111111112
1 0.2864583333333333 0.1673611111111111 0.0078125 0.013194444444444444
1 0.2760416666666667 0.17152777777777778 0.0067708333333333336 0.009027777777777777
1 0.2609375 0.17222222222222222 0.009375 0.011111111111111112
1 0.240625 0.17222222222222222 0.013020833333333334 0.011111111111111112
1 0.22395833333333334 0.1763888888888889 0.017708333333333333 0.010416666666666666
1 0.26666666666666666 0.16458333333333333 0.0067708333333333336 0.011111111111111112
1 0.25104166666666666 0.1673611111111111 0.008333333333333333 0.010416666666666666
1 0.2552083333333333 0.16319444444444445 0.0067708333333333336 0.009027777777777777
1 0.259375 0.15763888888888888 0.0067708333333333336 0.008333333333333333
3 0.265625 0.14791666666666667 0.0109375 0.008333333333333333
1 0.271875 0.15833333333333333 0.0067708333333333336 0.009027777777777777
1 0.278125 0.16458333333333333 0.0078125 0.010416666666666666
1 0.27395833333333336 0.1527777777777778 0.005729166666666666 0.007638888888888889
1 0.27708333333333335 0.14930555555555555 0.0067708333333333336 0.009027777777777777
1 0.2828125 0.15555555555555556 0.00625 0.009027777777777777
1 0.290625 0.16111111111111112 0.008333333333333333 0.011111111111111112
1 0.2989583333333333 0.16458333333333333 0.0078125 0.010416666666666666
1 0.3020833333333333 0.16111111111111112 0.0067708333333333336 0.009027777777777777
1 0.29375 0.15555555555555556 0.0067708333333333336 0.009027777777777777
1 0.28541666666666665 0.15 0.005729166666666666 0.009027777777777777
1 0.28020833333333334 0.14652777777777778 0.005729166666666666 0.007638888888888889
1 0.28229166666666666 0.1423611111111111 0.005729166666666666 0.007638888888888889
1 0.2713541666666667 0.1451388888888889 0.004166666666666667 0.007638888888888889
0 0.28489583333333335 0.1326388888888889 0.010416666666666666 0.017361111111111112
1 0.28958333333333336 0.1451388888888889 0.005729166666666666 0.007638888888888889
1 0.29583333333333334 0.15 0.00625 0.007638888888888889
1 0.303125 0.15625 0.0067708333333333336 0.009027777777777777
1 0.30416666666666664 0.15347222222222223 0.00625 0.008333333333333333
1 0.30625 0.15 0.0067708333333333336 0.009027777777777777
1 0.30833333333333335 0.14652777777777778 0.00625 0.010416666666666666
1 0.3098958333333333 0.14444444444444443 0.005208333333333333 0.009027777777777777
1 0.29791666666666666 0.14375 0.0067708333333333336 0.008333333333333333
1 0.2916666666666667 0.13958333333333334 0.005208333333333333 0.007638888888888889
1 0.2947916666666667 0.1361111111111111 0.005208333333333333 0.007638888888888889
1 0.2916666666666667 0.12777777777777777 0.0046875 0.007638888888888889
1 0.3015625 0.14027777777777778 0.005208333333333333 0.008333333333333333
1 0.3072916666666667 0.13680555555555557 0.0067708333333333336 0.00625
3 0.3140625 0.1326388888888889 0.005208333333333333 0.009027777777777777
1 0.296875 0.13055555555555556 0.0046875 0.009027777777777777
1 0.2947916666666667 0.12222222222222222 0.0046875 0.007638888888888889
1 0.29375 0.11875 0.004166666666666667 0.005555555555555556
1 0.2989583333333333 0.11666666666666667 0.005208333333333333 0.007638888888888889
1 0.2989583333333333 0.1284722222222222 0.0046875 0.008333333333333333
1 0.3026041666666667 0.12291666666666666 0.004166666666666667 0.00625
0 0.3 0.11041666666666666 0.0078125 0.013194444444444444
3 0.26875 0.12986111111111112 0.015625 0.013194444444444444
3 0.27395833333333336 0.1284722222222222 0.0140625 0.013194444444444444
1 0.2515625 0.1111111111111111 0.008333333333333333 0.007638888888888889
1 0.20729166666666668 0.14652777777777778 0.014583333333333334 0.008333333333333333
1 0.246875 0.1423611111111111 0.0067708333333333336 0.008333333333333333
1 0.09583333333333334 0.16319444444444445 0.0140625 0.008333333333333333
1 0.109375 0.16666666666666666 0.0171875 0.011111111111111112
1 0.13229166666666667 0.16875 0.019270833333333334 0.011111111111111112
1 0.10729166666666666 0.18194444444444444 0.018229166666666668 0.011805555555555555
1 0.1359375 0.18541666666666667 0.017708333333333333 0.013194444444444444
1 0.1375 0.18125 0.016145833333333335 0.011111111111111112
1 0.15 0.1701388888888889 0.016145833333333335 0.011111111111111112
1 0.06041666666666667 0.16666666666666666 0.015625 0.009027777777777777
1 0.06145833333333333 0.17777777777777778 0.021875 0.013194444444444444
1 0.40260416666666665 0.18819444444444444 0.013541666666666667 0.011805555555555555
1 0.39791666666666664 0.18125 0.008333333333333333 0.013194444444444444