1 0.7552083333333334 0.3701388888888889 0.10260416666666666 0.075
3 0.48125 0.40208333333333335 0.09114583333333333 0.20833333333333334
1 0.3932291666666667 0.2798611111111111 0.04479166666666667 0.04652777777777778
1 0.34791666666666665 0.25972222222222224 0.030208333333333334 0.041666666666666664
1 0.32135416666666666 0.2520833333333333 0.03333333333333333 0.041666666666666664
1 0.30104166666666665 0.2423611111111111 0.028645833333333332 0.03680555555555556
1 0.2 0.23819444444444443 0.0359375 0.05486111111111111
1 0.08333333333333333 0.17222222222222222 0.011979166666666667 0.016666666666666666
1 0.103125 0.18819444444444444 0.016145833333333335 0.025
1 0.06041666666666667 0.275 0.10052083333333334 0.07013888888888889
3 0.17447916666666666 0.26180555555555557 0.04583333333333333 0.07291666666666667