1 0.022916666666666665 0.875 0.04583333333333333 0.16458333333333333
1 0.5359375 0.9159722222222222 0.0875 0.16041666666666668
1 0.5557291666666667 0.7159722222222222 0.065625 0.1
1 0.9208333333333333 0.6840277777777778 0.10572916666666667 0.07152777777777777
3 0.5708333333333333 0.48194444444444445 0.03125 0.041666666666666664
1 0.6739583333333333 0.60625 0.06302083333333333 0.05
1 0.5708333333333333 0.5659722222222222 0.04114583333333333 0.05625
1 0.5661458333333333 0.5284722222222222 0.034375 0.04652777777777778
1 0.5364583333333334 0.48680555555555555 0.027604166666666666 0.03333333333333333
1 0.4015625 0.5868055555555556 0.042708333333333334 0.06944444444444445
1 0.45989583333333334 0.5888888888888889 0.036458333333333336 0.059027777777777776
1 0.5083333333333333 0.5729166666666666 0.042708333333333334 0.06319444444444444
1 0.509375 0.53125 0.06197916666666667 0.041666666666666664
1 0.44479166666666664 0.5451388888888888 0.0359375 0.050694444444444445
1 0.425 0.5090277777777777 0.06614583333333333 0.041666666666666664
1 0.390625 0.4875 0.026041666666666668 0.041666666666666664
1 0.3963541666666667 0.4701388888888889 0.023958333333333335 0.03611111111111111
1 0.3963541666666667 0.45 0.019791666666666666 0.024305555555555556
1 0.39895833333333336 0.4375 0.0203125 0.022916666666666665
1 0.4015625 0.42986111111111114 0.020833333333333332 0.014583333333333334
1 0.3697916666666667 0.44305555555555554 0.0203125 0.034027777777777775
1 0.33229166666666665 0.4618055555555556 0.0234375 0.035416666666666666
1 0.2828125 0.44375 0.021875 0.03333333333333333