1 0.796875 0.04027777777777778 0.04114583333333333 0.03680555555555556
1 0.7671875 0.10277777777777777 0.025520833333333333 0.050694444444444445
1 0.778125 0.1875 0.052083333333333336 0.04583333333333333
1 0.9442708333333333 0.5131944444444444 0.06302083333333333 0.06111111111111111
1 0.8046875 0.5493055555555556 0.065625 0.06527777777777778
1 0.6671875 0.5395833333333333 0.0625 0.06805555555555555
1 0.6869791666666667 0.46805555555555556 0.0640625 0.05486111111111111
1 0.9791666666666666 0.9645833333333333 0.041666666666666664 0.07083333333333333
3 0.5614583333333333 0.6604166666666667 0.0859375 0.08125
0 0.45729166666666665 0.5069444444444444 0.103125 0.175
3 0.3953125 0.7659722222222223 0.059375 0.07291666666666667
1 0.17552083333333332 0.725 0.07708333333333334 0.08263888888888889
1 0.025520833333333333 0.6201388888888889 0.050520833333333334 0.06388888888888888
1 0.019270833333333334 0.8 0.03802083333333333 0.06805555555555555
1 0.7098958333333333 0.10347222222222222 0.025520833333333333 0.052083333333333336
1 0.6619791666666667 0.10208333333333333 0.027083333333333334 0.0625
1 0.625 0.06736111111111111 0.04114583333333333 0.04027777777777778
1 0.6380208333333334 0.09305555555555556 0.028645833333333332 0.05
1 0.578125 0.011805555555555555 0.029166666666666667 0.02361111111111111
1 0.43072916666666666 0.16597222222222222 0.027083333333333334 0.0625
1 0.353125 0.3138888888888889 0.008854166666666666 0.02847222222222222
1 0.3536458333333333 0.09791666666666667 0.0265625 0.06041666666666667
1 0.2828125 0.08333333333333333 0.022916666666666665 0.059027777777777776
1 0.28802083333333334 0.017361111111111112 0.019791666666666666 0.034722222222222224
1 0.04479166666666667 0.4097222222222222 0.06927083333333334 0.050694444444444445
1 0.16302083333333334 0.2965277777777778 0.0515625 0.05
1 0.090625 0.36875 0.06197916666666667 0.05