1 0.42239583333333336 0.8840277777777777 0.028125 0.06736111111111111
1 0.3885416666666667 0.8840277777777777 0.026041666666666668 0.07222222222222222
1 0.33541666666666664 0.4861111111111111 0.011979166666666667 0.025694444444444443
1 0.39166666666666666 0.8222222222222222 0.025 0.059027777777777776
1 0.509375 0.9666666666666667 0.0296875 0.06666666666666667
1 0.6135416666666667 0.9479166666666666 0.044270833333333336 0.07291666666666667
1 0.6635416666666667 0.8416666666666667 0.0359375 0.059027777777777776
1 0.49166666666666664 0.8215277777777777 0.022395833333333334 0.052083333333333336
1 0.3619791666666667 0.7868055555555555 0.020833333333333332 0.05347222222222222
1 0.715625 0.8979166666666667 0.03802083333333333 0.06388888888888888
1 0.6916666666666667 0.8381944444444445 0.03177083333333333 0.04791666666666667
1 0.6739583333333333 0.79375 0.03177083333333333 0.03958333333333333
1 0.6583333333333333 0.75625 0.027604166666666666 0.03888888888888889
1 0.6427083333333333 0.7194444444444444 0.025520833333333333 0.03680555555555556
1 0.5791666666666667 0.7118055555555556 0.0234375 0.03611111111111111
1 0.6072916666666667 0.7041666666666667 0.027083333333333334 0.03819444444444445
1 0.5083333333333333 0.6604166666666667 0.0203125 0.029861111111111113
3 0.878125 0.7909722222222222 0.0296875 0.05555555555555555
1 0.8635416666666667 0.7534722222222222 0.051041666666666666 0.034027777777777775
1 0.8989583333333333 0.98125 0.0453125 0.03611111111111111
1 0.8609375 0.9222222222222223 0.0625 0.05
1 0.8807291666666667 0.9604166666666667 0.06875 0.05
1 0.8447916666666667 0.89375 0.0578125 0.04652777777777778
1 0.8302083333333333 0.8631944444444445 0.059895833333333336 0.04791666666666667
1 0.8135416666666667 0.8375 0.05 0.03611111111111111
1 0.7875 0.7923611111111111 0.0546875 0.03611111111111111
1 0.775 0.7701388888888889 0.0515625 0.03611111111111111
1 0.765625 0.7506944444444444 0.050520833333333334 0.035416666666666666
1 0.7489583333333333 0.7284722222222222 0.049479166666666664 0.035416666666666666
1 0.7432291666666667 0.7111111111111111 0.040625 0.025694444444444443
1 0.7338541666666667 0.6958333333333333 0.03958333333333333 0.027083333333333334
1 0.7083333333333334 0.6645833333333333 0.034375 0.022222222222222223
1 0.7041666666666667 0.6520833333333333 0.042708333333333334 0.029861111111111113
1 0.6859375 0.6305555555555555 0.029166666666666667 0.024305555555555556
1 0.6802083333333333 0.6159722222222223 0.034895833333333334 0.027083333333333334
3 0.7041666666666667 0.5402777777777777 0.027604166666666666 0.034027777777777775
1 0.6567708333333333 0.5451388888888888 0.023958333333333335 0.021527777777777778
1 0.6776041666666667 0.5451388888888888 0.021875 0.021527777777777778
1 0.6369791666666667 0.5444444444444444 0.020833333333333332 0.024305555555555556
1 0.6375 0.5229166666666667 0.027604166666666666 0.017361111111111112
1 0.646875 0.5118055555555555 0.028645833333333332 0.016666666666666666
1 0.6348958333333333 0.5076388888888889 0.023958333333333335 0.017361111111111112
1 0.6244791666666667 0.5034722222222222 0.028125 0.02013888888888889
1 0.6166666666666667 0.49166666666666664 0.020833333333333332 0.016666666666666666
1 0.6 0.6298611111111111 0.021354166666666667 0.030555555555555555
1 0.590625 0.6076388888888888 0.020833333333333332 0.027083333333333334
1 0.5776041666666667 0.5840277777777778 0.019791666666666666 0.027083333333333334
1 0.5010416666666667 0.5680555555555555 0.016145833333333335 0.022916666666666665
1 0.4703125 0.5305555555555556 0.013541666666666667 0.02013888888888889
0 0.49270833333333336 0.5020833333333333 0.028125 0.052083333333333336
1 0.4479166666666667 0.4895833333333333 0.014583333333333334 0.021527777777777778
1 0.4375 0.47708333333333336 0.011458333333333333 0.01597222222222222
1 0.453125 0.4673611111111111 0.0140625 0.01875
1 0.4666666666666667 0.46458333333333335 0.013020833333333334 0.016666666666666666
1 0.4354166666666667 0.44722222222222224 0.0125 0.014583333333333334
1 0.49375 0.46319444444444446 0.014583333333333334 0.017361111111111112
1 0.503125 0.47430555555555554 0.0140625 0.016666666666666666
1 0.5114583333333333 0.4840277777777778 0.013541666666666667 0.01597222222222222
3 0.45364583333333336 0.4215277777777778 0.014583333333333334 0.01597222222222222
1 0.5197916666666667 0.4951388888888889 0.015104166666666667 0.016666666666666666
1 0.4625 0.42986111111111114 0.0125 0.014583333333333334
1 0.44583333333333336 0.41597222222222224 0.0109375 0.013194444444444444
1 0.4395833333333333 0.4083333333333333 0.0109375 0.013194444444444444
1 0.4322916666666667 0.40208333333333335 0.010416666666666666 0.011805555555555555
1 0.4239583333333333 0.3972222222222222 0.011979166666666667 0.013194444444444444
1 0.42864583333333334 0.4222222222222222 0.010416666666666666 0.013194444444444444
1 0.4192708333333333 0.43194444444444446 0.009375 0.011805555555555555
1 0.40625 0.4305555555555556 0.0109375 0.014583333333333334
1 0.40677083333333336 0.4125 0.010416666666666666 0.011805555555555555
1 0.4010416666666667 0.4215277777777778 0.0109375 0.013194444444444444
1 0.3921875 0.4131944444444444 0.011458333333333333 0.011805555555555555
1 0.38177083333333334 0.4013888888888889 0.010416666666666666 0.013888888888888888
1 0.390625 0.3993055555555556 0.009895833333333333 0.010416666666666666
1 0.390625 0.38680555555555557 0.0109375 0.013194444444444444
1 0.3697916666666667 0.3909722222222222 0.009895833333333333 0.011111111111111112
1 0.375 0.38472222222222224 0.009895833333333333 0.011805555555555555
1 0.3734375 0.3729166666666667 0.009375 0.009027777777777777
1 0.3572916666666667 0.3784722222222222 0.009375 0.011111111111111112
0 0.35625 0.36319444444444443 0.019270833333333334 0.022916666666666665
1 0.3770833333333333 0.34791666666666665 0.013020833333333334 0.008333333333333333
1 0.34375 0.34444444444444444 0.013020833333333334 0.007638888888888889
1 0.33229166666666665 0.3597222222222222 0.009895833333333333 0.010416666666666666
1 0.3375 0.3576388888888889 0.008333333333333333 0.009027777777777777
1 0.3453125 0.3548611111111111 0.008333333333333333 0.009027777777777777
1 0.321875 0.35208333333333336 0.009895833333333333 0.010416666666666666
1 0.3171875 0.34375 0.009375 0.009027777777777777
1 0.559375 0.5090277777777777 0.023958333333333335 0.01597222222222222
1 0.553125 0.49930555555555556 0.0234375 0.013888888888888888
1 0.5510416666666667 0.4888888888888889 0.016666666666666666 0.016666666666666666
1 0.5770833333333333 0.4826388888888889 0.011979166666666667 0.017361111111111112
1 0.5625 0.47847222222222224 0.013020833333333334 0.016666666666666666
1 0.5333333333333333 0.4791666666666667 0.016145833333333335 0.017361111111111112
1 0.5520833333333334 0.4673611111111111 0.014583333333333334 0.016666666666666666
1 0.515625 0.4701388888888889 0.011979166666666667 0.013888888888888888
1 0.5 0.4534722222222222 0.0140625 0.011805555555555555
1 0.5083333333333333 0.46041666666666664 0.011458333333333333 0.013194444444444444
3 0.5234375 0.44305555555555554 0.016666666666666666 0.01597222222222222
0 0.1265625 0.3972222222222222 0.014583333333333334 0.03125
0 0.14322916666666666 0.4173611111111111 0.0125 0.03333333333333333
0 0.140625 0.39791666666666664 0.011458333333333333 0.024305555555555556
0 0.11041666666666666 0.4173611111111111 0.013020833333333334 0.03263888888888889
0 0.11041666666666666 0.40069444444444446 0.011979166666666667 0.022222222222222223
0 0.115625 0.3701388888888889 0.0109375 0.027083333333333334
0 0.0734375 0.40208333333333335 0.0125 0.02847222222222222
0 0.009895833333333333 0.43472222222222223 0.019791666666666666 0.041666666666666664
0 0.10104166666666667 0.36944444444444446 0.011979166666666667 0.022222222222222223
0 0.07083333333333333 0.46944444444444444 0.06770833333333333 0.044444444444444446
3 0.22916666666666666 0.3215277777777778 0.0109375 0.010416666666666666
3 0.26666666666666666 0.275 0.0078125 0.007638888888888889
1 0.4125 0.36666666666666664 0.009375 0.011111111111111112
1 0.4703125 0.40694444444444444 0.011458333333333333 0.01597222222222222
1 0.48125 0.4152777777777778 0.0109375 0.013888888888888888