1 0.16197916666666667 0.35555555555555557 0.075 0.08125
1 0.025 0.54375 0.05 0.08888888888888889
1 0.03802083333333333 0.6597222222222222 0.07604166666666666 0.09444444444444444
1 0.15052083333333333 0.5694444444444444 0.125 0.10555555555555556
1 0.16927083333333334 0.7069444444444445 0.11614583333333334 0.11527777777777778
1 0.31197916666666664 0.6208333333333333 0.09270833333333334 0.08888888888888889
1 0.309375 0.7194444444444444 0.109375 0.09791666666666667
1 0.44427083333333334 0.5277777777777778 0.103125 0.09652777777777778
1 0.4640625 0.6638888888888889 0.1 0.10208333333333333
1 0.49635416666666665 0.7840277777777778 0.10572916666666667 0.10694444444444444
1 0.5942708333333333 0.7131944444444445 0.11041666666666666 0.10347222222222222
1 0.7354166666666667 0.75 0.10364583333333334 0.11388888888888889
2 0.7270833333333333 0.8673611111111111 0.11666666666666667 0.11875
1 0.8692708333333333 0.7805555555555556 0.115625 0.10694444444444444
1 0.9765625 0.6416666666666667 0.046875 0.08888888888888889
1 0.9401041666666666 0.9604166666666667 0.11979166666666667 0.07708333333333334