1 0.415625 0.20347222222222222 0.008854166666666666 0.013194444444444444
2 0.42135416666666664 0.20625 0.0125 0.017361111111111112
1 0.43645833333333334 0.20625 0.0109375 0.016666666666666666
1 0.40625 0.2263888888888889 0.017708333333333333 0.013888888888888888
3 0.46875 0.20277777777777778 0.011458333333333333 0.016666666666666666
3 0.4557291666666667 0.22430555555555556 0.01875 0.024305555555555556
1 0.45416666666666666 0.24861111111111112 0.011979166666666667 0.017361111111111112
3 0.44947916666666665 0.25625 0.011458333333333333 0.025694444444444443
1 0.45416666666666666 0.2798611111111111 0.014583333333333334 0.022222222222222223
1 0.48333333333333334 0.22708333333333333 0.018229166666666668 0.01875
1 0.503125 0.2326388888888889 0.020833333333333332 0.01597222222222222
3 0.49895833333333334 0.2534722222222222 0.0140625 0.025
1 0.5036458333333333 0.26180555555555557 0.014583333333333334 0.022222222222222223
1 0.5114583333333333 0.2847222222222222 0.016666666666666666 0.025
1 0.4817708333333333 0.3076388888888889 0.016666666666666666 0.027083333333333334
3 0.425 0.39652777777777776 0.0296875 0.059027777777777776
1 0.5520833333333334 0.2423611111111111 0.020833333333333332 0.017361111111111112
1 0.5458333333333333 0.23541666666666666 0.019791666666666666 0.016666666666666666
0 0.5302083333333333 0.24791666666666667 0.025520833333333333 0.04791666666666667
1 0.5322916666666667 0.2722222222222222 0.015104166666666667 0.022222222222222223
1 0.5395833333333333 0.2847222222222222 0.0171875 0.027083333333333334
1 0.546875 0.3104166666666667 0.016666666666666666 0.03333333333333333
3 0.5875 0.5104166666666666 0.0328125 0.06944444444444445
1 0.3770833333333333 0.5180555555555556 0.04583333333333333 0.07847222222222222
1 0.31197916666666664 0.7722222222222223 0.07604166666666666 0.14097222222222222
1 0.715625 0.5819444444444445 0.050520833333333334 0.075
1 0.8197916666666667 0.5854166666666667 0.09635416666666667 0.07013888888888889