1 0.34270833333333334 0.7923611111111111 0.050520833333333334 0.10833333333333334
2 0.36875 0.6701388888888888 0.06302083333333333 0.11944444444444445
2 0.4140625 0.46458333333333335 0.03854166666666667 0.08333333333333333
1 0.48385416666666664 0.47638888888888886 0.022916666666666665 0.03958333333333333
1 0.43020833333333336 0.4270833333333333 0.03177083333333333 0.04513888888888889
1 0.4979166666666667 0.39652777777777776 0.01875 0.02847222222222222
2 0.44427083333333334 0.37777777777777777 0.026041666666666668 0.04236111111111111
2 0.4609375 0.3263888888888889 0.019791666666666666 0.04375
2 0.4625 0.31180555555555556 0.013541666666666667 0.035416666666666666
2 0.4708333333333333 0.30486111111111114 0.016145833333333335 0.030555555555555555
1 0.4942708333333333 0.2923611111111111 0.009375 0.01875
1 0.5166666666666667 0.27291666666666664 0.0125 0.019444444444444445
1 0.5489583333333333 0.3159722222222222 0.0067708333333333336 0.017361111111111112
1 0.646875 0.28888888888888886 0.019270833333333334 0.016666666666666666
2 0.6322916666666667 0.27708333333333335 0.035416666666666666 0.027083333333333334
2 0.7197916666666667 0.30416666666666664 0.0203125 0.030555555555555555
2 0.6895833333333333 0.26458333333333334 0.01875 0.03125
2 0.23020833333333332 0.38680555555555557 0.051041666666666666 0.044444444444444446
3 0.1859375 0.44722222222222224 0.034375 0.04791666666666667