1 0.23125 0.6131944444444445 0.058333333333333334 0.04097222222222222
1 0.19947916666666668 0.7055555555555556 0.065625 0.05555555555555555
1 0.22291666666666668 0.8784722222222222 0.0375 0.09097222222222222
3 0.3026041666666667 0.4166666666666667 0.015625 0.04097222222222222
1 0.2869791666666667 0.31319444444444444 0.005208333333333333 0.025694444444444443
1 0.3255208333333333 0.2638888888888889 0.011458333333333333 0.02013888888888889
1 0.34010416666666665 0.24444444444444444 0.021875 0.014583333333333334
1 0.3770833333333333 0.1701388888888889 0.0125 0.011111111111111112
1 0.378125 0.22569444444444445 0.008333333333333333 0.014583333333333334
1 0.3859375 0.275 0.011458333333333333 0.02013888888888889
1 0.40208333333333335 0.27847222222222223 0.010416666666666666 0.02013888888888889
1 0.38229166666666664 0.32708333333333334 0.0125 0.024305555555555556
2 0.40572916666666664 0.17222222222222222 0.013541666666666667 0.01875
3 0.3921875 0.21388888888888888 0.007291666666666667 0.016666666666666666
1 0.4036458333333333 0.19930555555555557 0.007291666666666667 0.013194444444444444
1 0.4046875 0.18541666666666667 0.007291666666666667 0.011111111111111112
1 0.4161458333333333 0.18541666666666667 0.007291666666666667 0.011111111111111112
1 0.42135416666666664 0.21736111111111112 0.007291666666666667 0.013194444444444444
1 0.4234375 0.1638888888888889 0.005208333333333333 0.009027777777777777
1 0.4666666666666667 0.2604166666666667 0.010416666666666666 0.016666666666666666
1 0.42552083333333335 0.33055555555555555 0.013541666666666667 0.02013888888888889
1 0.48489583333333336 0.3416666666666667 0.013541666666666667 0.024305555555555556
1 0.4869791666666667 0.4361111111111111 0.017708333333333333 0.03125
1 0.4635416666666667 0.43819444444444444 0.01875 0.03125
1 0.5166666666666667 0.4756944444444444 0.01875 0.03333333333333333
1 0.5041666666666667 0.5423611111111111 0.025 0.044444444444444446
1 0.5588541666666667 0.41944444444444445 0.028125 0.024305555555555556
1 0.4635416666666667 0.5027777777777778 0.025 0.05
1 0.44375 0.5888888888888889 0.022916666666666665 0.04791666666666667
1 0.4359375 0.6555555555555556 0.026041666666666668 0.059027777777777776
1 0.43385416666666665 0.74375 0.028125 0.07569444444444444
1 0.4869791666666667 0.6201388888888889 0.026041666666666668 0.052083333333333336
1 0.4859375 0.7159722222222222 0.028125 0.06875
1 0.5427083333333333 0.7076388888888889 0.027083333333333334 0.06666666666666667
1 0.48802083333333335 0.875 0.030208333333333334 0.09791666666666667
1 0.5703125 0.5444444444444444 0.051041666666666666 0.03680555555555556
1 0.60625 0.5 0.029166666666666667 0.04791666666666667
1 0.6395833333333333 0.4979166666666667 0.03125 0.044444444444444446
1 0.6822916666666666 0.49236111111111114 0.03125 0.04097222222222222
1 0.7130208333333333 0.4840277777777778 0.034375 0.04236111111111111
1 0.6713541666666667 0.6034722222222222 0.04895833333333333 0.059027777777777776
1 0.70625 0.5979166666666667 0.052083333333333336 0.06666666666666667
1 0.734375 0.5944444444444444 0.04375 0.05555555555555555
1 0.66875 0.6868055555555556 0.06041666666666667 0.04791666666666667
1 0.6854166666666667 0.7256944444444444 0.0625 0.04791666666666667
1 0.6953125 0.7715277777777778 0.07395833333333333 0.05347222222222222
1 0.6916666666666667 0.9625 0.052083333333333336 0.075