1 0.6916666666666667 0.5979166666666667 0.049479166666666664 0.10069444444444445
1 0.7604166666666666 0.6548611111111111 0.0609375 0.10694444444444444
1 0.8307291666666666 0.6923611111111111 0.07083333333333333 0.11388888888888889
1 0.8796875 0.6555555555555556 0.0625 0.10555555555555556
1 0.9557291666666666 0.6861111111111111 0.058333333333333334 0.11527777777777778
1 0.3692708333333333 0.3111111111111111 0.030208333333333334 0.05
1 0.3260416666666667 0.35 0.04479166666666667 0.05625
1 0.26614583333333336 0.19583333333333333 0.03697916666666667 0.03125
1 0.3671875 0.1388888888888889 0.0359375 0.027777777777777776
1 0.41041666666666665 0.1111111111111111 0.03697916666666667 0.02847222222222222
1 0.421875 0.25763888888888886 0.0359375 0.052083333333333336
1 0.6192708333333333 0.5638888888888889 0.05572916666666667 0.09305555555555556
1 0.4010416666666667 0.8479166666666667 0.09479166666666666 0.17152777777777778
1 0.46770833333333334 0.8770833333333333 0.096875 0.1673611111111111
1 0.6479166666666667 0.9472222222222222 0.09635416666666667 0.10555555555555556
1 0.7354166666666667 0.9576388888888889 0.06979166666666667 0.08472222222222223
1 0.19583333333333333 0.24444444444444444 0.05520833333333333 0.03888888888888889
1 0.27760416666666665 0.18333333333333332 0.03333333333333333 0.029861111111111113
1 0.3802083333333333 0.13194444444444445 0.030729166666666665 0.02847222222222222
1 0.4317708333333333 0.09930555555555555 0.03229166666666667 0.034027777777777775
1 0.415625 0.3625 0.050520833333333334 0.05625
1 0.2682291666666667 0.8444444444444444 0.09947916666666666 0.1597222222222222
1 0.184375 0.8243055555555555 0.1 0.15833333333333333
1 0.06510416666666667 0.7493055555555556 0.10052083333333334 0.15694444444444444
1 0.0328125 0.9375 0.065625 0.125
3 0.103125 0.3597222222222222 0.052083333333333336 0.06527777777777778
1 0.5369791666666667 0.9125 0.084375 0.175
1 0.4421875 0.17083333333333334 0.0375 0.03263888888888889
1 0.41041666666666665 0.19444444444444445 0.0484375 0.043055555555555555
1 0.35572916666666665 0.24027777777777778 0.049479166666666664 0.044444444444444446
1 0.33541666666666664 0.2569444444444444 0.05 0.043055555555555555
3 0.017708333333333333 0.4701388888888889 0.035416666666666666 0.0798611111111111
1 0.440625 0.24166666666666667 0.03697916666666667 0.044444444444444446