1 0.2453125 0.9284722222222223 0.0890625 0.13958333333333334
0 0.13177083333333334 0.775 0.24791666666666667 0.45
1 0.29375 0.6763888888888889 0.06666666666666667 0.13194444444444445
0 0.6833333333333333 0.5451388888888888 0.11458333333333333 0.3375
0 0.7828125 0.7097222222222223 0.0875 0.1388888888888889
1 0.6427083333333333 0.3763888888888889 0.03697916666666667 0.03888888888888889
1 0.6270833333333333 0.3388888888888889 0.0375 0.050694444444444445
1 0.6046875 0.2951388888888889 0.034375 0.05
3 0.728125 0.2534722222222222 0.03958333333333333 0.05
0 0.203125 0.3541666666666667 0.09166666666666666 0.14097222222222222
1 0.2552083333333333 0.3173611111111111 0.03229166666666667 0.05763888888888889
0 0.26875 0.24027777777777778 0.05677083333333333 0.12013888888888889
1 0.3458333333333333 0.08472222222222223 0.0140625 0.020833333333333332
1 0.296875 0.34097222222222223 0.034375 0.06041666666666667
1 0.328125 0.23958333333333334 0.025 0.043055555555555555
1 0.36666666666666664 0.2611111111111111 0.028645833333333332 0.06041666666666667
1 0.4041666666666667 0.22083333333333333 0.024479166666666666 0.04722222222222222
1 0.36875 0.21944444444444444 0.025520833333333333 0.03888888888888889
1 0.3723958333333333 0.16944444444444445 0.021354166666666667 0.035416666666666666
1 0.3489583333333333 0.14652777777777778 0.016666666666666666 0.03125
1 0.3854166666666667 0.1388888888888889 0.017708333333333333 0.02638888888888889
1 0.365625 0.10555555555555556 0.015625 0.022222222222222223
1 0.3734375 0.08888888888888889 0.013020833333333334 0.020833333333333332
1 0.3640625 0.075 0.011979166666666667 0.019444444444444445
1 0.3921875 0.08333333333333333 0.0140625 0.020833333333333332
1 0.409375 0.08333333333333333 0.0125 0.018055555555555554
1 0.41041666666666665 0.06805555555555555 0.008333333333333333 0.018055555555555554
1 0.3953125 0.06944444444444445 0.0109375 0.01597222222222222
1 0.3859375 0.05555555555555555 0.010416666666666666 0.019444444444444445
1 0.40729166666666666 0.06111111111111111 0.007291666666666667 0.01597222222222222
1 0.40625 0.05 0.0109375 0.01597222222222222
1 0.37864583333333335 0.04375 0.008854166666666666 0.016666666666666666
1 0.38333333333333336 0.03611111111111111 0.007291666666666667 0.016666666666666666
1 0.403125 0.0375 0.013020833333333334 0.019444444444444445
1 0.4869791666666667 0.22361111111111112 0.024479166666666666 0.03680555555555556
1 0.5072916666666667 0.1763888888888889 0.020833333333333332 0.02847222222222222
1 0.5041666666666667 0.14027777777777778 0.017708333333333333 0.029861111111111113
1 0.47291666666666665 0.1527777777777778 0.017708333333333333 0.02638888888888889
1 0.42083333333333334 0.03333333333333333 0.010416666666666666 0.014583333333333334
1 0.42864583333333334 0.04583333333333333 0.010416666666666666 0.013194444444444444
1 0.4348958333333333 0.06111111111111111 0.009375 0.014583333333333334
1 0.43802083333333336 0.07916666666666666 0.011979166666666667 0.016666666666666666
1 0.4640625 0.10833333333333334 0.011979166666666667 0.018055555555555554
1 0.4744791666666667 0.08194444444444444 0.013020833333333334 0.016666666666666666
1 0.46197916666666666 0.08888888888888889 0.013020833333333334 0.020833333333333332
1 0.4552083333333333 0.06875 0.011979166666666667 0.016666666666666666
1 0.465625 0.06111111111111111 0.008854166666666666 0.016666666666666666
1 0.4515625 0.058333333333333334 0.008854166666666666 0.014583333333333334
1 0.44375 0.04722222222222222 0.0109375 0.013194444444444444