1 0.6625 0.825 0.0453125 0.09652777777777778
2 0.3645833333333333 0.8270833333333333 0.07604166666666666 0.275
1 0.3078125 0.6381944444444444 0.03958333333333333 0.08819444444444445
1 0.33541666666666664 0.5770833333333333 0.0296875 0.06736111111111111
1 0.35 0.5208333333333334 0.022395833333333334 0.04513888888888889
1 0.36354166666666665 0.4847222222222222 0.025520833333333333 0.04513888888888889
1 0.40520833333333334 0.38472222222222224 0.019270833333333334 0.03611111111111111
2 0.415625 0.3590277777777778 0.0140625 0.04097222222222222
2 0.4635416666666667 0.4340277777777778 0.029166666666666667 0.12291666666666666
1 0.41875 0.3368055555555556 0.0140625 0.025694444444444443
1 0.42604166666666665 0.32222222222222224 0.014583333333333334 0.022222222222222223
1 0.43333333333333335 0.3076388888888889 0.0125 0.01875
1 0.484375 0.26180555555555557 0.0125 0.022916666666666665
1 0.5041666666666667 0.22847222222222222 0.009375 0.02847222222222222
1 0.5333333333333333 0.30416666666666664 0.0125 0.027083333333333334
1 0.5880208333333333 0.31319444444444444 0.013541666666666667 0.021527777777777778
1 0.4010416666666667 0.58125 0.03177083333333333 0.06319444444444444