1 0.16979166666666667 0.8659722222222223 0.08333333333333333 0.14930555555555555
1 0.30104166666666665 0.6979166666666666 0.057291666666666664 0.09652777777777778
1 0.42135416666666664 0.8784722222222222 0.052083333333333336 0.125
1 0.43072916666666666 0.7423611111111111 0.040625 0.09166666666666666
1 0.4479166666666667 0.65625 0.033854166666666664 0.06875
1 0.5083333333333333 0.775 0.04010416666666667 0.1
1 0.5083333333333333 0.6743055555555556 0.0359375 0.07569444444444444
1 0.49947916666666664 0.9298611111111111 0.04791666666666667 0.13055555555555556
1 0.5666666666666667 0.6763888888888889 0.0375 0.08055555555555556
1 0.5854166666666667 0.8076388888888889 0.041666666666666664 0.09791666666666667
1 0.6510416666666666 0.7465277777777778 0.049479166666666664 0.1
1 0.6229166666666667 0.6604166666666667 0.0375 0.07222222222222222
2 0.65 0.7534722222222222 0.06927083333333334 0.18541666666666667
1 0.59375 0.9506944444444444 0.059375 0.09722222222222222
1 0.8166666666666667 0.4951388888888889 0.06302083333333333 0.04513888888888889
1 0.8041666666666667 0.47430555555555554 0.06302083333333333 0.03611111111111111
1 0.7125 0.47847222222222224 0.049479166666666664 0.03611111111111111
1 0.64375 0.44375 0.04583333333333333 0.05
1 0.5760416666666667 0.4534722222222222 0.058854166666666666 0.04375
1 0.5697916666666667 0.38055555555555554 0.025520833333333333 0.03333333333333333
1 0.32447916666666665 0.43819444444444444 0.051041666666666666 0.050694444444444445
1 0.3645833333333333 0.42569444444444443 0.042708333333333334 0.04097222222222222
1 0.31145833333333334 0.40069444444444446 0.042708333333333334 0.03333333333333333
1 0.23854166666666668 0.44027777777777777 0.049479166666666664 0.03819444444444445
1 0.22083333333333333 0.4027777777777778 0.04791666666666667 0.035416666666666666
1 0.15208333333333332 0.42916666666666664 0.0578125 0.050694444444444445
2 0.159375 0.39652777777777776 0.0734375 0.07013888888888889
2 0.42916666666666664 0.45625 0.07239583333333334 0.075
2 0.45 0.4284722222222222 0.051041666666666666 0.03819444444444445
1 0.06354166666666666 0.41875 0.049479166666666664 0.034027777777777775
1 0.041666666666666664 0.39375 0.046875 0.030555555555555555
1 0.022916666666666665 0.37777777777777777 0.04375 0.029861111111111113
1 0.4036458333333333 0.34652777777777777 0.017708333333333333 0.027777777777777776
1 0.428125 0.35 0.0171875 0.029861111111111113
1 0.45364583333333336 0.34930555555555554 0.015625 0.029861111111111113
1 0.4583333333333333 0.3236111111111111 0.0140625 0.025
1 0.43125 0.3298611111111111 0.016145833333333335 0.022916666666666665
1 0.43645833333333334 0.3138888888888889 0.015104166666666667 0.024305555555555556
1 0.44166666666666665 0.29930555555555555 0.013541666666666667 0.022222222222222223
1 0.44479166666666664 0.27847222222222223 0.0125 0.02013888888888889
1 0.4609375 0.30416666666666664 0.014583333333333334 0.027083333333333334
1 0.4671875 0.2861111111111111 0.014583333333333334 0.02013888888888889
1 0.46875 0.2722222222222222 0.011979166666666667 0.014583333333333334
1 0.46875 0.25833333333333336 0.011458333333333333 0.02013888888888889
1 0.44895833333333335 0.27291666666666664 0.0109375 0.01875
1 0.45208333333333334 0.2611111111111111 0.011458333333333333 0.014583333333333334
1 0.434375 0.24861111111111112 0.013020833333333334 0.019444444444444445
1 0.4239583333333333 0.25833333333333336 0.0109375 0.01875
1 0.4317708333333333 0.26458333333333334 0.010416666666666666 0.016666666666666666
1 0.42552083333333335 0.27847222222222223 0.013541666666666667 0.019444444444444445
1 0.421875 0.28958333333333336 0.0109375 0.02013888888888889
0 0.40729166666666666 0.30833333333333335 0.03229166666666667 0.05555555555555555
1 0.5666666666666667 0.24791666666666667 0.013541666666666667 0.01875
1 0.490625 0.21180555555555555 0.00625 0.01875
1 0.475 0.2152777777777778 0.008333333333333333 0.013888888888888888
1 0.46458333333333335 0.2263888888888889 0.009375 0.01597222222222222
1 0.45 0.19236111111111112 0.0067708333333333336 0.011111111111111112
1 0.475 0.1798611111111111 0.0067708333333333336 0.011111111111111112
1 0.4895833333333333 0.16319444444444445 0.005729166666666666 0.007638888888888889
1 0.4505208333333333 0.18472222222222223 0.00625 0.010416666666666666
1 0.45729166666666665 0.17291666666666666 0.0067708333333333336 0.011111111111111112
1 0.4609375 0.17152777777777778 0.007291666666666667 0.008333333333333333
1 0.5520833333333334 0.19166666666666668 0.0067708333333333336 0.016666666666666666
1 0.46770833333333334 0.1638888888888889 0.005729166666666666 0.009027777777777777
1 0.471875 0.16111111111111112 0.005729166666666666 0.009027777777777777
1 0.4786458333333333 0.15902777777777777 0.005208333333333333 0.008333333333333333
1 0.47708333333333336 0.15347222222222223 0.005729166666666666 0.007638888888888889