1 0.15677083333333333 0.9409722222222222 0.058333333333333334 0.11736111111111111
1 0.16354166666666667 0.7833333333333333 0.0484375 0.10555555555555556
1 0.0890625 0.7784722222222222 0.04479166666666667 0.08263888888888889
1 0.15833333333333333 0.5909722222222222 0.024479166666666666 0.04236111111111111
1 0.11458333333333333 0.6006944444444444 0.0296875 0.04375
0 0.11927083333333334 0.5409722222222222 0.0375 0.08819444444444445
1 0.16979166666666667 0.5340277777777778 0.0234375 0.035416666666666666
1 0.08333333333333333 0.5423611111111111 0.019791666666666666 0.03263888888888889
1 0.14375 0.5201388888888889 0.019791666666666666 0.03333333333333333
1 0.4322916666666667 0.6076388888888888 0.026041666666666668 0.041666666666666664
1 0.4322916666666667 0.54375 0.021354166666666667 0.03680555555555556
1 0.4239583333333333 0.5138888888888888 0.017708333333333333 0.027777777777777776
1 0.5520833333333334 0.6888888888888889 0.041666666666666664 0.05555555555555555
1 0.5833333333333334 0.7458333333333333 0.05520833333333333 0.06597222222222222
1 0.01875 0.5645833333333333 0.03697916666666667 0.03263888888888889
1 0.01875 0.5465277777777777 0.026041666666666668 0.013888888888888888
1 0.14270833333333333 0.4909722222222222 0.0171875 0.025694444444444443
1 0.140625 0.47291666666666665 0.015625 0.021527777777777778
1 0.12291666666666666 0.4673611111111111 0.015104166666666667 0.024305555555555556
1 0.14583333333333334 0.44930555555555557 0.0140625 0.019444444444444445
1 0.1625 0.47708333333333336 0.016145833333333335 0.022916666666666665
1 0.42083333333333334 0.44166666666666665 0.011979166666666667 0.016666666666666666
1 0.4666666666666667 0.47291666666666665 0.015104166666666667 0.022222222222222223
1 0.46458333333333335 0.4638888888888889 0.0140625 0.01875
1 0.46197916666666666 0.4548611111111111 0.014583333333333334 0.02013888888888889
1 0.4583333333333333 0.4479166666666667 0.0125 0.016666666666666666
1 0.45625 0.4423611111111111 0.0125 0.017361111111111112
1 0.453125 0.43472222222222223 0.013020833333333334 0.021527777777777778
1 0.45 0.42916666666666664 0.0109375 0.017361111111111112
1 0.44583333333333336 0.42291666666666666 0.009895833333333333 0.01597222222222222
3 0.12552083333333333 0.4465277777777778 0.014583333333333334 0.030555555555555555