1 0.18072916666666666 0.5125 0.05677083333333333 0.052083333333333336
1 0.07552083333333333 0.07222222222222222 0.0375 0.04027777777777778
1 0.016666666666666666 0.19722222222222222 0.03333333333333333 0.04722222222222222
1 0.06666666666666667 0.23194444444444445 0.046875 0.043055555555555555
1 0.08333333333333333 0.14444444444444443 0.04114583333333333 0.043055555555555555
1 0.11666666666666667 0.20972222222222223 0.040625 0.043055555555555555
1 0.1640625 0.17708333333333334 0.04583333333333333 0.04861111111111111
1 0.14010416666666667 0.2701388888888889 0.049479166666666664 0.04583333333333333
1 0.23958333333333334 0.21180555555555555 0.0484375 0.04722222222222222
1 0.022916666666666665 0.4284722222222222 0.04583333333333333 0.043055555555555555
2 0.08489583333333334 0.40625 0.041666666666666664 0.041666666666666664
3 0.209375 0.4340277777777778 0.0484375 0.04722222222222222
1 0.19010416666666666 0.3625 0.04635416666666667 0.04861111111111111
1 0.25052083333333336 0.39375 0.04114583333333333 0.044444444444444446
1 0.3177083333333333 0.43472222222222223 0.046875 0.04583333333333333
1 0.2708333333333333 0.5118055555555555 0.043229166666666666 0.04861111111111111
1 0.27708333333333335 0.5694444444444444 0.052083333333333336 0.043055555555555555
1 0.35104166666666664 0.6194444444444445 0.041666666666666664 0.052083333333333336
1 0.3546875 0.5020833333333333 0.050520833333333334 0.05
1 0.30416666666666664 0.36180555555555555 0.042708333333333334 0.044444444444444446
0 0.4552083333333333 0.6201388888888889 0.103125 0.09305555555555556
1 0.4583333333333333 0.5625 0.049479166666666664 0.04583333333333333
1 0.49947916666666664 0.47152777777777777 0.04479166666666667 0.04583333333333333
1 0.534375 0.43333333333333335 0.04791666666666667 0.043055555555555555
1 0.6583333333333333 0.7805555555555556 0.0484375 0.044444444444444446
1 0.6932291666666667 0.7069444444444445 0.04791666666666667 0.044444444444444446
1 0.578125 0.6569444444444444 0.042708333333333334 0.04861111111111111
1 0.6536458333333334 0.6222222222222222 0.042708333333333334 0.03680555555555556
1 0.678125 0.575 0.03958333333333333 0.04722222222222222
1 0.38958333333333334 0.7791666666666667 0.024479166666666666 0.08125
3 0.41458333333333336 0.9743055555555555 0.027083333333333334 0.04861111111111111
2 0.4432291666666667 0.9777777777777777 0.028125 0.044444444444444446
1 0.47291666666666665 0.9756944444444444 0.03177083333333333 0.04861111111111111
1 0.7958333333333333 0.5909722222222222 0.040625 0.05
1 0.7567708333333333 0.675 0.044270833333333336 0.04861111111111111
1 0.7979166666666667 0.7 0.033854166666666664 0.04027777777777778
1 0.8427083333333333 0.7270833333333333 0.044270833333333336 0.04722222222222222
3 0.853125 0.5708333333333333 0.053125 0.04861111111111111
1 0.9604166666666667 0.6388888888888888 0.049479166666666664 0.04027777777777778
1 0.9567708333333333 0.6861111111111111 0.050520833333333334 0.044444444444444446
1 0.8973958333333333 0.7611111111111111 0.043229166666666666 0.05
1 0.9473958333333333 0.7875 0.050520833333333334 0.04861111111111111
1 0.9890625 0.8118055555555556 0.021875 0.0375
1 0.6567708333333333 0.1875 0.028645833333333332 0.07430555555555556
1 0.6307291666666667 0.16180555555555556 0.03333333333333333 0.07569444444444444
1 0.6854166666666667 0.12013888888888889 0.029166666666666667 0.07291666666666667
1 0.7505208333333333 0.06944444444444445 0.030729166666666665 0.08611111111111111
1 0.6609375 0.08611111111111111 0.028125 0.07083333333333333
1 0.709375 0.034722222222222224 0.029166666666666667 0.06944444444444445
1 0.68125 0.02361111111111111 0.025520833333333333 0.04722222222222222
1 0.940625 0.9 0.04791666666666667 0.05347222222222222