1 0.04635416666666667 0.24375 0.011979166666666667 0.014583333333333334
1 0.06510416666666667 0.2375 0.0109375 0.014583333333333334
1 0.090625 0.21041666666666667 0.007291666666666667 0.013194444444444444
1 0.07291666666666667 0.20694444444444443 0.0067708333333333336 0.011805555555555555
1 0.07708333333333334 0.18888888888888888 0.008333333333333333 0.011805555555555555
2 0.053125 0.18055555555555555 0.013020833333333334 0.03125
1 0.065625 0.2 0.008854166666666666 0.013194444444444444
1 0.046875 0.1986111111111111 0.009375 0.013194444444444444
1 0.024479166666666666 0.19722222222222222 0.009375 0.013194444444444444
1 0.04010416666666667 0.1840277777777778 0.009375 0.010416666666666666
1 0.10677083333333333 0.1701388888888889 0.005729166666666666 0.010416666666666666
2 0.11041666666666666 0.15138888888888888 0.010416666666666666 0.02361111111111111
1 0.09479166666666666 0.14027777777777778 0.005729166666666666 0.00625
1 0.084375 0.12152777777777778 0.005729166666666666 0.005555555555555556
1 0.09322916666666667 0.1125 0.0036458333333333334 0.005555555555555556
1 0.1015625 0.11527777777777778 0.003125 0.005555555555555556
1 0.1125 0.11180555555555556 0.004166666666666667 0.004166666666666667
2 0.1234375 0.12291666666666666 0.007291666666666667 0.01597222222222222
1 0.11458333333333333 0.12777777777777777 0.0067708333333333336 0.014583333333333334
2 0.10572916666666667 0.12152777777777778 0.005729166666666666 0.01597222222222222
1 0.15520833333333334 0.12986111111111112 0.005729166666666666 0.009027777777777777
1 0.10625 0.22916666666666666 0.0109375 0.011805555555555555