1 0.5041666666666667 0.7784722222222222 0.025 0.06111111111111111
1 0.5145833333333333 0.6895833333333333 0.0265625 0.052083333333333336
1 0.559375 0.7701388888888889 0.028125 0.05763888888888889
1 0.46979166666666666 0.6881944444444444 0.021875 0.04652777777777778
1 0.5114583333333333 0.6159722222222223 0.020833333333333332 0.041666666666666664
1 0.4708333333333333 0.5847222222222223 0.0203125 0.03263888888888889
1 0.515625 0.5618055555555556 0.016666666666666666 0.029861111111111113
1 0.4734375 0.5173611111111112 0.016666666666666666 0.02847222222222222
1 0.5130208333333334 0.5118055555555555 0.016666666666666666 0.02847222222222222
1 0.5380208333333333 0.5236111111111111 0.016666666666666666 0.02847222222222222
1 0.51875 0.46319444444444446 0.011979166666666667 0.022916666666666665
1 0.4739583333333333 0.47152777777777777 0.011979166666666667 0.022916666666666665
1 0.47708333333333336 0.4395833333333333 0.011458333333333333 0.02013888888888889
0 0.5 0.43125 0.0203125 0.06597222222222222
1 0.43802083333333336 0.65625 0.021875 0.04513888888888889
1 0.4354166666666667 0.6048611111111111 0.019270833333333334 0.03680555555555556
1 0.44427083333333334 0.5673611111111111 0.019791666666666666 0.03263888888888889
1 0.44375 0.5340277777777778 0.0171875 0.030555555555555555
1 0.44895833333333335 0.5013888888888889 0.015104166666666667 0.027083333333333334
1 0.4510416666666667 0.46319444444444446 0.013541666666666667 0.022916666666666665
1 0.45416666666666666 0.4409722222222222 0.0125 0.02013888888888889
1 0.4578125 0.41041666666666665 0.011458333333333333 0.02013888888888889
1 0.47604166666666664 0.4173611111111111 0.011458333333333333 0.016666666666666666
1 0.4578125 0.3819444444444444 0.010416666666666666 0.017361111111111112
1 0.46458333333333335 0.3472222222222222 0.008854166666666666 0.016666666666666666
1 0.409375 0.3923611111111111 0.011979166666666667 0.022916666666666665
1 0.40208333333333335 0.4340277777777778 0.0140625 0.024305555555555556
1 0.3625 0.5006944444444444 0.018229166666666668 0.030555555555555555
1 0.3260416666666667 0.5298611111111111 0.020833333333333332 0.035416666666666666
1 0.3020833333333333 0.5909722222222222 0.026041666666666668 0.04375
1 0.31197916666666664 0.6326388888888889 0.027083333333333334 0.04513888888888889
1 0.3828125 0.6173611111111111 0.026041666666666668 0.04722222222222222
1 0.3260416666666667 0.7305555555555555 0.0328125 0.06875
1 0.34375 0.8340277777777778 0.0359375 0.08125
1 0.5010416666666667 0.9 0.028645833333333332 0.09652777777777778
1 0.5177083333333333 0.40069444444444446 0.0109375 0.019444444444444445
1 0.5104166666666666 0.3715277777777778 0.011458333333333333 0.016666666666666666
1 0.525 0.37430555555555556 0.010416666666666666 0.016666666666666666
1 0.5072916666666667 0.3548611111111111 0.009895833333333333 0.014583333333333334
1 0.4666666666666667 0.32708333333333334 0.0078125 0.013888888888888888
1 0.4125 0.3104166666666667 0.0078125 0.013888888888888888
1 0.4546875 0.30625 0.011458333333333333 0.013194444444444444
1 0.4947916666666667 0.27361111111111114 0.005729166666666666 0.010416666666666666
1 0.5052083333333334 0.26944444444444443 0.005729166666666666 0.009027777777777777
1 0.4666666666666667 0.24791666666666667 0.005729166666666666 0.009027777777777777
1 0.4427083333333333 0.21319444444444444 0.003125 0.004861111111111111
1 0.46458333333333335 0.23402777777777778 0.0046875 0.007638888888888889
1 0.4822916666666667 0.25416666666666665 0.005729166666666666 0.010416666666666666
1 0.4739583333333333 0.23819444444444443 0.005208333333333333 0.009027777777777777
0 0.49583333333333335 0.3770833333333333 0.0171875 0.044444444444444446
0 0.4322916666666667 0.28888888888888886 0.0296875 0.027777777777777776
0 0.3651041666666667 0.4076388888888889 0.026041666666666668 0.07013888888888889
1 0.4666666666666667 0.3159722222222222 0.0078125 0.013194444444444444
1 0.47708333333333336 0.38125 0.0078125 0.016666666666666666
1 0.4786458333333333 0.3729166666666667 0.009375 0.017361111111111112
1 0.478125 0.3625 0.009895833333333333 0.01597222222222222
1 0.4786458333333333 0.3506944444444444 0.008333333333333333 0.014583333333333334
1 0.4786458333333333 0.33958333333333335 0.008333333333333333 0.014583333333333334
1 0.4791666666666667 0.3326388888888889 0.008854166666666666 0.011805555555555555
1 0.49375 0.35208333333333336 0.008854166666666666 0.013888888888888888
1 0.49270833333333336 0.34097222222222223 0.008854166666666666 0.013888888888888888
1 0.49270833333333336 0.3326388888888889 0.008333333333333333 0.013888888888888888
1 0.3927083333333333 0.31319444444444444 0.0078125 0.013888888888888888
1 0.38125 0.29791666666666666 0.009375 0.014583333333333334
1 0.30416666666666664 0.38055555555555554 0.028645833333333332 0.016666666666666666
1 0.30520833333333336 0.37569444444444444 0.028645833333333332 0.016666666666666666
1 0.3046875 0.3715277777777778 0.027083333333333334 0.016666666666666666
1 0.30625 0.3645833333333333 0.027083333333333334 0.016666666666666666
1 0.309375 0.3625 0.028125 0.011805555555555555
1 0.31145833333333334 0.35347222222222224 0.025520833333333333 0.014583333333333334
1 0.3223958333333333 0.3423611111111111 0.026041666666666668 0.011805555555555555
1 0.3223958333333333 0.33819444444444446 0.026041666666666668 0.011805555555555555
1 0.32864583333333336 0.33541666666666664 0.026041666666666668 0.011805555555555555
1 0.32864583333333336 0.3284722222222222 0.026041666666666668 0.011805555555555555
1 0.3333333333333333 0.32222222222222224 0.020833333333333332 0.011111111111111112
1 0.34479166666666666 0.30833333333333335 0.021354166666666667 0.013194444444444444
1 0.34791666666666665 0.30069444444444443 0.021354166666666667 0.013194444444444444
1 0.3515625 0.2951388888888889 0.01875 0.011111111111111112
1 0.34270833333333334 0.28958333333333336 0.018229166666666668 0.010416666666666666
1 0.45625 0.2826388888888889 0.009375 0.011805555555555555
1 0.459375 0.27708333333333335 0.013020833333333334 0.011111111111111112
1 0.4515625 0.27152777777777776 0.00625 0.010416666666666666
1 0.4510416666666667 0.26458333333333334 0.0067708333333333336 0.010416666666666666
1 0.44166666666666665 0.2722222222222222 0.0067708333333333336 0.009027777777777777
1 0.43072916666666666 0.2652777777777778 0.00625 0.010416666666666666
1 0.42083333333333334 0.2659722222222222 0.0067708333333333336 0.009027777777777777
1 0.4375 0.21388888888888888 0.004166666666666667 0.005555555555555556
1 0.4510416666666667 0.21597222222222223 0.0036458333333333334 0.00625
1 0.453125 0.2298611111111111 0.005729166666666666 0.009027777777777777
1 0.4791666666666667 0.24722222222222223 0.005729166666666666 0.007638888888888889
1 0.48854166666666665 0.26319444444444445 0.007291666666666667 0.010416666666666666
1 0.49583333333333335 0.26180555555555557 0.005729166666666666 0.008333333333333333
1 0.496875 0.25625 0.014583333333333334 0.011111111111111112
0 0.46145833333333336 0.21875 0.008333333333333333 0.013194444444444444
1 0.5807291666666666 0.5604166666666667 0.034375 0.03263888888888889
1 0.5765625 0.5173611111111112 0.036458333333333336 0.027777777777777776
1 0.5760416666666667 0.40902777777777777 0.013020833333333334 0.022222222222222223
0 0.5213541666666667 0.3402777777777778 0.016666666666666666 0.03958333333333333
1 0.47708333333333336 0.39375 0.010416666666666666 0.017361111111111112
3 0.3765625 0.5347222222222222 0.019791666666666666 0.041666666666666664
0 0.5739583333333333 0.3701388888888889 0.0140625 0.03333333333333333
0 0.41041666666666665 0.25625 0.009895833333333333 0.024305555555555556
1 0.26510416666666664 0.3680555555555556 0.0125 0.017361111111111112
1 0.4505208333333333 0.2611111111111111 0.00625 0.009027777777777777
1 0.45 0.2548611111111111 0.0067708333333333336 0.009027777777777777
1 0.446875 0.24930555555555556 0.0067708333333333336 0.010416666666666666
1 0.4432291666666667 0.24444444444444444 0.00625 0.009027777777777777
1 0.4395833333333333 0.23541666666666666 0.00625 0.009027777777777777
1 0.44166666666666665 0.2659722222222222 0.0067708333333333336 0.009027777777777777
1 0.4395833333333333 0.25555555555555554 0.0067708333333333336 0.009027777777777777
1 0.4375 0.24930555555555556 0.0067708333333333336 0.010416666666666666
1 0.4348958333333333 0.24513888888888888 0.00625 0.010416666666666666
1 0.4322916666666667 0.23680555555555555 0.0067708333333333336 0.009027777777777777
1 0.43125 0.25972222222222224 0.0067708333333333336 0.010416666666666666
1 0.42916666666666664 0.25277777777777777 0.00625 0.009027777777777777
1 0.428125 0.24722222222222223 0.0067708333333333336 0.009027777777777777
1 0.42604166666666665 0.2423611111111111 0.0067708333333333336 0.009027777777777777
1 0.425 0.23958333333333334 0.0067708333333333336 0.009027777777777777
1 0.42291666666666666 0.23402777777777778 0.0067708333333333336 0.010416666666666666
1 0.42083333333333334 0.2590277777777778 0.00625 0.009027777777777777
1 0.4197916666666667 0.2520833333333333 0.0067708333333333336 0.009027777777777777
1 0.4171875 0.24097222222222223 0.00625 0.010416666666666666
1 0.41354166666666664 0.23194444444444445 0.0067708333333333336 0.010416666666666666
1 0.4140625 0.22708333333333333 0.00625 0.009027777777777777
1 0.41875 0.22152777777777777 0.005729166666666666 0.005555555555555556
1 0.40520833333333334 0.22152777777777777 0.0067708333333333336 0.010416666666666666
1 0.4083333333333333 0.23402777777777778 0.0067708333333333336 0.010416666666666666
1 0.40989583333333335 0.23958333333333334 0.00625 0.009027777777777777
1 0.43645833333333334 0.22916666666666666 0.00625 0.010416666666666666
1 0.4322916666666667 0.22013888888888888 0.0067708333333333336 0.009027777777777777
1 0.42916666666666664 0.21458333333333332 0.0067708333333333336 0.009027777777777777
1 0.42604166666666665 0.22291666666666668 0.0067708333333333336 0.010416666666666666
1 0.4239583333333333 0.21875 0.0067708333333333336 0.009027777777777777
1 0.421875 0.21458333333333332 0.0067708333333333336 0.009027777777777777
1 0.41875 0.21875 0.00625 0.010416666666666666
1 0.48333333333333334 0.23680555555555555 0.005729166666666666 0.007638888888888889
1 0.46875 0.23055555555555557 0.005729166666666666 0.007638888888888889
1 0.47604166666666664 0.23125 0.005729166666666666 0.007638888888888889
1 0.48020833333333335 0.23402777777777778 0.005729166666666666 0.007638888888888889
1 0.48854166666666665 0.2465277777777778 0.005729166666666666 0.007638888888888889
1 0.49270833333333336 0.24930555555555556 0.005729166666666666 0.007638888888888889
1 0.48125 0.27847222222222223 0.007291666666666667 0.010416666666666666
1 0.6192708333333333 0.375 0.014583333333333334 0.014583333333333334
3 0.5947916666666667 0.29791666666666666 0.015625 0.013888888888888888
1 0.5239583333333333 0.3645833333333333 0.008854166666666666 0.013888888888888888
1 0.21145833333333333 0.8020833333333334 0.04375 0.07569444444444444
1 0.253125 0.80625 0.044270833333333336 0.08819444444444445