1 0.771875 0.8402777777777778 0.065625 0.18055555555555555
1 0.6322916666666667 0.7305555555555555 0.05572916666666667 0.14097222222222222
3 0.7828125 0.5666666666666667 0.10208333333333333 0.10347222222222222
2 0.7921875 0.4548611111111111 0.050520833333333334 0.1388888888888889
3 0.6854166666666667 0.37569444444444444 0.050520833333333334 0.09305555555555556
3 0.5828125 0.3277777777777778 0.0375 0.08611111111111111
2 0.14947916666666666 0.875 0.19583333333333333 0.25
1 0.4265625 0.7243055555555555 0.0515625 0.1909722222222222
3 0.07083333333333333 0.6826388888888889 0.14166666666666666 0.11527777777777778
3 0.11666666666666667 0.45 0.103125 0.08611111111111111
1 0.19947916666666668 0.2263888888888889 0.053125 0.052083333333333336
1 0.30052083333333335 0.28402777777777777 0.040625 0.07430555555555556
1 0.24947916666666667 0.11944444444444445 0.0640625 0.050694444444444445
3 0.25416666666666665 0.049305555555555554 0.027083333333333334 0.050694444444444445
1 0.5567708333333333 0.0375 0.021354166666666667 0.04027777777777778
1 0.5458333333333333 0.1375 0.029166666666666667 0.052083333333333336
1 0.4510416666666667 0.2326388888888889 0.03177083333333333 0.07083333333333333
1 0.4041666666666667 0.23541666666666666 0.035416666666666666 0.07291666666666667
3 0.41510416666666666 0.15208333333333332 0.028645833333333332 0.06666666666666667