3 0.22447916666666667 0.6576388888888889 0.09427083333333333 0.1125
0 0.34791666666666665 0.6833333333333333 0.22864583333333333 0.2326388888888889
0 0.365625 0.79375 0.29322916666666665 0.32430555555555557
1 0.734375 0.3993055555555556 0.0234375 0.027777777777777776
1 0.8375 0.3333333333333333 0.010416666666666666 0.018055555555555554
1 0.621875 0.5256944444444445 0.03697916666666667 0.03680555555555556
1 0.709375 0.46458333333333335 0.0359375 0.029861111111111113
1 0.8067708333333333 0.3625 0.019791666666666666 0.029861111111111113
1 0.7244791666666667 0.4388888888888889 0.028645833333333332 0.03680555555555556
1 0.7458333333333333 0.4236111111111111 0.021354166666666667 0.02847222222222222
1 0.7822916666666667 0.4027777777777778 0.020833333333333332 0.034027777777777775
1 0.7630208333333334 0.4111111111111111 0.021875 0.04027777777777778
1 0.8640625 0.30277777777777776 0.019270833333333334 0.016666666666666666
1 0.8901041666666667 0.31319444444444444 0.009375 0.011805555555555555