2 0.8947916666666667 0.7743055555555556 0.20572916666666666 0.18888888888888888
1 0.3265625 0.9319444444444445 0.16979166666666667 0.1361111111111111
1 0.09947916666666666 0.9715277777777778 0.19270833333333334 0.05625
1 0.41770833333333335 0.7819444444444444 0.08958333333333333 0.1326388888888889
1 0.44479166666666664 0.7 0.06197916666666667 0.09097222222222222
1 0.39791666666666664 0.6590277777777778 0.058333333333333334 0.07430555555555556
1 0.415625 0.6326388888888889 0.04583333333333333 0.05277777777777778
1 0.453125 0.5916666666666667 0.030729166666666665 0.04097222222222222
1 0.4822916666666667 0.6611111111111111 0.049479166666666664 0.07569444444444444
1 0.4875 0.6215277777777778 0.0359375 0.04652777777777778
1 0.49322916666666666 0.6 0.03125 0.044444444444444446
3 0.496875 0.58125 0.0265625 0.05347222222222222
1 0.5489583333333333 0.6201388888888889 0.03697916666666667 0.05347222222222222
3 0.5359375 0.5701388888888889 0.023958333333333335 0.03819444444444445
1 0.5052083333333334 0.5645833333333333 0.020833333333333332 0.029861111111111113
1 0.5125 0.5506944444444445 0.016666666666666666 0.022916666666666665
1 0.5208333333333334 0.5423611111111111 0.0171875 0.025
1 0.5375 0.5506944444444445 0.016666666666666666 0.022222222222222223
1 0.5385416666666667 0.5354166666666667 0.014583333333333334 0.021527777777777778
1 0.4895833333333333 0.5409722222222222 0.027604166666666666 0.022222222222222223
1 0.5473958333333333 0.5194444444444445 0.009375 0.013194444444444444
1 0.5604166666666667 0.5298611111111111 0.0140625 0.019444444444444445
1 0.5567708333333333 0.5229166666666667 0.011458333333333333 0.019444444444444445
1 0.7458333333333333 0.6847222222222222 0.1140625 0.09513888888888888