1 0.21927083333333333 0.5166666666666667 0.09375 0.06111111111111111
1 0.3927083333333333 0.4527777777777778 0.065625 0.05555555555555555
1 0.30572916666666666 0.3729166666666667 0.058333333333333334 0.052083333333333336
1 0.22291666666666668 0.36875 0.065625 0.04652777777777778
1 0.5604166666666667 0.6055555555555555 0.042708333333333334 0.10208333333333333
1 0.61875 0.47847222222222224 0.040625 0.07013888888888889
1 0.6578125 0.40208333333333335 0.04791666666666667 0.06111111111111111
1 0.703125 0.4354166666666667 0.042708333333333334 0.06458333333333334
1 0.6510416666666666 0.8215277777777777 0.06145833333333333 0.16666666666666666
1 0.91875 0.8034722222222223 0.096875 0.1388888888888889
1 0.5177083333333333 0.9041666666666667 0.08697916666666666 0.19166666666666668
1 0.3802083333333333 0.725 0.11770833333333333 0.1
1 0.7989583333333333 0.3576388888888889 0.028125 0.05347222222222222
1 0.8932291666666666 0.41875 0.04375 0.05763888888888889
3 0.5244791666666667 0.3645833333333333 0.03958333333333333 0.04236111111111111
1 0.1765625 0.7409722222222223 0.125 0.09444444444444444
1 0.4734375 0.3215277777777778 0.03958333333333333 0.04791666666666667
3 0.8505208333333333 0.32708333333333334 0.05 0.044444444444444446
1 0.846875 0.5131944444444444 0.051041666666666666 0.06458333333333334
1 0.5963541666666666 0.1638888888888889 0.010416666666666666 0.022222222222222223
1 0.6208333333333333 0.1673611111111111 0.015625 0.01875
1 0.6020833333333333 0.10208333333333333 0.013541666666666667 0.009027777777777777
1 0.46979166666666666 0.18541666666666667 0.013541666666666667 0.016666666666666666
1 0.4822916666666667 0.20208333333333334 0.011458333333333333 0.016666666666666666
1 0.49166666666666664 0.21180555555555555 0.019791666666666666 0.01875
1 0.509375 0.23541666666666666 0.023958333333333335 0.024305555555555556
1 0.5260416666666666 0.25763888888888886 0.023958333333333335 0.03125
1 0.4921875 0.15833333333333333 0.0125 0.022222222222222223
1 0.5026041666666666 0.17152777777777778 0.0125 0.01875
1 0.5166666666666667 0.18263888888888888 0.015625 0.01875
1 0.5286458333333334 0.19791666666666666 0.016666666666666666 0.016666666666666666
1 0.5447916666666667 0.21458333333333332 0.026041666666666668 0.024305555555555556
1 0.4901041666666667 0.18055555555555555 0.008333333333333333 0.007638888888888889
1 0.49895833333333334 0.18888888888888888 0.011458333333333333 0.024305555555555556
3 0.5192708333333333 0.21319444444444444 0.020833333333333332 0.027777777777777776
1 0.20364583333333333 0.30486111111111114 0.029166666666666667 0.052083333333333336
1 0.040625 0.32569444444444445 0.03229166666666667 0.05
1 0.010416666666666666 0.3284722222222222 0.017708333333333333 0.04097222222222222
1 0.23489583333333333 0.30277777777777776 0.029166666666666667 0.04791666666666667
1 0.2604166666666667 0.2965277777777778 0.019791666666666666 0.035416666666666666
1 0.2921875 0.2951388888888889 0.020833333333333332 0.03333333333333333
1 0.31979166666666664 0.28888888888888886 0.023958333333333335 0.03125
1 0.3828125 0.28125 0.029166666666666667 0.027777777777777776
1 0.4265625 0.2604166666666667 0.04583333333333333 0.029861111111111113
1 0.40989583333333335 0.22152777777777777 0.03958333333333333 0.022222222222222223
1 0.4010416666666667 0.20902777777777778 0.03229166666666667 0.024305555555555556
3 0.39166666666666666 0.17569444444444443 0.034375 0.02013888888888889
1 0.3015625 0.22430555555555556 0.041666666666666664 0.024305555555555556
1 0.3046875 0.2076388888888889 0.035416666666666666 0.02013888888888889
3 0.3072916666666667 0.1840277777777778 0.036458333333333336 0.022222222222222223
3 0.3109375 0.16041666666666668 0.0375 0.01875
3 0.3104166666666667 0.16180555555555556 0.026041666666666668 0.025694444444444443
1 0.8515625 0.29375 0.04791666666666667 0.029861111111111113
1 0.9536458333333333 0.3055555555555556 0.04583333333333333 0.03125
1 0.9458333333333333 0.28958333333333336 0.040625 0.029861111111111113
3 0.8822916666666667 0.2604166666666667 0.051041666666666666 0.03680555555555556
1 0.8322916666666667 0.2638888888888889 0.040625 0.022222222222222223
1 0.8385416666666666 0.275 0.042708333333333334 0.022222222222222223
1 0.8963541666666667 0.2798611111111111 0.04583333333333333 0.03125
1 0.9239583333333333 0.25555555555555554 0.028125 0.02013888888888889
1 0.9619791666666667 0.23125 0.03333333333333333 0.02013888888888889
1 0.9572916666666667 0.25625 0.026041666666666668 0.029861111111111113
1 0.978125 0.2701388888888889 0.034375 0.03125
0 0.9869791666666666 0.23333333333333334 0.025 0.07222222222222222
1 0.6567708333333333 0.20277777777777778 0.029166666666666667 0.029861111111111113
1 0.35520833333333335 0.28680555555555554 0.030208333333333334 0.027777777777777776
3 0.384375 0.16666666666666666 0.030208333333333334 0.027777777777777776
1 0.37864583333333335 0.15555555555555556 0.022916666666666665 0.016666666666666666
1 0.47708333333333336 0.16666666666666666 0.011458333333333333 0.024305555555555556
1 0.46510416666666665 0.15486111111111112 0.0125 0.014583333333333334
1 0.45416666666666666 0.14652777777777778 0.011458333333333333 0.02013888888888889
1 0.471875 0.14097222222222222 0.007291666666666667 0.016666666666666666
1 0.4666666666666667 0.1361111111111111 0.011458333333333333 0.022222222222222223
1 0.4609375 0.12430555555555556 0.010416666666666666 0.013194444444444444
1 0.44895833333333335 0.13333333333333333 0.009375 0.02013888888888889
1 0.4401041666666667 0.12569444444444444 0.008333333333333333 0.02013888888888889
1 0.4317708333333333 0.11458333333333333 0.010416666666666666 0.02013888888888889
1 0.4427083333333333 0.11388888888888889 0.005208333333333333 0.014583333333333334
1 0.44947916666666665 0.11597222222222223 0.010416666666666666 0.01875