3 0.5270833333333333 0.9055555555555556 0.09479166666666666 0.12152777777777778
1 0.5989583333333334 0.8298611111111112 0.11979166666666667 0.1125
1 0.6291666666666667 0.7625 0.0984375 0.09305555555555556
1 0.6734375 0.6722222222222223 0.0984375 0.08125
1 0.7052083333333333 0.5576388888888889 0.08229166666666667 0.08263888888888889
1 0.7442708333333333 0.48055555555555557 0.075 0.06388888888888888
1 0.7536458333333333 0.45902777777777776 0.07083333333333333 0.06041666666666667
2 0.7739583333333333 0.4 0.15520833333333334 0.14097222222222222
2 0.8057291666666667 0.3506944444444444 0.10572916666666667 0.09027777777777778
2 0.8286458333333333 0.2923611111111111 0.13802083333333334 0.09305555555555556
2 0.846875 0.27569444444444446 0.11302083333333333 0.10486111111111111
2 0.8557291666666667 0.2569444444444444 0.12552083333333333 0.10347222222222222
2 0.8979166666666667 0.23819444444444443 0.10677083333333333 0.09166666666666666
2 0.9052083333333333 0.2263888888888889 0.11302083333333333 0.09930555555555555
2 0.9208333333333333 0.17777777777777778 0.071875 0.06527777777777778
2 0.9489583333333333 0.15763888888888888 0.0890625 0.07708333333333334
2 0.9317708333333333 0.13125 0.09583333333333334 0.06944444444444445
1 0.89375 0.10138888888888889 0.03177083333333333 0.025
1 0.90625 0.1076388888888889 0.0359375 0.027777777777777776
2 0.7994791666666666 0.021527777777777778 0.021354166666666667 0.029861111111111113
2 0.9005208333333333 0.07708333333333334 0.084375 0.05
3 0.8630208333333333 0.07222222222222222 0.027083333333333334 0.025
1 0.8692708333333333 0.08333333333333333 0.029166666666666667 0.022222222222222223
2 0.8604166666666667 0.035416666666666666 0.050520833333333334 0.06041666666666667
2 0.8869791666666667 0.03611111111111111 0.05 0.06666666666666667
2 0.9125 0.035416666666666666 0.044270833333333336 0.06805555555555555
2 0.9598958333333333 0.04027777777777778 0.043229166666666666 0.06041666666666667
2 0.9817708333333334 0.0375 0.0359375 0.06388888888888888
1 0.7192708333333333 0.04513888888888889 0.029166666666666667 0.022222222222222223
1 0.6057291666666667 0.14722222222222223 0.0390625 0.03263888888888889
1 0.5963541666666666 0.1625 0.03802083333333333 0.03263888888888889
1 0.571875 0.1763888888888889 0.040625 0.03680555555555556
2 0.5234375 0.17847222222222223 0.06302083333333333 0.04583333333333333
2 0.3927083333333333 0.37222222222222223 0.07083333333333333 0.06666666666666667
1 0.26927083333333335 0.47291666666666665 0.06822916666666666 0.06805555555555555
2 0.38333333333333336 0.6409722222222223 0.24479166666666666 0.41944444444444445
1 0.12708333333333333 0.4388888888888889 0.05416666666666667 0.07083333333333333
1 0.16666666666666666 0.5361111111111111 0.0625 0.08125
2 0.042708333333333334 0.4465277777777778 0.071875 0.0798611111111111
2 0.0859375 0.6881944444444444 0.171875 0.33055555555555555
1 0.015625 0.10486111111111111 0.03125 0.02638888888888889
1 0.07864583333333333 0.10694444444444444 0.03697916666666667 0.02847222222222222
2 0.4473958333333333 0.94375 0.25833333333333336 0.1125
1 0.46927083333333336 0.009722222222222222 0.028125 0.019444444444444445