1 0.10416666666666667 0.33402777777777776 0.0515625 0.06388888888888888
1 0.5291666666666667 0.9034722222222222 0.07083333333333333 0.17777777777777778
1 0.43020833333333336 0.7930555555555555 0.05416666666666667 0.1527777777777778
1 0.44375 0.16805555555555557 0.021354166666666667 0.03819444444444445
1 0.4473958333333333 0.13402777777777777 0.018229166666666668 0.027777777777777776
1 0.48333333333333334 0.11875 0.018229166666666668 0.02847222222222222
1 0.4765625 0.1486111111111111 0.0234375 0.03263888888888889
1 0.4765625 0.09444444444444444 0.016145833333333335 0.025
1 0.9515625 0.20625 0.03958333333333333 0.05486111111111111
1 0.9786458333333333 0.17152777777777778 0.042708333333333334 0.041666666666666664
1 0.9817708333333334 0.2625 0.0359375 0.07083333333333333
1 0.871875 0.16944444444444445 0.04114583333333333 0.04027777777777778
1 0.8927083333333333 0.1625 0.04114583333333333 0.04027777777777778
1 0.9640625 0.07777777777777778 0.05 0.043055555555555555
0 0.9453125 0.13472222222222222 0.09635416666666667 0.06527777777777778
2 0.5005208333333333 0.24097222222222223 0.03333333333333333 0.09791666666666667
2 0.4395833333333333 0.2986111111111111 0.04583333333333333 0.19444444444444445
2 0.5291666666666667 0.5173611111111112 0.08072916666666667 0.35833333333333334
2 0.42916666666666664 0.5222222222222223 0.06666666666666667 0.24166666666666667
1 0.5015625 0.35694444444444445 0.028125 0.06041666666666667
2 0.484375 0.18541666666666667 0.024479166666666666 0.05
0 0.44375 0.07222222222222222 0.024479166666666666 0.07291666666666667
1 0.4817708333333333 0.029166666666666667 0.021875 0.058333333333333334
1 0.46145833333333336 0.052083333333333336 0.0125 0.018055555555555554
1 0.4473958333333333 0.034027777777777775 0.0125 0.01597222222222222
1 0.44583333333333336 0.008333333333333333 0.013020833333333334 0.014583333333333334
0 0.4119791666666667 0.9270833333333334 0.109375 0.14583333333333334