1 0.12447916666666667 0.33819444444444446 0.05416666666666667 0.05625
1 0.1984375 0.24791666666666667 0.03958333333333333 0.04027777777777778
1 0.26927083333333335 0.8479166666666667 0.16041666666666668 0.13194444444444445
3 0.278125 0.94375 0.18958333333333333 0.1125
1 0.775 0.93125 0.18541666666666667 0.1375
3 0.6895833333333333 0.8361111111111111 0.16770833333333332 0.1840277777777778
1 0.6755208333333333 0.7381944444444445 0.13541666666666666 0.09027777777777778
1 0.6401041666666667 0.6722222222222223 0.12135416666666667 0.09166666666666666
3 0.6223958333333334 0.5993055555555555 0.11666666666666667 0.08263888888888889
1 0.5848958333333333 0.5243055555555556 0.09322916666666667 0.07847222222222222
1 0.3421875 0.5395833333333333 0.09947916666666666 0.07291666666666667
1 0.3489583333333333 0.47291666666666665 0.09166666666666666 0.07569444444444444
1 0.3494791666666667 0.42777777777777776 0.08072916666666667 0.0625
1 0.3572916666666667 0.3993055555555556 0.08072916666666667 0.05347222222222222
1 0.559375 0.4722222222222222 0.08072916666666667 0.0625
1 0.5802083333333333 0.4166666666666667 0.07083333333333333 0.052083333333333336
1 0.39010416666666664 0.325 0.058333333333333334 0.04583333333333333
1 0.3890625 0.30625 0.06197916666666667 0.04027777777777778
1 0.39427083333333335 0.2833333333333333 0.06302083333333333 0.04722222222222222
1 0.25833333333333336 0.18472222222222223 0.028645833333333332 0.035416666666666666
1 0.30416666666666664 0.14166666666666666 0.020833333333333332 0.022222222222222223
3 0.3411458333333333 0.10486111111111111 0.014583333333333334 0.02638888888888889
1 0.340625 0.08819444444444445 0.0125 0.014583333333333334
1 0.35833333333333334 0.07361111111111111 0.010416666666666666 0.014583333333333334
1 0.3729166666666667 0.06111111111111111 0.009375 0.013194444444444444
1 0.39010416666666664 0.0625 0.009375 0.013194444444444444
1 0.38645833333333335 0.05 0.008333333333333333 0.010416666666666666
1 0.39166666666666666 0.04583333333333333 0.008333333333333333 0.010416666666666666
2 0.11666666666666667 0.03680555555555556 0.016145833333333335 0.013194444444444444
0 0.30416666666666664 0.02638888888888889 0.029166666666666667 0.020833333333333332
1 0.46197916666666666 0.034722222222222224 0.014583333333333334 0.009027777777777777
1 0.48541666666666666 0.035416666666666666 0.016145833333333335 0.010416666666666666
1 0.6010416666666667 0.03611111111111111 0.015625 0.009027777777777777
1 0.7901041666666667 0.03888888888888889 0.0140625 0.010416666666666666
1 0.8875 0.04097222222222222 0.014583333333333334 0.009027777777777777
1 0.9744791666666667 0.04097222222222222 0.013020833333333334 0.011805555555555555