1 0.3015625 0.7548611111111111 0.046875 0.07708333333333334
1 0.1171875 0.9361111111111111 0.084375 0.12777777777777777
1 0.0859375 0.8152777777777778 0.08697916666666666 0.07708333333333334
1 0.12447916666666667 0.7333333333333333 0.040625 0.08611111111111111
1 0.16510416666666666 0.6215277777777778 0.040625 0.06388888888888888
3 0.2125 0.5597222222222222 0.028125 0.05486111111111111
3 0.3729166666666667 0.5277777777777778 0.049479166666666664 0.04722222222222222
1 0.43125 0.5006944444444444 0.04635416666666667 0.03125
0 0.5807291666666666 0.47708333333333336 0.0890625 0.05486111111111111
1 0.33958333333333335 0.4534722222222222 0.03333333333333333 0.02847222222222222
1 0.24583333333333332 0.44305555555555554 0.022916666666666665 0.03888888888888889
1 0.17708333333333334 0.5020833333333333 0.035416666666666666 0.034027777777777775
1 0.0375 0.5715277777777777 0.06302083333333333 0.05486111111111111
1 0.30572916666666666 0.40555555555555556 0.0125 0.02638888888888889
1 0.3067708333333333 0.3527777777777778 0.0140625 0.018055555555555554
1 0.015104166666666667 0.4270833333333333 0.030208333333333334 0.025
1 0.019791666666666666 0.4166666666666667 0.035416666666666666 0.018055555555555554
1 0.09791666666666667 0.4708333333333333 0.027083333333333334 0.03888888888888889
1 0.051041666666666666 0.4861111111111111 0.040625 0.03680555555555556
2 0.044270833333333336 0.5319444444444444 0.078125 0.05486111111111111
2 0.13385416666666666 0.48055555555555557 0.046875 0.06666666666666667
2 0.1640625 0.4423611111111111 0.020833333333333332 0.06666666666666667
2 0.14791666666666667 0.4166666666666667 0.021875 0.050694444444444445
1 0.13333333333333333 0.3645833333333333 0.017708333333333333 0.02361111111111111
1 0.17916666666666667 0.38333333333333336 0.013020833333333334 0.019444444444444445
1 0.16927083333333334 0.35694444444444445 0.016145833333333335 0.02361111111111111
2 0.13645833333333332 0.3284722222222222 0.08333333333333333 0.029861111111111113
1 0.190625 0.33541666666666664 0.025520833333333333 0.016666666666666666
3 0.21614583333333334 0.375 0.028125 0.02361111111111111
3 0.21927083333333333 0.3638888888888889 0.028125 0.022222222222222223
1 0.23072916666666668 0.3611111111111111 0.025 0.018055555555555554
1 0.2755208333333333 0.32430555555555557 0.0109375 0.020833333333333332
2 0.290625 0.2972222222222222 0.016145833333333335 0.04027777777777778
2 0.3067708333333333 0.26805555555555555 0.021354166666666667 0.03888888888888889
1 0.31927083333333334 0.34097222222222223 0.010416666666666666 0.018055555555555554
1 0.321875 0.32083333333333336 0.010416666666666666 0.016666666666666666
1 0.34270833333333334 0.3298611111111111 0.013020833333333334 0.014583333333333334
3 0.3380208333333333 0.4270833333333333 0.025 0.027777777777777776
2 0.38177083333333334 0.3715277777777778 0.015625 0.041666666666666664
1 0.39791666666666664 0.3229166666666667 0.0109375 0.013194444444444444
1 0.3458333333333333 0.27291666666666664 0.0067708333333333336 0.010416666666666666
1 0.340625 0.2611111111111111 0.005729166666666666 0.007638888888888889
1 0.3302083333333333 0.26319444444444445 0.005729166666666666 0.009027777777777777
1 0.3333333333333333 0.2548611111111111 0.005208333333333333 0.007638888888888889
1 0.34375 0.22361111111111112 0.0036458333333333334 0.005555555555555556
1 0.35208333333333336 0.21736111111111112 0.0036458333333333334 0.009027777777777777
2 0.3625 0.2361111111111111 0.008854166666666666 0.016666666666666666
0 0.840625 0.37083333333333335 0.016145833333333335 0.03263888888888889
1 0.8276041666666667 0.35833333333333334 0.009375 0.018055555555555554
2 0.8182291666666667 0.3173611111111111 0.013020833333333334 0.02361111111111111
1 0.8270833333333333 0.30694444444444446 0.007291666666666667 0.013194444444444444
3 0.9604166666666667 0.42777777777777776 0.033854166666666664 0.027777777777777776
1 0.9041666666666667 0.36180555555555555 0.009375 0.01597222222222222
2 0.8927083333333333 0.3229166666666667 0.04114583333333333 0.02847222222222222
2 0.9026041666666667 0.32083333333333336 0.041666666666666664 0.027777777777777776
2 0.9104166666666667 0.3159722222222222 0.04114583333333333 0.027777777777777776