1 0.057291666666666664 0.9277777777777778 0.09114583333333333 0.1423611111111111
1 0.14166666666666666 0.45208333333333334 0.08333333333333333 0.08333333333333333
3 0.0734375 0.3951388888888889 0.07083333333333333 0.09305555555555556
1 0.14947916666666666 0.32430555555555557 0.071875 0.07083333333333333
1 0.16197916666666667 0.2569444444444444 0.06614583333333333 0.04861111111111111
3 0.09947916666666666 0.21597222222222223 0.046875 0.06041666666666667
3 0.18697916666666667 0.13125 0.05416666666666667 0.050694444444444445
1 0.17291666666666666 0.11319444444444444 0.0515625 0.043055555555555555
1 0.19114583333333332 0.08194444444444444 0.058854166666666666 0.050694444444444445
3 0.18697916666666667 0.04097222222222222 0.06041666666666667 0.043055555555555555
1 0.16927083333333334 0.011111111111111112 0.052083333333333336 0.022222222222222223
1 0.08229166666666667 0.008333333333333333 0.0234375 0.016666666666666666
1 0.05364583333333333 0.035416666666666666 0.025 0.041666666666666664
1 0.011979166666666667 0.013888888888888888 0.023958333333333335 0.027777777777777776
1 0.0067708333333333336 0.03958333333333333 0.013541666666666667 0.043055555555555555
1 0.005729166666666666 0.08611111111111111 0.0109375 0.041666666666666664