1 0.13802083333333334 0.5159722222222223 0.06041666666666667 0.035416666666666666
2 0.41302083333333334 0.48055555555555557 0.06979166666666667 0.06111111111111111
2 0.8713541666666667 0.4305555555555556 0.11770833333333333 0.07430555555555556
1 0.7052083333333333 0.47638888888888886 0.044270833333333336 0.035416666666666666
2 0.5635416666666667 0.2916666666666667 0.022916666666666665 0.03888888888888889
2 0.428125 0.3125 0.019791666666666666 0.034027777777777775
1 0.47708333333333336 0.34305555555555556 0.007291666666666667 0.019444444444444445
1 0.6302083333333334 0.3736111111111111 0.016145833333333335 0.020833333333333332
2 0.7067708333333333 0.3090277777777778 0.0375 0.025
1 0.8567708333333334 0.30833333333333335 0.020833333333333332 0.01597222222222222
2 0.51875 0.25277777777777777 0.0140625 0.025
1 0.5114583333333333 0.27152777777777776 0.0140625 0.011805555555555555
2 0.37447916666666664 0.25 0.009375 0.019444444444444445