1 0.09427083333333333 0.9201388888888888 0.11770833333333333 0.14444444444444443
1 0.18645833333333334 0.7104166666666667 0.11458333333333333 0.09097222222222222
1 0.396875 0.7631944444444444 0.06666666666666667 0.14791666666666667
1 0.43697916666666664 0.6305555555555555 0.03854166666666667 0.09097222222222222
1 0.4864583333333333 0.5145833333333333 0.03125 0.06319444444444444
1 0.31614583333333335 0.5888888888888889 0.06354166666666666 0.08125
1 0.27395833333333336 0.5722222222222222 0.06458333333333334 0.07013888888888889
1 0.3828125 0.4951388888888889 0.040625 0.06875
1 0.19322916666666667 0.45 0.059375 0.052083333333333336
1 0.15364583333333334 0.4465277777777778 0.059375 0.052083333333333336
1 0.24791666666666667 0.38125 0.03333333333333333 0.04097222222222222
1 0.209375 0.38333333333333336 0.022916666666666665 0.04097222222222222
1 0.18072916666666666 0.38125 0.017708333333333333 0.04097222222222222
1 0.5578125 0.4395833333333333 0.028125 0.04652777777777778
1 0.5614583333333333 0.4048611111111111 0.029166666666666667 0.05