1 0.3380208333333333 0.9125 0.209375 0.175
1 0.41770833333333335 0.7090277777777778 0.08645833333333333 0.13541666666666666
1 0.528125 0.6590277777777778 0.06614583333333333 0.11736111111111111
1 0.4505208333333333 0.6055555555555555 0.04791666666666667 0.07430555555555556
1 0.521875 0.5916666666666667 0.04583333333333333 0.05555555555555555
1 0.515625 0.5729166666666666 0.034895833333333334 0.03958333333333333
1 0.5135416666666667 0.5590277777777778 0.0328125 0.035416666666666666
1 0.4578125 0.5666666666666667 0.035416666666666666 0.04236111111111111
1 0.465625 0.5527777777777778 0.027604166666666666 0.03680555555555556
1 0.47604166666666664 0.5368055555555555 0.022395833333333334 0.02847222222222222
1 0.4791666666666667 0.51875 0.015625 0.027083333333333334
3 0.48125 0.5131944444444444 0.015104166666666667 0.034027777777777775
1 0.496875 0.5222222222222223 0.016145833333333335 0.022222222222222223
1 0.496875 0.5118055555555555 0.008854166666666666 0.014583333333333334
3 0.4973958333333333 0.5055555555555555 0.010416666666666666 0.01875
1 0.5864583333333333 0.5527777777777778 0.05364583333333333 0.04097222222222222
1 0.6171875 0.5340277777777778 0.03958333333333333 0.034027777777777775
1 0.590625 0.5256944444444445 0.034895833333333334 0.025694444444444443
1 0.5807291666666666 0.5256944444444445 0.028125 0.027083333333333334
1 0.5739583333333333 0.5215277777777778 0.025520833333333333 0.02013888888888889
1 0.5604166666666667 0.51875 0.022916666666666665 0.016666666666666666
1 0.5567708333333333 0.5125 0.022916666666666665 0.019444444444444445