1 0.6307291666666667 0.5881944444444445 0.04583333333333333 0.050694444444444445
2 0.18541666666666667 0.40625 0.0484375 0.06319444444444444
1 0.17291666666666666 0.37569444444444444 0.025520833333333333 0.01875
1 0.20833333333333334 0.4131944444444444 0.030208333333333334 0.027083333333333334
1 0.7875 0.4361111111111111 0.030729166666666665 0.035416666666666666
3 0.9484375 0.4354166666666667 0.09166666666666666 0.06875
2 0.5385416666666667 0.4152777777777778 0.04479166666666667 0.03263888888888889
1 0.5385416666666667 0.3840277777777778 0.013020833333333334 0.025694444444444443
1 0.6635416666666667 0.4361111111111111 0.036458333333333336 0.022222222222222223
1 0.6770833333333334 0.4284722222222222 0.034895833333333334 0.02847222222222222
1 0.696875 0.4201388888888889 0.0359375 0.029861111111111113
1 0.38385416666666666 0.4284722222222222 0.040625 0.03125
1 0.403125 0.40625 0.03958333333333333 0.030555555555555555
0 0.4583333333333333 0.4173611111111111 0.058333333333333334 0.05347222222222222
1 0.459375 0.44375 0.0390625 0.025694444444444443
1 0.5041666666666667 0.4395833333333333 0.03958333333333333 0.029861111111111113