1 0.2833333333333333 0.9527777777777777 0.058333333333333334 0.09444444444444444
1 0.209375 0.9625 0.06354166666666666 0.075
1 0.25416666666666665 0.7756944444444445 0.044270833333333336 0.09097222222222222
1 0.3177083333333333 0.7 0.035416666666666666 0.07430555555555556
1 0.10208333333333333 0.7152777777777778 0.0765625 0.07291666666666667
1 0.33229166666666665 0.6111111111111112 0.03177083333333333 0.05555555555555555
1 0.3 0.6006944444444444 0.0296875 0.052083333333333336
3 0.20260416666666667 0.6215277777777778 0.04583333333333333 0.08055555555555556
1 0.23333333333333334 0.5590277777777778 0.03177083333333333 0.05
1 0.26197916666666665 0.5076388888888889 0.026041666666666668 0.04097222222222222
1 0.2635416666666667 0.38958333333333334 0.019270833333333334 0.027083333333333334
1 0.3770833333333333 0.55625 0.027604166666666666 0.04722222222222222
1 0.34739583333333335 0.5409722222222222 0.022916666666666665 0.04236111111111111
1 0.309375 0.5506944444444445 0.025520833333333333 0.04722222222222222
1 0.2916666666666667 0.5159722222222223 0.023958333333333335 0.04097222222222222
1 0.284375 0.46041666666666664 0.0234375 0.03958333333333333
1 0.3359375 0.4618055555555556 0.021875 0.03611111111111111
1 0.32708333333333334 0.5020833333333333 0.0234375 0.03888888888888889
1 0.35989583333333336 0.48541666666666666 0.022916666666666665 0.03958333333333333
1 0.365625 0.4513888888888889 0.016145833333333335 0.03263888888888889
1 0.34739583333333335 0.4270833333333333 0.017708333333333333 0.029861111111111113
1 0.3265625 0.3923611111111111 0.016666666666666666 0.025
3 0.30364583333333334 0.41805555555555557 0.01875 0.03611111111111111
2 0.2989583333333333 0.37430555555555556 0.026041666666666668 0.05763888888888889
1 0.33125 0.37430555555555556 0.017708333333333333 0.025694444444444443
1 0.3151041666666667 0.34652777777777777 0.023958333333333335 0.01875
1 0.3229166666666667 0.34097222222222223 0.0234375 0.01875
1 0.33645833333333336 0.3215277777777778 0.0171875 0.017361111111111112
0 0.3541666666666667 0.34375 0.023958333333333335 0.04652777777777778
3 0.3229166666666667 0.3347222222222222 0.025520833333333333 0.021527777777777778
1 0.35104166666666664 0.3715277777777778 0.015625 0.025694444444444443
1 0.3625 0.38125 0.016145833333333335 0.025694444444444443
1 0.3765625 0.41597222222222224 0.017708333333333333 0.027083333333333334
1 0.3854166666666667 0.5243055555555556 0.024479166666666666 0.04375
1 0.39166666666666666 0.48819444444444443 0.020833333333333332 0.03958333333333333
1 0.3927083333333333 0.45902777777777776 0.018229166666666668 0.03125
1 0.39895833333333336 0.43680555555555556 0.0171875 0.03125
1 0.40208333333333335 0.4152777777777778 0.0171875 0.03263888888888889
1 0.4041666666666667 0.4013888888888889 0.015104166666666667 0.025
1 0.40520833333333334 0.3798611111111111 0.0140625 0.022222222222222223
1 0.40677083333333336 0.3701388888888889 0.0125 0.019444444444444445
1 0.4088541666666667 0.3576388888888889 0.0125 0.02013888888888889
1 0.4083333333333333 0.3486111111111111 0.010416666666666666 0.017361111111111112
1 0.3802083333333333 0.3229166666666667 0.0109375 0.017361111111111112
1 0.38229166666666664 0.31180555555555556 0.009895833333333333 0.014583333333333334
1 0.3776041666666667 0.29097222222222224 0.008333333333333333 0.013888888888888888
1 0.38229166666666664 0.2826388888888889 0.008333333333333333 0.013888888888888888
1 0.38645833333333335 0.27569444444444446 0.007291666666666667 0.011111111111111112
1 0.3885416666666667 0.2708333333333333 0.007291666666666667 0.010416666666666666
1 0.4005208333333333 0.3055555555555556 0.009375 0.014583333333333334
1 0.4046875 0.2951388888888889 0.009375 0.014583333333333334
1 0.40520833333333334 0.2875 0.009375 0.011805555555555555
1 0.4088541666666667 0.28194444444444444 0.008333333333333333 0.011805555555555555
1 0.3927083333333333 0.2833333333333333 0.008333333333333333 0.013194444444444444
1 0.396875 0.27847222222222223 0.007291666666666667 0.011805555555555555
1 0.39791666666666664 0.26875 0.0078125 0.011111111111111112
1 0.4114583333333333 0.27152777777777776 0.0078125 0.011111111111111112
1 0.40729166666666666 0.27569444444444446 0.0078125 0.010416666666666666
1 0.37083333333333335 0.36041666666666666 0.013020833333333334 0.022222222222222223
1 0.3770833333333333 0.33541666666666664 0.011979166666666667 0.017361111111111112
1 0.390625 0.35 0.0125 0.01875
1 0.3854166666666667 0.36666666666666664 0.013020833333333334 0.022222222222222223
1 0.38177083333333334 0.3923611111111111 0.014583333333333334 0.022916666666666665
1 0.396875 0.33055555555555555 0.010416666666666666 0.01875
1 0.3984375 0.3145833333333333 0.010416666666666666 0.01597222222222222
1 0.3921875 0.29375 0.008333333333333333 0.014583333333333334
0 0.3671875 0.3055555555555556 0.017708333333333333 0.035416666666666666
1 0.42083333333333334 0.27361111111111114 0.008854166666666666 0.01597222222222222
1 0.6385416666666667 0.9569444444444445 0.075 0.08611111111111111
1 0.5244791666666667 0.8965277777777778 0.05416666666666667 0.11319444444444444
1 0.6291666666666667 0.7902777777777777 0.053125 0.08055555555555556
1 0.49583333333333335 0.7013888888888888 0.034895833333333334 0.06388888888888888
1 0.5432291666666667 0.65625 0.03854166666666667 0.06666666666666667
1 0.5994791666666667 0.5986111111111111 0.035416666666666666 0.04722222222222222
1 0.5677083333333334 0.5423611111111111 0.0234375 0.03958333333333333
1 0.47604166666666664 0.48194444444444445 0.01875 0.034027777777777775
3 0.503125 0.5583333333333333 0.027604166666666666 0.052083333333333336
1 0.4427083333333333 0.5923611111111111 0.027083333333333334 0.04722222222222222
1 0.43802083333333336 0.5104166666666666 0.021875 0.03680555555555556
1 0.4375 0.4576388888888889 0.0203125 0.03819444444444445
1 0.44166666666666665 0.40902777777777777 0.016145833333333335 0.027083333333333334
1 0.4557291666666667 0.38263888888888886 0.0125 0.025
1 0.434375 0.3819444444444444 0.0140625 0.022916666666666665
1 0.4348958333333333 0.3576388888888889 0.0125 0.01875
1 0.440625 0.3284722222222222 0.0109375 0.016666666666666666
1 0.47291666666666665 0.35347222222222224 0.011979166666666667 0.01875
0 0.45416666666666666 0.3451388888888889 0.0171875 0.04375
0 0.490625 0.3819444444444444 0.0234375 0.058333333333333334
0 0.47604166666666664 0.2972222222222222 0.013541666666666667 0.03333333333333333
1 0.4739583333333333 0.325 0.0109375 0.01875
1 0.45 0.30277777777777776 0.009375 0.014583333333333334
1 0.43697916666666664 0.2965277777777778 0.008333333333333333 0.013888888888888888
1 0.4479166666666667 0.28402777777777777 0.008333333333333333 0.013888888888888888
1 0.43802083333333336 0.2673611111111111 0.007291666666666667 0.011111111111111112
0 0.4510416666666667 0.2590277777777778 0.009895833333333333 0.025
0 0.46875 0.26944444444444443 0.0125 0.029861111111111113
1 0.465625 0.29375 0.008854166666666666 0.013888888888888888
1 0.4583333333333333 0.32708333333333334 0.010416666666666666 0.014583333333333334
1 0.8739583333333333 0.8979166666666667 0.09479166666666666 0.10486111111111111
1 0.7864583333333334 0.7715277777777778 0.0546875 0.08402777777777778
1 0.9609375 0.8638888888888889 0.078125 0.08333333333333333
1 0.9229166666666667 0.8229166666666666 0.09739583333333333 0.07222222222222222
1 0.8770833333333333 0.76875 0.0875 0.06736111111111111
1 0.8588541666666667 0.7319444444444444 0.08333333333333333 0.06388888888888888
1 0.8291666666666667 0.7041666666666667 0.0765625 0.06041666666666667
1 0.8197916666666667 0.6756944444444445 0.08385416666666666 0.06666666666666667
1 0.7994791666666666 0.6555555555555556 0.075 0.06111111111111111
1 0.7364583333333333 0.5798611111111112 0.058854166666666666 0.04236111111111111
1 0.7208333333333333 0.5451388888888888 0.0515625 0.03819444444444445
1 0.6989583333333333 0.5201388888888889 0.05416666666666667 0.034027777777777775
1 0.6848958333333334 0.5034722222222222 0.04895833333333333 0.034027777777777775
1 0.6739583333333333 0.49444444444444446 0.040625 0.027777777777777776
1 0.6723958333333333 0.48125 0.041666666666666664 0.025
1 0.6666666666666666 0.4722222222222222 0.05 0.027777777777777776
1 0.6489583333333333 0.44375 0.0421875 0.025694444444444443
1 0.63125 0.43125 0.0390625 0.025
1 0.6276041666666666 0.4236111111111111 0.040625 0.025
1 0.6098958333333333 0.41041666666666665 0.035416666666666666 0.022916666666666665
1 0.6041666666666666 0.4048611111111111 0.0375 0.02013888888888889
1 0.6041666666666666 0.39444444444444443 0.03333333333333333 0.02013888888888889
1 0.596875 0.38819444444444445 0.03177083333333333 0.019444444444444445
1 0.5916666666666667 0.38472222222222224 0.03125 0.019444444444444445
1 0.5885416666666666 0.37777777777777777 0.0265625 0.016666666666666666
3 0.5833333333333334 0.37569444444444444 0.0265625 0.025
3 0.5692708333333333 0.3659722222222222 0.013541666666666667 0.027083333333333334
1 0.6411458333333333 0.3840277777777778 0.01875 0.025
1 0.15104166666666666 0.42916666666666664 0.0390625 0.02847222222222222