3 0.4375 0.6618055555555555 0.024479166666666666 0.06736111111111111
1 0.40625 0.47430555555555554 0.015625 0.025694444444444443
3 0.4109375 0.41458333333333336 0.010416666666666666 0.022916666666666665
1 0.434375 0.3854166666666667 0.009375 0.02013888888888889
2 0.4125 0.3145833333333333 0.0046875 0.011111111111111112
1 0.4239583333333333 0.28541666666666665 0.0036458333333333334 0.004861111111111111
1 0.42135416666666664 0.28125 0.003125 0.005555555555555556
1 0.43333333333333335 0.27847222222222223 0.003125 0.005555555555555556
1 0.4354166666666667 0.275 0.003125 0.005555555555555556
1 0.42916666666666664 0.2701388888888889 0.0026041666666666665 0.005555555555555556
1 0.4322916666666667 0.2652777777777778 0.0026041666666666665 0.002777777777777778
1 0.38125 0.2916666666666667 0.0046875 0.005555555555555556
1 0.3802083333333333 0.2826388888888889 0.004166666666666667 0.00625
1 0.4114583333333333 0.26319444444444445 0.0026041666666666665 0.003472222222222222
3 0.334375 0.32708333333333334 0.0078125 0.013888888888888888
3 0.28854166666666664 0.3298611111111111 0.008854166666666666 0.013194444444444444
1 0.28802083333333334 0.3645833333333333 0.011458333333333333 0.013888888888888888
3 0.23125 0.41875 0.0203125 0.027083333333333334