1 0.3765625 0.41944444444444445 0.042708333333333334 0.03125
1 0.4203125 0.4173611111111111 0.042708333333333334 0.03125
1 0.475 0.4131944444444444 0.03958333333333333 0.029861111111111113
1 0.21302083333333333 0.4326388888888889 0.04479166666666667 0.03125
1 0.24583333333333332 0.5826388888888889 0.058333333333333334 0.04236111111111111
1 0.26979166666666665 0.4270833333333333 0.04375 0.03125
1 0.4088541666666667 0.5298611111111111 0.051041666666666666 0.03680555555555556
1 0.5765625 0.40625 0.03854166666666667 0.027777777777777776
1 0.578125 0.38958333333333334 0.035416666666666666 0.024305555555555556
1 0.6546875 0.3972222222222222 0.03854166666666667 0.03125
1 0.7052083333333333 0.39652777777777776 0.03958333333333333 0.025694444444444443
1 0.7536458333333333 0.3923611111111111 0.03854166666666667 0.025694444444444443
1 0.7994791666666666 0.3909722222222222 0.03854166666666667 0.025694444444444443
1 0.9036458333333334 0.3861111111111111 0.036458333333333336 0.024305555555555556
1 0.9609375 0.5048611111111111 0.053125 0.03888888888888889
1 0.9901041666666667 0.38263888888888886 0.019791666666666666 0.024305555555555556
3 0.027604166666666666 0.45 0.051041666666666666 0.03680555555555556
3 0.1390625 0.43819444444444444 0.046875 0.03125
3 0.3229166666666667 0.4201388888888889 0.041666666666666664 0.03333333333333333
3 0.5260416666666666 0.40625 0.0375 0.03125
3 0.5369791666666667 0.5145833333333333 0.04479166666666667 0.03680555555555556
3 0.6546875 0.5305555555555556 0.04895833333333333 0.03888888888888889
3 0.703125 0.5270833333333333 0.052083333333333336 0.04236111111111111
3 0.8604166666666667 0.3854166666666667 0.0375 0.029861111111111113
3 0.95 0.38055555555555554 0.0375 0.03125