1 0.0796875 0.8243055555555555 0.121875 0.13541666666666666
3 0.020833333333333332 0.7465277777777778 0.041666666666666664 0.11458333333333333
1 0.06875 0.6930555555555555 0.07447916666666667 0.08055555555555556
1 0.12552083333333333 0.6465277777777778 0.0625 0.06944444444444445
1 0.16927083333333334 0.6152777777777778 0.052083333333333336 0.05625
1 0.2 0.5881944444444445 0.042708333333333334 0.04722222222222222
1 0.23020833333333332 0.5638888888888889 0.04010416666666667 0.044444444444444446
1 0.25104166666666666 0.5493055555555556 0.028645833333333332 0.03819444444444445
1 0.26979166666666665 0.5333333333333333 0.030208333333333334 0.03680555555555556
1 0.284375 0.5173611111111112 0.0265625 0.034027777777777775
1 0.29583333333333334 0.5104166666666666 0.021354166666666667 0.02847222222222222
1 0.29791666666666666 0.5395833333333333 0.030208333333333334 0.03611111111111111
1 0.309375 0.5013888888888889 0.022395833333333334 0.027083333333333334
1 0.31927083333333334 0.4930555555555556 0.022916666666666665 0.025
1 0.3260416666666667 0.4861111111111111 0.019270833333333334 0.024305555555555556
1 0.33645833333333336 0.4798611111111111 0.018229166666666668 0.022916666666666665
1 0.3458333333333333 0.47291666666666665 0.016145833333333335 0.021527777777777778
3 0.33229166666666665 0.5027777777777778 0.020833333333333332 0.029861111111111113
3 0.2947916666666667 0.6118055555555556 0.049479166666666664 0.07152777777777777
1 0.3223958333333333 0.5694444444444444 0.0375 0.04236111111111111
1 0.34791666666666665 0.6215277777777778 0.04114583333333333 0.06111111111111111
1 0.36875 0.5229166666666667 0.025520833333333333 0.03333333333333333
1 0.353125 0.4826388888888889 0.019270833333333334 0.025
1 0.36614583333333334 0.47708333333333336 0.01875 0.022222222222222223
3 0.38229166666666664 0.49236111111111114 0.017708333333333333 0.027777777777777776
1 0.39791666666666664 0.50625 0.022395833333333334 0.02847222222222222
1 0.3885416666666667 0.47152777777777777 0.016145833333333335 0.024305555555555556
3 0.4036458333333333 0.475 0.017708333333333333 0.025694444444444443
3 0.19479166666666667 0.6868055555555556 0.06822916666666666 0.08958333333333333
1 0.2916666666666667 0.7034722222222223 0.06666666666666667 0.08402777777777778
1 0.2296875 0.8993055555555556 0.103125 0.16458333333333333
1 0.5052083333333334 0.8388888888888889 0.0640625 0.11458333333333333
1 0.6453125 0.84375 0.08229166666666667 0.11736111111111111
3 0.6302083333333334 0.7208333333333333 0.05572916666666667 0.11388888888888889
3 0.540625 0.6791666666666667 0.04791666666666667 0.07152777777777777
1 0.43125 0.6611111111111111 0.04114583333333333 0.06319444444444444
3 0.4708333333333333 0.60625 0.033854166666666664 0.05763888888888889
3 0.43645833333333334 0.5673611111111111 0.027604166666666666 0.041666666666666664
1 0.4864583333333333 0.51875 0.020833333333333332 0.029861111111111113
3 0.6416666666666667 0.6770833333333334 0.057291666666666664 0.06666666666666667
3 0.71875 0.8048611111111111 0.07760416666666667 0.10902777777777778
1 0.7708333333333334 0.9194444444444444 0.11510416666666666 0.14097222222222222
3 0.6041666666666666 0.6034722222222222 0.0359375 0.05555555555555555
3 0.5916666666666667 0.58125 0.03229166666666667 0.04375
3 0.559375 0.5909722222222222 0.030729166666666665 0.04791666666666667
1 0.5536458333333333 0.5604166666666667 0.027083333333333334 0.034027777777777775
3 0.5739583333333333 0.5444444444444444 0.027604166666666666 0.03888888888888889
3 0.565625 0.5284722222222222 0.021875 0.027777777777777776
3 0.5583333333333333 0.51875 0.021875 0.027083333333333334
1 0.546875 0.5006944444444444 0.019791666666666666 0.025
3 0.5552083333333333 0.5104166666666666 0.019270833333333334 0.027777777777777776
1 0.471875 0.48819444444444443 0.016666666666666666 0.022916666666666665
1 0.4921875 0.46041666666666664 0.0125 0.01875
1 0.475 0.45902777777777776 0.0125 0.01875
0 0.45416666666666666 0.4486111111111111 0.019270833333333334 0.04722222222222222
0 0.471875 0.4409722222222222 0.016666666666666666 0.03888888888888889
1 0.43125 0.43680555555555556 0.0109375 0.014583333333333334
3 0.471875 0.4166666666666667 0.0067708333333333336 0.013194444444444444
1 0.459375 0.41458333333333336 0.005729166666666666 0.008333333333333333
1 0.45989583333333334 0.40902777777777777 0.007291666666666667 0.008333333333333333
1 0.43854166666666666 0.4326388888888889 0.009375 0.013194444444444444
1 0.425 0.4305555555555556 0.008854166666666666 0.013194444444444444
1 0.425 0.42569444444444443 0.008333333333333333 0.011805555555555555
3 0.4276041666666667 0.42083333333333334 0.009375 0.011805555555555555