1 0.2203125 0.7722222222222223 0.05677083333333333 0.10972222222222222
1 0.23072916666666668 0.6722222222222223 0.084375 0.0798611111111111
1 0.03854166666666667 0.5472222222222223 0.07708333333333334 0.05347222222222222
1 0.18541666666666667 0.5486111111111112 0.08177083333333333 0.05625
1 0.2109375 0.5027777777777778 0.06927083333333334 0.050694444444444445
1 0.09010416666666667 0.4263888888888889 0.06822916666666666 0.041666666666666664
3 0.019270833333333334 0.4215277777777778 0.03854166666666667 0.04861111111111111
3 0.05677083333333333 0.38055555555555554 0.03177083333333333 0.044444444444444446
3 0.1078125 0.3840277777777778 0.04791666666666667 0.03888888888888889
1 0.196875 0.3659722222222222 0.03697916666666667 0.03680555555555556
3 0.23958333333333334 0.3368055555555556 0.0375 0.06666666666666667
3 0.265625 0.34930555555555554 0.028645833333333332 0.04722222222222222
1 0.36666666666666664 0.33611111111111114 0.024479166666666666 0.03888888888888889
1 0.409375 0.3375 0.021875 0.03680555555555556
3 0.41770833333333335 0.3055555555555556 0.020833333333333332 0.03680555555555556
3 0.415625 0.2833333333333333 0.017708333333333333 0.029861111111111113
1 0.44479166666666664 0.3368055555555556 0.020833333333333332 0.035416666666666666
1 0.4453125 0.3090277777777778 0.019791666666666666 0.03263888888888889
1 0.44947916666666665 0.28194444444444444 0.017708333333333333 0.029861111111111113
1 0.421875 0.2638888888888889 0.016145833333333335 0.02638888888888889
1 0.4234375 0.24444444444444444 0.016145833333333335 0.02638888888888889
1 0.3932291666666667 0.23541666666666666 0.017708333333333333 0.02638888888888889
3 0.45208333333333334 0.2569444444444444 0.0140625 0.029861111111111113
3 0.45677083333333335 0.24166666666666667 0.0125 0.034027777777777775
3 0.45208333333333334 0.23055555555555557 0.013020833333333334 0.025
3 0.37552083333333336 0.1951388888888889 0.029166666666666667 0.022222222222222223
3 0.4005208333333333 0.19791666666666666 0.0265625 0.025
1 0.4046875 0.2076388888888889 0.0125 0.020833333333333332
0 0.4427083333333333 0.18194444444444444 0.029166666666666667 0.05
1 0.39895833333333336 0.17708333333333334 0.022916666666666665 0.016666666666666666
1 0.4166666666666667 0.17847222222222223 0.011979166666666667 0.019444444444444445
1 0.43072916666666666 0.18125 0.011979166666666667 0.019444444444444445
1 0.39947916666666666 0.15902777777777777 0.0234375 0.014583333333333334
1 0.4041666666666667 0.15555555555555556 0.0234375 0.018055555555555554
1 0.41302083333333334 0.15 0.021354166666666667 0.01597222222222222
1 0.43125 0.15069444444444444 0.0109375 0.016666666666666666
3 0.42916666666666664 0.14027777777777778 0.021875 0.014583333333333334
3 0.4078125 0.13958333333333334 0.016666666666666666 0.01597222222222222
1 0.4348958333333333 0.13680555555555557 0.008333333333333333 0.014583333333333334
3 0.4203125 0.12777777777777777 0.016666666666666666 0.018055555555555554
3 0.43020833333333336 0.11875 0.017708333333333333 0.01597222222222222
1 0.44166666666666665 0.11458333333333333 0.011979166666666667 0.011805555555555555
1 0.43125 0.1111111111111111 0.015625 0.013194444444444444
1 0.42864583333333334 0.10625 0.019270833333333334 0.011805555555555555
1 0.4317708333333333 0.10486111111111111 0.016145833333333335 0.010416666666666666
1 0.43072916666666666 0.10277777777777777 0.017708333333333333 0.011805555555555555
1 0.4479166666666667 0.09583333333333334 0.005729166666666666 0.011805555555555555
3 0.434375 0.10138888888888889 0.016145833333333335 0.014583333333333334
1 0.4421875 0.07222222222222222 0.0125 0.009027777777777777
3 0.484375 0.10416666666666667 0.0067708333333333336 0.014583333333333334
3 0.4895833333333333 0.1673611111111111 0.015625 0.020833333333333332
1 0.5005208333333333 0.18819444444444444 0.024479166666666666 0.018055555555555554
1 0.8442708333333333 0.6951388888888889 0.053125 0.07569444444444444
1 0.7130208333333333 0.54375 0.052083333333333336 0.06041666666666667
1 0.7057291666666666 0.4666666666666667 0.0625 0.044444444444444446
0 0.6291666666666667 0.30277777777777776 0.0390625 0.0798611111111111
3 0.6489583333333333 0.2534722222222222 0.027083333333333334 0.02847222222222222
3 0.596875 0.21388888888888888 0.0109375 0.027777777777777776
3 0.5880208333333333 0.19652777777777777 0.016145833333333335 0.022222222222222223
3 0.6135416666666667 0.1951388888888889 0.0109375 0.025
1 0.5744791666666667 0.1763888888888889 0.0125 0.01597222222222222
2 0.5921875 0.16875 0.024479166666666666 0.020833333333333332
1 0.590625 0.16111111111111112 0.016666666666666666 0.011805555555555555
1 0.5885416666666666 0.15625 0.019791666666666666 0.014583333333333334
3 0.578125 0.15069444444444444 0.018229166666666668 0.019444444444444445
3 0.584375 0.1388888888888889 0.017708333333333333 0.016666666666666666
3 0.5723958333333333 0.1284722222222222 0.016666666666666666 0.016666666666666666
3 0.5703125 0.12430555555555556 0.021354166666666667 0.01597222222222222
1 0.5526041666666667 0.12916666666666668 0.009375 0.013194444444444444
1 0.5703125 0.12708333333333333 0.016666666666666666 0.010416666666666666
3 0.5645833333333333 0.11666666666666667 0.014583333333333334 0.013194444444444444
3 0.5645833333333333 0.11458333333333333 0.014583333333333334 0.011805555555555555
3 0.5609375 0.11180555555555556 0.013020833333333334 0.014583333333333334
1 0.48072916666666665 0.052083333333333336 0.005208333333333333 0.005555555555555556
3 0.4869791666666667 0.052083333333333336 0.005208333333333333 0.007638888888888889
3 0.48020833333333335 0.04097222222222222 0.004166666666666667 0.00625