2 0.521875 0.6291666666666667 0.20416666666666666 0.15833333333333333
2 0.4557291666666667 0.4840277777777778 0.20416666666666666 0.16597222222222222
1 0.42604166666666665 0.43194444444444446 0.08020833333333334 0.05347222222222222
1 0.42135416666666664 0.38125 0.0765625 0.06111111111111111
1 0.4083333333333333 0.35208333333333336 0.07552083333333333 0.06111111111111111
1 0.38333333333333336 0.32222222222222224 0.06927083333333334 0.06388888888888888
1 0.36302083333333335 0.3 0.06197916666666667 0.05625
2 0.3578125 0.23055555555555557 0.14947916666666666 0.13194444444444445
3 0.2890625 0.2152777777777778 0.04583333333333333 0.06388888888888888
1 0.09322916666666667 0.10625 0.024479166666666666 0.04027777777777778
2 0.48541666666666666 0.7736111111111111 0.19479166666666667 0.1909722222222222
1 0.509375 0.9618055555555556 0.12447916666666667 0.07569444444444444
2 0.8921875 0.4340277777777778 0.215625 0.13055555555555556
2 0.8171875 0.2520833333333333 0.234375 0.12291666666666666
2 0.27760416666666665 0.10277777777777777 0.09635416666666667 0.1423611111111111
2 0.321875 0.08541666666666667 0.09270833333333334 0.13958333333333334
2 0.359375 0.07291666666666667 0.08333333333333333 0.1388888888888889
2 0.43072916666666666 0.06041666666666667 0.078125 0.12013888888888889
2 0.4625 0.050694444444444445 0.07291666666666667 0.10138888888888889
2 0.528125 0.04722222222222222 0.07864583333333333 0.09444444444444444
2 0.55 0.035416666666666666 0.0734375 0.07083333333333333
2 0.621875 0.03819444444444445 0.06197916666666667 0.07569444444444444
1 0.8369791666666667 0.12361111111111112 0.03229166666666667 0.03819444444444445
1 0.8463541666666666 0.1125 0.03229166666666667 0.03888888888888889
3 0.85625 0.1 0.0359375 0.050694444444444445
1 0.8619791666666666 0.08541666666666667 0.03229166666666667 0.03819444444444445
2 0.9307291666666667 0.05555555555555555 0.13802083333333334 0.0875