1 0.46875 0.925 0.0625 0.15
1 0.3625 0.5805555555555556 0.03802083333333333 0.08125
1 0.47760416666666666 0.3819444444444444 0.024479166666666666 0.03888888888888889
1 0.4005208333333333 0.29444444444444445 0.03802083333333333 0.02638888888888889
1 0.3453125 0.29583333333333334 0.040625 0.027777777777777776
1 0.3458333333333333 0.2604166666666667 0.0390625 0.020833333333333332
1 0.8260416666666667 0.8319444444444445 0.08333333333333333 0.12916666666666668
1 0.765625 0.6777777777777778 0.059375 0.0875
1 0.7192708333333333 0.5826388888888889 0.0515625 0.06944444444444445
1 0.6708333333333333 0.3333333333333333 0.024479166666666666 0.034027777777777775
1 0.6916666666666667 0.29375 0.040625 0.025
1 0.7182291666666667 0.33402777777777776 0.04479166666666667 0.029861111111111113
1 0.7708333333333334 0.29305555555555557 0.035416666666666666 0.02638888888888889
1 0.8125 0.29444444444444445 0.03229166666666667 0.025
1 0.7973958333333333 0.34930555555555554 0.04791666666666667 0.034027777777777775
1 0.7739583333333333 0.3576388888888889 0.050520833333333334 0.03819444444444445
1 0.7463541666666667 0.3625 0.04583333333333333 0.03819444444444445
1 0.734375 0.3701388888888889 0.0515625 0.03680555555555556
1 0.07083333333333333 0.6638888888888889 0.08385416666666666 0.10694444444444444
1 0.06510416666666667 0.6104166666666667 0.10052083333333334 0.07847222222222222
1 0.07708333333333334 0.5659722222222222 0.10416666666666667 0.0625
1 0.17552083333333332 0.5104166666666666 0.05364583333333333 0.06666666666666667
1 0.18020833333333333 0.4625 0.078125 0.06041666666666667
1 0.18958333333333333 0.41458333333333336 0.059375 0.041666666666666664
1 0.18177083333333333 0.3888888888888889 0.06458333333333334 0.050694444444444445
1 0.12291666666666666 0.37777777777777777 0.044270833333333336 0.04722222222222222
1 0.096875 0.3701388888888889 0.052083333333333336 0.052083333333333336
1 0.059895833333333336 0.36666666666666664 0.049479166666666664 0.05347222222222222
1 0.215625 0.33125 0.0390625 0.035416666666666666
1 0.18854166666666666 0.29791666666666666 0.04479166666666667 0.02638888888888889
1 0.18854166666666666 0.28958333333333336 0.043229166666666666 0.029861111111111113
1 0.1140625 0.2847222222222222 0.044270833333333336 0.02638888888888889
1 0.15208333333333332 0.24375 0.0140625 0.025
2 0.12864583333333332 0.2388888888888889 0.013020833333333334 0.02638888888888889
1 0.18072916666666666 0.24722222222222223 0.025 0.020833333333333332
1 0.21666666666666667 0.24722222222222223 0.033854166666666664 0.02638888888888889
1 0.29583333333333334 0.24722222222222223 0.0140625 0.018055555555555554
1 0.27291666666666664 0.24722222222222223 0.021354166666666667 0.02638888888888889
1 0.665625 0.40694444444444444 0.030208333333333334 0.035416666666666666
1 0.45677083333333335 0.22916666666666666 0.0109375 0.019444444444444445
1 0.434375 0.20208333333333334 0.010416666666666666 0.019444444444444445
1 0.4453125 0.16111111111111112 0.0109375 0.01597222222222222
1 0.4864583333333333 0.14444444444444443 0.0067708333333333336 0.009027777777777777
1 0.47291666666666665 0.13680555555555557 0.005729166666666666 0.00625
1 0.484375 0.12569444444444444 0.005208333333333333 0.007638888888888889
1 0.47552083333333334 0.12013888888888889 0.004166666666666667 0.005555555555555556
1 0.4671875 0.11736111111111111 0.0036458333333333334 0.007638888888888889
1 0.4791666666666667 0.10416666666666667 0.0020833333333333333 0.004166666666666667
1 0.47291666666666665 0.10347222222222222 0.003125 0.005555555555555556
1 0.475 0.09861111111111111 0.003125 0.004166666666666667
1 0.49166666666666664 0.11388888888888889 0.004166666666666667 0.005555555555555556
1 0.503125 0.15555555555555556 0.007291666666666667 0.010416666666666666
1 0.5520833333333334 0.20416666666666666 0.009375 0.01597222222222222
1 0.5598958333333334 0.22152777777777777 0.0125 0.016666666666666666
1 0.565625 0.23541666666666666 0.0125 0.018055555555555554
1 0.5692708333333333 0.24305555555555555 0.014583333333333334 0.018055555555555554
1 0.6635416666666667 0.23680555555555555 0.022916666666666665 0.018055555555555554
1 0.6869791666666667 0.2423611111111111 0.022916666666666665 0.019444444444444445
1 0.70625 0.2465277777777778 0.016666666666666666 0.019444444444444445
1 0.70625 0.28680555555555554 0.027083333333333334 0.022222222222222223
1 0.7567708333333333 0.29444444444444445 0.03697916666666667 0.022222222222222223
1 0.8151041666666666 0.2875 0.03333333333333333 0.018055555555555554
1 0.3182291666666667 0.2465277777777778 0.011979166666666667 0.019444444444444445
1 0.334375 0.24027777777777778 0.0234375 0.018055555555555554
1 0.35989583333333336 0.23680555555555555 0.0140625 0.018055555555555554
1 0.36666666666666664 0.22916666666666666 0.0109375 0.019444444444444445
1 0.3729166666666667 0.22013888888888888 0.0109375 0.019444444444444445
1 0.37552083333333336 0.2111111111111111 0.011979166666666667 0.019444444444444445
1 0.3859375 0.20277777777777778 0.010416666666666666 0.01597222222222222
1 0.38958333333333334 0.19583333333333333 0.008333333333333333 0.018055555555555554
1 0.3729166666666667 0.19236111111111112 0.010416666666666666 0.01597222222222222
1 0.37864583333333335 0.18055555555555555 0.020833333333333332 0.013194444444444444
1 0.36302083333333335 0.17222222222222222 0.020833333333333332 0.011805555555555555
1 0.384375 0.16805555555555557 0.007291666666666667 0.014583333333333334
1 0.3234375 0.20069444444444445 0.016145833333333335 0.019444444444444445