0 0.33177083333333335 0.9020833333333333 0.09427083333333333 0.19583333333333333
1 0.5 0.9291666666666667 0.0484375 0.1361111111111111
1 0.49583333333333335 0.7798611111111111 0.03958333333333333 0.10833333333333334
1 0.55 0.6777777777777778 0.033854166666666664 0.08472222222222223
1 0.4864583333333333 0.6576388888888889 0.0375 0.09166666666666666
1 0.4453125 0.5986111111111111 0.034375 0.07847222222222222
3 0.4515625 0.5083333333333333 0.03229166666666667 0.06805555555555555
1 0.49166666666666664 0.5604166666666667 0.033854166666666664 0.07708333333333334
1 0.5291666666666667 0.5375 0.03229166666666667 0.07291666666666667
1 0.48489583333333336 0.46041666666666664 0.03333333333333333 0.06041666666666667
1 0.5171875 0.43472222222222223 0.028645833333333332 0.05625
0 0.5177083333333333 0.3423611111111111 0.033854166666666664 0.11527777777777778
2 0.4630208333333333 0.3277777777777778 0.041666666666666664 0.17152777777777778
1 0.36770833333333336 0.34652777777777777 0.0265625 0.052083333333333336
1 0.38333333333333336 0.28125 0.0265625 0.044444444444444446
1 0.43020833333333336 0.2534722222222222 0.017708333333333333 0.03888888888888889
1 0.3848958333333333 0.16875 0.018229166666666668 0.02638888888888889
1 0.44895833333333335 0.16805555555555557 0.015625 0.03263888888888889
1 0.42239583333333336 0.11666666666666667 0.015625 0.03263888888888889
1 0.5036458333333333 0.18888888888888888 0.016145833333333335 0.035416666666666666
1 0.5317708333333333 0.2361111111111111 0.029166666666666667 0.03819444444444445
1 0.5328125 0.1840277777777778 0.03333333333333333 0.02638888888888889
1 0.5390625 0.16458333333333333 0.035416666666666666 0.02638888888888889
1 0.453125 0.14652777777777778 0.015625 0.02847222222222222
1 0.4515625 0.12916666666666668 0.014583333333333334 0.02638888888888889
1 0.4395833333333333 0.12013888888888889 0.013020833333333334 0.02638888888888889
1 0.45989583333333334 0.11180555555555556 0.0140625 0.027777777777777776
1 0.4479166666666667 0.09583333333333334 0.0125 0.025
1 0.49166666666666664 0.10902777777777778 0.019791666666666666 0.025
1 0.5291666666666667 0.12430555555555556 0.0140625 0.02638888888888889
1 0.5166666666666667 0.1076388888888889 0.011979166666666667 0.022222222222222223
1 0.5270833333333333 0.09791666666666667 0.013020833333333334 0.02361111111111111
1 0.5604166666666667 0.14930555555555555 0.029166666666666667 0.020833333333333332
1 0.5604166666666667 0.13819444444444445 0.028645833333333332 0.022222222222222223
1 0.5645833333333333 0.11458333333333333 0.030208333333333334 0.022222222222222223
1 0.5666666666666667 0.1076388888888889 0.029166666666666667 0.022222222222222223
1 0.559375 0.09375 0.025 0.022222222222222223
3 0.5583333333333333 0.08055555555555556 0.028645833333333332 0.025
1 0.6005208333333333 0.06875 0.0265625 0.022222222222222223
1 0.8359375 0.3854166666666667 0.04114583333333333 0.05763888888888889
1 0.7807291666666667 0.2881944444444444 0.034375 0.04583333333333333
1 0.8291666666666667 0.24444444444444444 0.0375 0.044444444444444446
1 0.8802083333333334 0.33819444444444446 0.03958333333333333 0.04861111111111111
1 0.8614583333333333 0.29583333333333334 0.0390625 0.04583333333333333
1 0.8854166666666666 0.29583333333333334 0.0390625 0.03819444444444445
1 0.903125 0.3333333333333333 0.042708333333333334 0.04722222222222222
1 0.9130208333333333 0.2972222222222222 0.041666666666666664 0.035416666666666666
1 0.9359375 0.2965277777777778 0.042708333333333334 0.03680555555555556
1 0.9609375 0.2923611111111111 0.03697916666666667 0.04583333333333333
1 0.9640625 0.3388888888888889 0.042708333333333334 0.050694444444444445
1 0.9802083333333333 0.3347222222222222 0.03958333333333333 0.04722222222222222
1 0.9828125 0.48819444444444443 0.034375 0.07916666666666666
1 0.8854166666666666 0.2388888888888889 0.033854166666666664 0.043055555555555555
1 0.9604166666666667 0.1486111111111111 0.021875 0.027777777777777776
1 0.9458333333333333 0.14791666666666667 0.0234375 0.03125
1 0.91875 0.15 0.024479166666666666 0.027777777777777776
1 0.9005208333333333 0.15069444444444444 0.024479166666666666 0.025
1 0.8833333333333333 0.15138888888888888 0.020833333333333332 0.02361111111111111
1 0.8671875 0.15069444444444444 0.024479166666666666 0.029861111111111113
1 0.8489583333333334 0.15208333333333332 0.025520833333333333 0.027777777777777776
1 0.8182291666666667 0.15208333333333332 0.025 0.03263888888888889
1 0.7994791666666666 0.15555555555555556 0.025 0.02847222222222222
1 0.7833333333333333 0.15555555555555556 0.0265625 0.02847222222222222
1 0.7635416666666667 0.15625 0.024479166666666666 0.027777777777777776
1 0.7463541666666667 0.15763888888888888 0.025 0.027777777777777776
1 0.7322916666666667 0.15625 0.017708333333333333 0.027777777777777776
2 0.7838541666666666 0.10972222222222222 0.0234375 0.04722222222222222
1 0.18541666666666667 0.058333333333333334 0.015625 0.019444444444444445
1 0.459375 0.06805555555555555 0.011979166666666667 0.020833333333333332
1 0.515625 0.050694444444444445 0.009375 0.01597222222222222
1 0.5541666666666667 0.07083333333333333 0.0265625 0.018055555555555554
1 0.5520833333333334 0.059027777777777776 0.0265625 0.018055555555555554
1 0.5494791666666666 0.05 0.022916666666666665 0.01597222222222222
1 0.49322916666666666 0.041666666666666664 0.010416666666666666 0.01597222222222222
1 0.478125 0.04513888888888889 0.0109375 0.016666666666666666
1 0.4588541666666667 0.03680555555555556 0.010416666666666666 0.020833333333333332
1 0.4828125 0.01597222222222222 0.009375 0.01597222222222222
1 0.5135416666666667 0.01875 0.009375 0.014583333333333334
3 0.5010416666666667 0.01875 0.0140625 0.019444444444444445
1 0.5453125 0.0375 0.021354166666666667 0.014583333333333334
1 0.5442708333333334 0.03333333333333333 0.020833333333333332 0.016666666666666666
1 0.5828125 0.02013888888888889 0.021354166666666667 0.014583333333333334
1 0.5359375 0.016666666666666666 0.020833333333333332 0.01597222222222222
1 0.5375 0.020833333333333332 0.019270833333333334 0.013194444444444444
3 0.5354166666666667 0.011805555555555555 0.021354166666666667 0.018055555555555554
3 0.5734375 0.005555555555555556 0.019270833333333334 0.010416666666666666