1 0.4552083333333333 0.7034722222222223 0.05 0.09444444444444444
1 0.4505208333333333 0.44583333333333336 0.0625 0.052083333333333336
1 0.5052083333333334 0.38680555555555557 0.057291666666666664 0.03888888888888889
1 0.640625 0.4152777777777778 0.06614583333333333 0.04583333333333333
1 0.80625 0.4395833333333333 0.06979166666666667 0.04861111111111111
1 0.7270833333333333 0.40625 0.06041666666666667 0.044444444444444446
1 0.853125 0.39166666666666666 0.058854166666666666 0.035416666666666666
1 0.784375 0.3145833333333333 0.025 0.03263888888888889
1 0.7557291666666667 0.30833333333333335 0.028125 0.03125
1 0.7213541666666666 0.29791666666666666 0.033854166666666664 0.02847222222222222
1 0.6630208333333333 0.38680555555555557 0.05364583333333333 0.041666666666666664
1 0.11927083333333334 0.41875 0.07291666666666667 0.050694444444444445
1 0.16927083333333334 0.325 0.028645833333333332 0.04027777777777778
1 0.20260416666666667 0.32013888888888886 0.022916666666666665 0.034027777777777775
1 0.23645833333333333 0.32222222222222224 0.022916666666666665 0.03263888888888889
1 0.26458333333333334 0.30972222222222223 0.03177083333333333 0.02847222222222222
1 0.2911458333333333 0.3388888888888889 0.0484375 0.03888888888888889
1 0.3015625 0.3 0.0265625 0.029861111111111113
1 0.31145833333333334 0.28888888888888886 0.021354166666666667 0.02638888888888889
1 0.32083333333333336 0.27291666666666664 0.021354166666666667 0.02638888888888889
1 0.328125 0.2590277777777778 0.021354166666666667 0.02638888888888889
1 0.33541666666666664 0.2520833333333333 0.021875 0.02638888888888889
1 0.346875 0.24305555555555555 0.021354166666666667 0.02638888888888889
1 0.43802083333333336 0.29444444444444445 0.021354166666666667 0.03819444444444445
1 0.9098958333333333 0.9763888888888889 0.09322916666666667 0.04722222222222222
1 0.8677083333333333 0.7979166666666667 0.06770833333333333 0.12708333333333333
1 0.9557291666666666 0.78125 0.046875 0.05347222222222222
1 0.9864583333333333 0.7791666666666667 0.027083333333333334 0.04722222222222222
1 0.9473958333333333 0.6298611111111111 0.10208333333333333 0.08611111111111111
1 0.9458333333333333 0.6013888888888889 0.10677083333333333 0.08125
1 0.9729166666666667 0.5638888888888889 0.05364583333333333 0.04861111111111111
1 0.9864583333333333 0.5430555555555555 0.027083333333333334 0.043055555555555555
1 0.9255208333333333 0.40694444444444444 0.06197916666666667 0.035416666666666666
1 0.9791666666666666 0.3951388888888889 0.041666666666666664 0.03819444444444445
2 0.26614583333333336 0.23958333333333334 0.021875 0.025
1 0.3333333333333333 0.22569444444444445 0.014583333333333334 0.019444444444444445
1 0.34739583333333335 0.20694444444444443 0.025520833333333333 0.016666666666666666
1 0.32760416666666664 0.19791666666666666 0.024479166666666666 0.014583333333333334
1 0.3307291666666667 0.19444444444444445 0.024479166666666666 0.014583333333333334
1 0.35572916666666665 0.19166666666666668 0.013020833333333334 0.014583333333333334
1 0.4473958333333333 0.21041666666666667 0.0109375 0.020833333333333332
1 0.42916666666666664 0.18125 0.010416666666666666 0.016666666666666666
1 0.4328125 0.17569444444444443 0.009375 0.011805555555555555
1 0.4979166666666667 0.17083333333333334 0.008333333333333333 0.014583333333333334
1 0.484375 0.13055555555555556 0.004166666666666667 0.010416666666666666
1 0.465625 0.12638888888888888 0.005208333333333333 0.009027777777777777
1 0.4588541666666667 0.12430555555555556 0.005729166666666666 0.010416666666666666
1 0.47760416666666666 0.11944444444444445 0.005208333333333333 0.009027777777777777
1 0.5942708333333333 0.3104166666666667 0.020833333333333332 0.03263888888888889
1 0.5880208333333333 0.29375 0.020833333333333332 0.027777777777777776
1 0.578125 0.2708333333333333 0.017708333333333333 0.02638888888888889
1 0.5703125 0.25277777777777777 0.016666666666666666 0.025
1 0.5630208333333333 0.24513888888888888 0.016666666666666666 0.025
3 0.5666666666666667 0.21666666666666667 0.028125 0.02638888888888889