1 0.050520833333333334 0.40555555555555556 0.05364583333333333 0.03263888888888889
1 0.21770833333333334 0.42430555555555555 0.057291666666666664 0.03819444444444445
1 0.48333333333333334 0.3888888888888889 0.04479166666666667 0.03263888888888889
3 0.5692708333333333 0.4263888888888889 0.03802083333333333 0.05486111111111111
1 0.6854166666666667 0.44166666666666665 0.043229166666666666 0.044444444444444446
1 0.746875 0.36736111111111114 0.020833333333333332 0.03888888888888889
1 0.8932291666666666 0.5819444444444445 0.046875 0.07847222222222222
1 0.984375 0.5763888888888888 0.030729166666666665 0.06527777777777778
1 0.9697916666666667 0.3541666666666667 0.033854166666666664 0.03680555555555556
3 0.975 0.3236111111111111 0.03697916666666667 0.03819444444444445
1 0.7416666666666667 0.23125 0.014583333333333334 0.02361111111111111
1 0.7244791666666667 0.13958333333333334 0.0109375 0.013194444444444444
1 0.7255208333333333 0.12361111111111112 0.010416666666666666 0.011805555555555555
1 0.709375 0.11805555555555555 0.008854166666666666 0.014583333333333334
1 0.690625 0.08819444444444445 0.007291666666666667 0.014583333333333334
1 0.7145833333333333 0.09236111111111112 0.008333333333333333 0.014583333333333334
1 0.7723958333333333 0.1451388888888889 0.0109375 0.01597222222222222
1 0.8182291666666667 0.15138888888888888 0.021875 0.018055555555555554
1 0.8182291666666667 0.16597222222222222 0.021875 0.018055555555555554
1 0.8973958333333333 0.225 0.027083333333333334 0.020833333333333332
1 0.909375 0.31875 0.028125 0.03125
1 0.8869791666666667 0.20625 0.024479166666666666 0.018055555555555554
1 0.7651041666666667 0.09166666666666666 0.019791666666666666 0.01597222222222222
1 0.2046875 0.8833333333333333 0.08177083333333333 0.13472222222222222
3 0.29791666666666666 0.9368055555555556 0.08125 0.12638888888888888
1 0.409375 0.9694444444444444 0.04791666666666667 0.06111111111111111
1 0.5125 0.375 0.044270833333333336 0.034027777777777775