1 0.5057291666666667 0.7430555555555556 0.12552083333333333 0.21041666666666667
1 0.809375 0.5604166666666667 0.10572916666666667 0.11388888888888889
1 0.8145833333333333 0.4270833333333333 0.09635416666666667 0.10347222222222222
3 0.6151041666666667 0.2923611111111111 0.12291666666666666 0.1375
1 0.6958333333333333 0.3076388888888889 0.08541666666666667 0.08472222222222223
3 0.9182291666666667 0.32569444444444445 0.065625 0.11736111111111111
1 0.871875 0.18263888888888888 0.06927083333333334 0.06388888888888888
3 0.9 0.16111111111111112 0.07083333333333333 0.07569444444444444
3 0.9270833333333334 0.13958333333333334 0.06822916666666666 0.0625
1 0.9703125 0.11388888888888889 0.059375 0.06388888888888888
3 0.26197916666666665 0.24583333333333332 0.08072916666666667 0.07847222222222222
3 0.23854166666666668 0.2152777777777778 0.07708333333333334 0.09791666666666667
1 0.21302083333333333 0.1986111111111111 0.07916666666666666 0.07569444444444444
1 0.16197916666666667 0.2763888888888889 0.06197916666666667 0.0875
1 0.09427083333333333 0.19722222222222222 0.053125 0.07847222222222222
1 0.16197916666666667 0.15347222222222223 0.09166666666666666 0.06944444444444445
1 0.0671875 0.022222222222222223 0.07135416666666666 0.044444444444444446