1 0.2765625 0.8104166666666667 0.053125 0.11319444444444444
1 0.22916666666666666 0.6958333333333333 0.0484375 0.08402777777777778
1 0.196875 0.5645833333333333 0.04010416666666667 0.06666666666666667
1 0.22604166666666667 0.4534722222222222 0.035416666666666666 0.04652777777777778
1 0.16614583333333333 0.8104166666666667 0.05520833333333333 0.12152777777777778
1 0.15416666666666667 0.6652777777777777 0.043229166666666666 0.08263888888888889
1 0.06041666666666667 0.6784722222222223 0.04635416666666667 0.09444444444444444
1 0.065625 0.9458333333333333 0.0609375 0.10833333333333334
1 0.12447916666666667 0.5590277777777778 0.034375 0.059027777777777776
1 0.06041666666666667 0.5354166666666667 0.03802083333333333 0.06597222222222222
1 0.165625 0.4166666666666667 0.028645833333333332 0.04236111111111111
1 0.1046875 0.39791666666666664 0.027083333333333334 0.04652777777777778
1 0.05364583333333333 0.4395833333333333 0.026041666666666668 0.044444444444444446
1 0.1828125 0.3173611111111111 0.029166666666666667 0.04375
1 0.12604166666666666 0.30069444444444443 0.019791666666666666 0.029861111111111113
1 0.10104166666666667 0.3423611111111111 0.020833333333333332 0.034027777777777775
1 0.04791666666666667 0.3284722222222222 0.022395833333333334 0.041666666666666664
1 0.08958333333333333 0.2791666666666667 0.0171875 0.03819444444444445
1 0.1171875 0.2465277777777778 0.014583333333333334 0.030555555555555555
1 0.11770833333333333 0.21736111111111112 0.013020833333333334 0.022916666666666665
1 0.14947916666666666 0.2326388888888889 0.015625 0.025
1 0.13229166666666667 0.1840277777777778 0.013020833333333334 0.027083333333333334
1 0.084375 0.24513888888888888 0.015104166666666667 0.029861111111111113
1 0.10572916666666667 0.18263888888888888 0.015625 0.021527777777777778
1 0.078125 0.20069444444444445 0.013541666666666667 0.022222222222222223
1 0.09739583333333333 0.16319444444444445 0.0125 0.01875
1 0.09583333333333334 0.14166666666666666 0.0125 0.016666666666666666
1 0.08958333333333333 0.12222222222222222 0.011979166666666667 0.016666666666666666
1 0.1140625 0.11597222222222223 0.0125 0.016666666666666666
1 0.08645833333333333 0.10625 0.008854166666666666 0.013888888888888888
1 0.07395833333333333 0.16041666666666668 0.013020833333333334 0.02013888888888889
1 0.07135416666666666 0.13819444444444445 0.010416666666666666 0.01875
1 0.07083333333333333 0.11180555555555556 0.008333333333333333 0.017361111111111112
1 0.06666666666666667 0.09791666666666667 0.009375 0.013194444444444444
1 0.06302083333333333 0.09027777777777778 0.008333333333333333 0.011805555555555555
1 0.07864583333333333 0.07916666666666666 0.007291666666666667 0.011805555555555555
1 0.05260416666666667 0.18263888888888888 0.013541666666666667 0.02013888888888889
1 0.05260416666666667 0.26805555555555555 0.017708333333333333 0.03611111111111111
1 0.053125 0.22708333333333333 0.016145833333333335 0.029861111111111113
1 0.04791666666666667 0.16180555555555556 0.011979166666666667 0.017361111111111112
1 0.04895833333333333 0.1284722222222222 0.010416666666666666 0.01875
1 0.0453125 0.11319444444444444 0.009375 0.014583333333333334
1 0.044270833333333336 0.09236111111111112 0.008333333333333333 0.013194444444444444
1 0.04375 0.0798611111111111 0.0078125 0.011805555555555555
1 0.00625 0.41041666666666665 0.011979166666666667 0.041666666666666664
1 0.005729166666666666 0.37222222222222223 0.011458333333333333 0.03680555555555556
1 0.007291666666666667 0.3375 0.014583333333333334 0.03888888888888889
1 0.009895833333333333 0.31319444444444444 0.019791666666666666 0.027777777777777776
1 0.007291666666666667 0.26805555555555555 0.014583333333333334 0.03611111111111111
1 0.013541666666666667 0.2826388888888889 0.0203125 0.03611111111111111
1 0.013541666666666667 0.25069444444444444 0.019270833333333334 0.025
1 0.011458333333333333 0.23194444444444445 0.01875 0.022916666666666665
1 0.014583333333333334 0.21597222222222223 0.019270833333333334 0.021527777777777778
1 0.014583333333333334 0.20208333333333334 0.018229166666666668 0.016666666666666666
1 0.013541666666666667 0.18888888888888888 0.019270833333333334 0.01875
1 0.0234375 0.1798611111111111 0.013541666666666667 0.022222222222222223
1 0.023958333333333335 0.17083333333333334 0.0125 0.019444444444444445
1 0.020833333333333332 0.16180555555555556 0.013020833333333334 0.019444444444444445
1 0.022916666666666665 0.15138888888888888 0.0125 0.021527777777777778
1 0.022916666666666665 0.1423611111111111 0.013020833333333334 0.01875
1 0.022395833333333334 0.1375 0.0125 0.021527777777777778
1 0.058333333333333334 0.07708333333333334 0.0078125 0.013194444444444444
1 0.10104166666666667 0.06736111111111111 0.0067708333333333336 0.010416666666666666
1 0.096875 0.0625 0.0067708333333333336 0.010416666666666666
1 0.07291666666666667 0.06458333333333334 0.0078125 0.010416666666666666
1 0.075 0.05694444444444444 0.00625 0.008333333333333333
1 0.07239583333333334 0.05347222222222222 0.00625 0.008333333333333333
1 0.0734375 0.04791666666666667 0.00625 0.008333333333333333
1 0.05364583333333333 0.059027777777777776 0.00625 0.013194444444444444
1 0.07447916666666667 0.04375 0.00625 0.007638888888888889
1 0.05520833333333333 0.06736111111111111 0.005729166666666666 0.011111111111111112
1 0.0390625 0.06944444444444445 0.007291666666666667 0.011111111111111112
1 0.03802083333333333 0.059027777777777776 0.007291666666666667 0.011111111111111112
1 0.044270833333333336 0.050694444444444445 0.00625 0.009027777777777777
1 0.03229166666666667 0.044444444444444446 0.005729166666666666 0.007638888888888889
1 0.035416666666666666 0.03263888888888889 0.005208333333333333 0.010416666666666666
1 0.058333333333333334 0.052083333333333336 0.005208333333333333 0.011111111111111112
1 0.06041666666666667 0.05 0.00625 0.011111111111111112
1 0.06614583333333333 0.03194444444444444 0.005208333333333333 0.010416666666666666
1 0.065625 0.02013888888888889 0.0046875 0.007638888888888889
1 0.058333333333333334 0.021527777777777778 0.0046875 0.00625
1 0.053125 0.02361111111111111 0.0046875 0.00625
1 0.04895833333333333 0.02638888888888889 0.005208333333333333 0.008333333333333333
2 0.04479166666666667 0.015277777777777777 0.0036458333333333334 0.011805555555555555
1 0.051041666666666666 0.00625 0.0036458333333333334 0.005555555555555556
1 0.040625 0.004861111111111111 0.0036458333333333334 0.005555555555555556
1 0.03697916666666667 0.014583333333333334 0.004166666666666667 0.00625
2 0.2734375 0.07847222222222222 0.027083333333333334 0.017361111111111112
1 0.2989583333333333 0.08194444444444444 0.015104166666666667 0.008333333333333333
1 0.296875 0.07847222222222222 0.0125 0.011805555555555555
1 0.28854166666666664 0.07847222222222222 0.0078125 0.010416666666666666
1 0.2578125 0.08125 0.0125 0.011111111111111112
1 0.20989583333333334 0.08263888888888889 0.014583333333333334 0.011805555555555555
1 0.22135416666666666 0.08402777777777778 0.010416666666666666 0.008333333333333333
1 0.19895833333333332 0.08402777777777778 0.0109375 0.010416666666666666
0 0.3234375 0.07152777777777777 0.030208333333333334 0.017361111111111112