1 0.39427083333333335 0.07152777777777777 0.0036458333333333334 0.00625
1 0.3958333333333333 0.07847222222222222 0.0036458333333333334 0.005555555555555556
1 0.3880208333333333 0.0763888888888889 0.0036458333333333334 0.004166666666666667
3 0.38645833333333335 0.08263888888888889 0.0036458333333333334 0.007638888888888889
1 0.38645833333333335 0.09791666666666667 0.005208333333333333 0.007638888888888889
1 0.3807291666666667 0.09444444444444444 0.005208333333333333 0.00625
1 0.37604166666666666 0.09652777777777778 0.0036458333333333334 0.007638888888888889
1 0.396875 0.09444444444444444 0.005208333333333333 0.007638888888888889
1 0.396875 0.10069444444444445 0.005208333333333333 0.007638888888888889
1 0.40625 0.10277777777777777 0.005208333333333333 0.00625
1 0.40208333333333335 0.10833333333333334 0.004166666666666667 0.007638888888888889
2 0.40520833333333334 0.1111111111111111 0.005729166666666666 0.010416666666666666
1 0.396875 0.11041666666666666 0.005729166666666666 0.009027777777777777
1 0.3692708333333333 0.11527777777777778 0.005729166666666666 0.010416666666666666
1 0.4005208333333333 0.13055555555555556 0.007291666666666667 0.010416666666666666
1 0.39895833333333336 0.13472222222222222 0.008333333333333333 0.013194444444444444
1 0.4 0.14444444444444443 0.007291666666666667 0.011805555555555555
1 0.42083333333333334 0.14166666666666666 0.007291666666666667 0.009027777777777777
1 0.42083333333333334 0.1451388888888889 0.005208333333333333 0.010416666666666666
1 0.4244791666666667 0.1486111111111111 0.008333333333333333 0.011805555555555555
1 0.35208333333333336 0.1 0.005729166666666666 0.00625
1 0.3489583333333333 0.10625 0.005208333333333333 0.009027777777777777
1 0.3416666666666667 0.12013888888888889 0.0067708333333333336 0.010416666666666666
1 0.3380208333333333 0.12708333333333333 0.0067708333333333336 0.010416666666666666
1 0.33229166666666665 0.11875 0.010416666666666666 0.007638888888888889
1 0.3307291666666667 0.13472222222222222 0.007291666666666667 0.010416666666666666
1 0.4473958333333333 0.13472222222222222 0.009375 0.010416666666666666
1 0.4505208333333333 0.1388888888888889 0.008854166666666666 0.010416666666666666
1 0.44895833333333335 0.14375 0.009375 0.010416666666666666
2 0.45416666666666666 0.14652777777777778 0.008854166666666666 0.013194444444444444
1 0.428125 0.16180555555555556 0.009375 0.01597222222222222
1 0.43072916666666666 0.18055555555555555 0.0109375 0.01597222222222222
1 0.40208333333333335 0.18125 0.0109375 0.016666666666666666
1 0.3963541666666667 0.1673611111111111 0.010416666666666666 0.01597222222222222
3 0.3536458333333333 0.14166666666666666 0.010416666666666666 0.014583333333333334
1 0.36041666666666666 0.15208333333333332 0.008333333333333333 0.011805555555555555
1 0.3567708333333333 0.15902777777777777 0.009375 0.014583333333333334
1 0.3125 0.1527777777777778 0.008854166666666666 0.01597222222222222
1 0.321875 0.15625 0.010416666666666666 0.014583333333333334
1 0.32447916666666665 0.17777777777777778 0.009375 0.013194444444444444
1 0.31302083333333336 0.17152777777777778 0.011979166666666667 0.018055555555555554
1 0.3072916666666667 0.18263888888888888 0.011979166666666667 0.016666666666666666
3 0.4635416666666667 0.16041666666666668 0.009375 0.016666666666666666
1 0.4661458333333333 0.17222222222222222 0.014583333333333334 0.016666666666666666
1 0.4734375 0.18541666666666667 0.013020833333333334 0.01597222222222222
1 0.47708333333333336 0.2 0.010416666666666666 0.018055555555555554
1 0.48802083333333335 0.20277777777777778 0.016145833333333335 0.020833333333333332
1 0.43802083333333336 0.20277777777777778 0.0109375 0.018055555555555554
1 0.38333333333333336 0.22847222222222222 0.013020833333333334 0.020833333333333332
1 0.3453125 0.2423611111111111 0.015625 0.025
1 0.23854166666666668 0.2465277777777778 0.030208333333333334 0.027777777777777776
1 0.24791666666666667 0.2965277777777778 0.0265625 0.03888888888888889
1 0.19791666666666666 0.31666666666666665 0.041666666666666664 0.02847222222222222
1 0.19270833333333334 0.39375 0.035416666666666666 0.03888888888888889
1 0.14791666666666667 0.48541666666666666 0.040625 0.06666666666666667
1 0.3729166666666667 0.2798611111111111 0.016666666666666666 0.02847222222222222
1 0.40677083333333336 0.2659722222222222 0.017708333333333333 0.027777777777777776
1 0.465625 0.26666666666666666 0.028645833333333332 0.02361111111111111
1 0.36614583333333334 0.35208333333333336 0.0234375 0.043055555555555555
1 0.44427083333333334 0.6583333333333333 0.04479166666666667 0.09027777777777778
1 0.5020833333333333 0.23472222222222222 0.016666666666666666 0.016666666666666666
1 0.5026041666666666 0.24722222222222223 0.0140625 0.020833333333333332
1 0.5177083333333333 0.26180555555555557 0.035416666666666666 0.022222222222222223
1 0.5145833333333333 0.2798611111111111 0.018229166666666668 0.02638888888888889
1 0.5291666666666667 0.29375 0.020833333333333332 0.035416666666666666
1 0.5411458333333333 0.31180555555555556 0.021875 0.03819444444444445
1 0.5697916666666667 0.36527777777777776 0.025 0.03819444444444445
1 0.6026041666666667 0.43680555555555556 0.03333333333333333 0.044444444444444446
1 0.6338541666666667 0.45694444444444443 0.05416666666666667 0.050694444444444445
1 0.6729166666666667 0.55 0.05 0.07222222222222222
1 0.7130208333333333 0.6402777777777777 0.05572916666666667 0.07083333333333333
1 0.7671875 0.7319444444444444 0.07708333333333334 0.1125
1 0.9859375 0.9430555555555555 0.028125 0.08263888888888889
3 0.9078125 0.7965277777777777 0.07552083333333333 0.13194444444444445
3 0.9416666666666667 0.7111111111111111 0.08072916666666667 0.08888888888888889
1 0.890625 0.6680555555555555 0.10833333333333334 0.08888888888888889
1 0.8453125 0.6048611111111111 0.09322916666666667 0.06111111111111111
1 0.8041666666666667 0.575 0.0859375 0.05486111111111111
1 0.7552083333333334 0.5541666666666667 0.08229166666666667 0.0625
1 0.7572916666666667 0.5145833333333333 0.071875 0.050694444444444445
1 0.7427083333333333 0.48194444444444445 0.078125 0.04861111111111111
1 0.7270833333333333 0.46111111111111114 0.06979166666666667 0.04583333333333333
1 0.7046875 0.44027777777777777 0.05520833333333333 0.03680555555555556
1 0.7286458333333333 0.41180555555555554 0.03697916666666667 0.04722222222222222
3 0.5807291666666666 0.28958333333333336 0.0359375 0.029861111111111113
3 0.6166666666666667 0.25 0.029166666666666667 0.027777777777777776
3 0.6817708333333333 0.24305555555555555 0.0265625 0.02638888888888889
1 0.7666666666666667 0.2708333333333333 0.029166666666666667 0.02361111111111111
1 0.8067708333333333 0.26805555555555555 0.0140625 0.018055555555555554
1 0.7729166666666667 0.3347222222222222 0.049479166666666664 0.02638888888888889
1 0.7833333333333333 0.34930555555555554 0.050520833333333334 0.02847222222222222
1 0.7807291666666667 0.3611111111111111 0.05677083333333333 0.029861111111111113
1 0.7854166666666667 0.3770833333333333 0.04635416666666667 0.035416666666666666
1 0.8265625 0.38333333333333336 0.0515625 0.029861111111111113
1 0.8369791666666667 0.3993055555555556 0.0515625 0.03819444444444445
2 0.871875 0.4152777777777778 0.0734375 0.043055555555555555
1 0.8953125 0.43819444444444444 0.05677083333333333 0.03888888888888889
1 0.934375 0.4597222222222222 0.06302083333333333 0.04583333333333333
1 0.9614583333333333 0.48125 0.06822916666666666 0.044444444444444446
1 0.9765625 0.5048611111111111 0.046875 0.044444444444444446
1 0.9927083333333333 0.5326388888888889 0.014583333333333334 0.025
1 0.9765625 0.5652777777777778 0.046875 0.06111111111111111