1 0.3572916666666667 0.9666666666666667 0.04791666666666667 0.06666666666666667
1 0.17291666666666666 0.8965277777777778 0.07291666666666667 0.13333333333333333
1 0.2755208333333333 0.6305555555555555 0.04895833333333333 0.09444444444444444
1 0.21979166666666666 0.5777777777777777 0.05416666666666667 0.08888888888888889
1 0.3880208333333333 0.8243055555555555 0.05520833333333333 0.11458333333333333
1 0.42916666666666664 0.6576388888888889 0.041666666666666664 0.08541666666666667
1 0.37447916666666664 0.6534722222222222 0.04479166666666667 0.08541666666666667
1 0.3302083333333333 0.5979166666666667 0.04375 0.08125
1 0.4109375 0.5395833333333333 0.036458333333333336 0.05763888888888889
1 0.503125 0.5368055555555555 0.029166666666666667 0.059027777777777776
0 0.4588541666666667 0.5034722222222222 0.04479166666666667 0.1111111111111111
1 0.41770833333333335 0.41944444444444445 0.03958333333333333 0.05
1 0.36302083333333335 0.43333333333333335 0.036458333333333336 0.05555555555555555
1 0.48020833333333335 0.34930555555555554 0.041666666666666664 0.03888888888888889
1 0.41875 0.375 0.03958333333333333 0.04236111111111111
1 0.421875 0.34444444444444444 0.03958333333333333 0.03680555555555556
1 0.7390625 0.2590277777777778 0.03229166666666667 0.025694444444444443
1 0.8067708333333333 0.18125 0.03229166666666667 0.022222222222222223
1 0.7760416666666666 0.1840277777777778 0.03125 0.02013888888888889
3 0.7270833333333333 0.16666666666666666 0.027083333333333334 0.025694444444444443
1 0.7135416666666666 0.17569444444444443 0.025 0.01875
1 0.865625 0.17152777777777778 0.027083333333333334 0.02013888888888889
0 0.9286458333333333 0.18819444444444444 0.07395833333333333 0.06111111111111111
0 0.7619791666666667 0.15763888888888888 0.051041666666666666 0.03680555555555556
0 0.6817708333333333 0.14652777777777778 0.040625 0.04097222222222222
1 0.6671875 0.15555555555555556 0.026041666666666668 0.01875
1 0.32135416666666666 0.16319444444444445 0.028125 0.022222222222222223
1 0.2875 0.13819444444444445 0.0125 0.02013888888888889
0 0.15833333333333333 0.14097222222222222 0.035416666666666666 0.029861111111111113
1 0.16041666666666668 0.32430555555555557 0.0375 0.03333333333333333
1 0.48333333333333334 0.1284722222222222 0.010416666666666666 0.02013888888888889
1 0.4552083333333333 0.12986111111111112 0.0125 0.01875
1 0.43854166666666666 0.1284722222222222 0.0125 0.016666666666666666
1 0.4505208333333333 0.11180555555555556 0.009375 0.016666666666666666
1 0.47552083333333334 0.10486111111111111 0.009375 0.013194444444444444
1 0.5041666666666667 0.11666666666666667 0.008333333333333333 0.014583333333333334
2 0.5177083333333333 0.11319444444444444 0.014583333333333334 0.03333333333333333
1 0.5458333333333333 0.06111111111111111 0.00625 0.014583333333333334
2 0.5583333333333333 0.06666666666666667 0.010416666666666666 0.029861111111111113
1 0.5135416666666667 0.025694444444444443 0.010416666666666666 0.007638888888888889
3 0.5588541666666667 0.03333333333333333 0.005208333333333333 0.011111111111111112
1 0.5510416666666667 0.027083333333333334 0.00625 0.009027777777777777
1 0.5369791666666667 0.027083333333333334 0.011458333333333333 0.009027777777777777
1 0.5348958333333333 0.04375 0.007291666666666667 0.009027777777777777
1 0.5364583333333334 0.03888888888888889 0.00625 0.011111111111111112
1 0.5270833333333333 0.03611111111111111 0.008333333333333333 0.009027777777777777
1 0.5229166666666667 0.041666666666666664 0.010416666666666666 0.009027777777777777
1 0.5135416666666667 0.05 0.00625 0.011111111111111112
1 0.4875 0.08055555555555556 0.008333333333333333 0.013194444444444444
1 0.49166666666666664 0.07152777777777777 0.008333333333333333 0.013194444444444444
1 0.5 0.06180555555555556 0.004166666666666667 0.009027777777777777
3 0.4953125 0.09722222222222222 0.007291666666666667 0.016666666666666666
1 0.5088541666666667 0.10555555555555556 0.007291666666666667 0.01875
3 0.5046875 0.09652777777777778 0.007291666666666667 0.014583333333333334
1 0.5135416666666667 0.09097222222222222 0.008333333333333333 0.014583333333333334
1 0.5296875 0.05763888888888889 0.007291666666666667 0.011111111111111112
1 0.5239583333333333 0.06458333333333334 0.00625 0.011111111111111112
1 0.5213541666666667 0.07013888888888889 0.007291666666666667 0.011111111111111112
1 0.5182291666666666 0.07847222222222222 0.007291666666666667 0.013194444444444444
1 0.5135416666666667 0.06458333333333334 0.00625 0.011111111111111112
1 0.5104166666666666 0.07430555555555556 0.00625 0.011111111111111112
1 0.50625 0.08055555555555556 0.00625 0.009027777777777777
1 0.540625 0.05486111111111111 0.00625 0.013194444444444444
1 0.2598958333333333 0.13680555555555557 0.021875 0.022222222222222223