1 0.0328125 0.9395833333333333 0.065625 0.09930555555555555
1 0.0953125 0.9604166666666667 0.128125 0.07916666666666666
3 0.051041666666666666 0.8805555555555555 0.10208333333333333 0.0875
1 0.18385416666666668 0.8083333333333333 0.1015625 0.10069444444444445
1 0.828125 0.9298611111111111 0.084375 0.12152777777777778
1 0.9583333333333334 0.9451388888888889 0.08333333333333333 0.10694444444444444
1 0.765625 0.7944444444444444 0.058854166666666666 0.0798611111111111
1 0.1875 0.6736111111111112 0.08541666666666667 0.05347222222222222
1 0.259375 0.575 0.05677083333333333 0.04722222222222222
1 0.259375 0.5486111111111112 0.06041666666666667 0.04583333333333333
2 0.26510416666666664 0.5152777777777777 0.059375 0.052083333333333336
3 0.31979166666666664 0.5083333333333333 0.03958333333333333 0.06805555555555555
1 0.2703125 0.4756944444444444 0.049479166666666664 0.03125
1 0.28854166666666664 0.45902777777777776 0.043229166666666666 0.03125
1 0.284375 0.44722222222222224 0.043229166666666666 0.02638888888888889
3 0.38958333333333334 0.46041666666666664 0.020833333333333332 0.044444444444444446
1 0.2869791666666667 0.4222222222222222 0.0390625 0.02638888888888889
1 0.29635416666666664 0.41388888888888886 0.03802083333333333 0.027777777777777776
1 0.3125 0.39861111111111114 0.033854166666666664 0.02361111111111111
1 0.3171875 0.39166666666666666 0.03333333333333333 0.022222222222222223
1 0.359375 0.3701388888888889 0.028645833333333332 0.02361111111111111
1 0.3255208333333333 0.36666666666666664 0.030729166666666665 0.022222222222222223
1 0.3796875 0.3576388888888889 0.0140625 0.025
1 0.3541666666666667 0.3402777777777778 0.028125 0.016666666666666666
1 0.3463541666666667 0.33125 0.03229166666666667 0.016666666666666666
3 0.6729166666666667 0.5902777777777778 0.030729166666666665 0.05625
1 0.7619791666666667 0.5097222222222222 0.05520833333333333 0.041666666666666664
3 0.6526041666666667 0.5430555555555555 0.024479166666666666 0.04861111111111111
1 0.7010416666666667 0.4652777777777778 0.04479166666666667 0.02847222222222222
1 0.6546875 0.44305555555555554 0.021354166666666667 0.02638888888888889
1 0.640625 0.42569444444444443 0.03802083333333333 0.029861111111111113
2 0.634375 0.3861111111111111 0.028125 0.043055555555555555
1 0.628125 0.38333333333333336 0.033854166666666664 0.022222222222222223
1 0.6166666666666667 0.3659722222222222 0.030208333333333334 0.018055555555555554
1 0.6083333333333333 0.3611111111111111 0.029166666666666667 0.018055555555555554
1 0.5770833333333333 0.3819444444444444 0.017708333333333333 0.02638888888888889
2 0.5020833333333333 0.4548611111111111 0.022916666666666665 0.052083333333333336
1 0.5072916666666667 0.36875 0.013020833333333334 0.020833333333333332
1 0.5270833333333333 0.36875 0.0140625 0.020833333333333332
1 0.5208333333333334 0.34791666666666665 0.013020833333333334 0.018055555555555554
1 0.5505208333333333 0.35555555555555557 0.011979166666666667 0.020833333333333332
1 0.5067708333333333 0.3326388888888889 0.0109375 0.019444444444444445
1 0.5369791666666667 0.34097222222222223 0.0140625 0.018055555555555554
3 0.5770833333333333 0.33958333333333335 0.0234375 0.02361111111111111
1 0.6369791666666667 0.3229166666666667 0.025520833333333333 0.01597222222222222
1 0.5390625 0.31875 0.010416666666666666 0.01597222222222222
1 0.5645833333333333 0.31875 0.019270833333333334 0.01597222222222222
1 0.5901041666666667 0.2881944444444444 0.009375 0.011805555555555555
3 0.5729166666666666 0.2826388888888889 0.008854166666666666 0.013194444444444444
3 0.5114583333333333 0.2923611111111111 0.008333333333333333 0.016666666666666666
1 0.4479166666666667 0.2965277777777778 0.0109375 0.01597222222222222
1 0.48072916666666665 0.2833333333333333 0.008854166666666666 0.01597222222222222
1 0.43385416666666665 0.28958333333333336 0.008854166666666666 0.014583333333333334
1 0.3723958333333333 0.2673611111111111 0.021354166666666667 0.016666666666666666
1 0.39114583333333336 0.27569444444444446 0.008854166666666666 0.013194444444444444
2 0.3859375 0.2611111111111111 0.013020833333333334 0.014583333333333334
1 0.3885416666666667 0.2611111111111111 0.0140625 0.014583333333333334
1 0.415625 0.2638888888888889 0.008854166666666666 0.013194444444444444
1 0.4197916666666667 0.25416666666666665 0.007291666666666667 0.011805555555555555
1 0.4864583333333333 0.24375 0.0067708333333333336 0.009027777777777777
1 0.4973958333333333 0.2423611111111111 0.0067708333333333336 0.009027777777777777
1 0.4875 0.24027777777777778 0.005729166666666666 0.007638888888888889
1 0.475 0.24722222222222223 0.005729166666666666 0.010416666666666666
1 0.4744791666666667 0.24305555555555555 0.0067708333333333336 0.007638888888888889
1 0.42916666666666664 0.2388888888888889 0.0067708333333333336 0.010416666666666666
1 0.44583333333333336 0.22847222222222222 0.0125 0.010416666666666666
1 0.4317708333333333 0.22847222222222222 0.011979166666666667 0.010416666666666666
1 0.42552083333333335 0.22708333333333333 0.0125 0.009027777777777777
1 0.4739583333333333 0.22777777777777777 0.0109375 0.009027777777777777
1 0.5369791666666667 0.25833333333333336 0.013020833333333334 0.011805555555555555
3 0.5708333333333333 0.25 0.014583333333333334 0.014583333333333334
1 0.5510416666666667 0.23958333333333334 0.0067708333333333336 0.009027777777777777
0 0.5416666666666666 0.24027777777777778 0.008854166666666666 0.018055555555555554