3 0.584375 0.5645833333333333 0.07291666666666667 0.07430555555555556
1 0.47760416666666666 0.23125 0.009375 0.01875
1 0.46875 0.27152777777777776 0.008333333333333333 0.016666666666666666
3 0.25104166666666666 0.4444444444444444 0.035416666666666666 0.04097222222222222
3 0.3026041666666667 0.43680555555555556 0.017708333333333333 0.03333333333333333
3 0.3140625 0.40625 0.019791666666666666 0.04236111111111111
2 0.12760416666666666 0.3548611111111111 0.05520833333333333 0.03125
1 0.15625 0.3645833333333333 0.029166666666666667 0.025694444444444443
1 0.20104166666666667 0.3590277777777778 0.022916666666666665 0.022222222222222223
1 0.221875 0.3638888888888889 0.03958333333333333 0.024305555555555556
1 0.5317708333333333 0.25763888888888886 0.009375 0.022222222222222223