1 0.49114583333333334 0.4041666666666667 0.016145833333333335 0.06805555555555555
1 0.4869791666666667 0.5798611111111112 0.017708333333333333 0.06666666666666667
1 0.5317708333333333 0.6638888888888889 0.016666666666666666 0.06805555555555555
0 0.5088541666666667 0.8798611111111111 0.0265625 0.13055555555555556
1 0.47760416666666666 0.9256944444444445 0.016666666666666666 0.06527777777777778
1 0.409375 0.9770833333333333 0.041666666666666664 0.04583333333333333
1 0.4005208333333333 0.9201388888888888 0.035416666666666666 0.044444444444444446
1 0.6239583333333333 0.49722222222222223 0.03177083333333333 0.059027777777777776
1 0.2109375 0.7138888888888889 0.025 0.052083333333333336
1 0.28229166666666666 0.6645833333333333 0.03802083333333333 0.035416666666666666
1 0.2708333333333333 0.5597222222222222 0.041666666666666664 0.02847222222222222
1 0.2 0.5722222222222222 0.03229166666666667 0.03263888888888889
1 0.17239583333333333 0.7048611111111112 0.0359375 0.05763888888888889
1 0.1421875 0.7131944444444445 0.03333333333333333 0.05625
1 0.06822916666666666 0.7326388888888888 0.019791666666666666 0.06666666666666667
3 0.026041666666666668 0.7263888888888889 0.025520833333333333 0.05625
1 0.008333333333333333 0.5944444444444444 0.016666666666666666 0.03125
1 0.10625 0.5784722222222223 0.0359375 0.043055555555555555
1 0.10729166666666666 0.5416666666666666 0.030729166666666665 0.029861111111111113
1 0.6916666666666667 0.4840277777777778 0.028645833333333332 0.06111111111111111
1 0.7203125 0.47430555555555554 0.030208333333333334 0.0625
1 0.7505208333333333 0.4708333333333333 0.03177083333333333 0.05763888888888889
3 0.7625 0.5006944444444444 0.03958333333333333 0.05486111111111111
1 0.8005208333333333 0.4777777777777778 0.016145833333333335 0.050694444444444445
1 0.9239583333333333 0.4652777777777778 0.022916666666666665 0.06041666666666667
3 0.9041666666666667 0.4597222222222222 0.025 0.059027777777777776
3 0.9854166666666667 0.4465277777777778 0.024479166666666666 0.03819444444444445
1 0.5536458333333333 0.30486111111111114 0.035416666666666666 0.041666666666666664
1 0.42916666666666664 0.2701388888888889 0.028645833333333332 0.06388888888888888
1 0.5479166666666667 0.24444444444444444 0.034375 0.034027777777777775
1 0.5177083333333333 0.17708333333333334 0.019270833333333334 0.06388888888888888
1 0.5515625 0.17291666666666666 0.03697916666666667 0.03263888888888889
1 0.3859375 0.12152777777777778 0.04583333333333333 0.03125
1 0.48072916666666665 0.03819444444444445 0.016666666666666666 0.05763888888888889
1 0.5083333333333333 0.029166666666666667 0.016666666666666666 0.058333333333333334
1 0.7395833333333334 0.13055555555555556 0.0390625 0.034027777777777775
1 0.784375 0.16180555555555556 0.016145833333333335 0.06041666666666667
1 0.8078125 0.15486111111111112 0.018229166666666668 0.059027777777777776
1 0.8473958333333333 0.1451388888888889 0.019791666666666666 0.06041666666666667
3 0.828125 0.15 0.017708333333333333 0.052083333333333336
2 0.8708333333333333 0.13958333333333334 0.021875 0.06041666666666667
3 0.7807291666666667 0.07708333333333334 0.033854166666666664 0.03888888888888889
1 0.7369791666666666 0.025 0.0359375 0.03125
1 0.85625 0.013888888888888888 0.018229166666666668 0.027777777777777776
1 0.8151041666666666 0.011111111111111112 0.015625 0.022222222222222223
1 0.79375 0.009722222222222222 0.016666666666666666 0.019444444444444445