3 0.42135416666666664 0.8444444444444444 0.019270833333333334 0.07083333333333333
1 0.44895833333333335 0.8277777777777777 0.019791666666666666 0.06944444444444445
1 0.3463541666666667 0.9402777777777778 0.028125 0.07708333333333334
1 0.5208333333333334 0.7277777777777777 0.020833333333333332 0.0798611111111111
1 0.590625 0.89375 0.03229166666666667 0.08472222222222223
1 0.6463541666666667 0.59375 0.046875 0.041666666666666664
1 0.7421875 0.5826388888888889 0.04479166666666667 0.03819444444444445
1 0.7510416666666667 0.5118055555555555 0.043229166666666666 0.03819444444444445
1 0.7619791666666667 0.4527777777777778 0.04791666666666667 0.03819444444444445
1 0.5791666666666667 0.5159722222222223 0.041666666666666664 0.06388888888888888
1 0.5067708333333333 0.4798611111111111 0.021875 0.07847222222222222
1 0.44895833333333335 0.1673611111111111 0.018229166666666668 0.07847222222222222
1 0.8609375 0.1673611111111111 0.044270833333333336 0.03680555555555556
1 0.1828125 0.5854166666666667 0.050520833333333334 0.03888888888888889
1 0.11041666666666666 0.5861111111111111 0.05 0.035416666666666666
1 0.0140625 0.5854166666666667 0.028125 0.03125
1 0.0578125 0.5090277777777777 0.043229166666666666 0.035416666666666666
1 0.8479166666666667 0.9 0.04479166666666667 0.043055555555555555
2 0.7822916666666667 0.7493055555555556 0.046875 0.03888888888888889
3 0.9614583333333333 0.7347222222222223 0.041666666666666664 0.03125
1 0.9911458333333333 0.7347222222222223 0.017708333333333333 0.03125
1 0.8786458333333333 0.5020833333333333 0.042708333333333334 0.034027777777777775