1 0.10052083333333334 0.19305555555555556 0.028125 0.019444444444444445
3 0.5583333333333333 0.9416666666666667 0.13177083333333334 0.11666666666666667
3 0.575 0.15555555555555556 0.017708333333333333 0.01597222222222222
1 0.8979166666666667 0.22083333333333333 0.025520833333333333 0.018055555555555554
1 0.915625 0.2298611111111111 0.034375 0.02361111111111111
1 0.9427083333333334 0.22291666666666668 0.033854166666666664 0.019444444444444445
1 0.9828125 0.21319444444444444 0.03333333333333333 0.020833333333333332
1 0.9302083333333333 0.30694444444444446 0.019270833333333334 0.03680555555555556
2 0.9328125 0.37083333333333335 0.025520833333333333 0.03819444444444445
1 0.8869791666666667 0.4027777777777778 0.030729166666666665 0.04722222222222222
3 0.8932291666666666 0.4201388888888889 0.020833333333333332 0.05347222222222222
1 0.928125 0.5256944444444445 0.040625 0.0625
1 0.8192708333333333 0.49236111111111114 0.044270833333333336 0.06666666666666667
3 0.7994791666666666 0.5597222222222222 0.05 0.08888888888888889
3 0.9458333333333333 0.625 0.046875 0.10972222222222222