1 0.415625 0.25763888888888886 0.005208333333333333 0.007638888888888889
1 0.4942708333333333 0.2590277777777778 0.007291666666666667 0.007638888888888889
2 0.48541666666666666 0.2465277777777778 0.007291666666666667 0.014583333333333334
2 0.4239583333333333 0.2652777777777778 0.0109375 0.02361111111111111
1 0.4114583333333333 0.2847222222222222 0.008333333333333333 0.010416666666666666
1 0.465625 0.28194444444444444 0.011979166666666667 0.009027777777777777
1 0.45208333333333334 0.3368055555555556 0.0067708333333333336 0.014583333333333334
1 0.51875 0.3458333333333333 0.008333333333333333 0.011805555555555555
2 0.5567708333333333 0.3 0.016666666666666666 0.035416666666666666
1 0.5671875 0.3541666666666667 0.009375 0.013194444444444444
0 0.5609375 0.4798611111111111 0.0234375 0.052083333333333336
2 0.5020833333333333 0.7472222222222222 0.0359375 0.18958333333333333
3 0.43854166666666666 0.9659722222222222 0.028645833333333332 0.06805555555555555