1 0.45677083333333335 0.5895833333333333 0.08229166666666667 0.17222222222222222
1 0.6338541666666667 0.6256944444444444 0.058854166666666666 0.16597222222222222
1 0.7578125 0.7534722222222222 0.08177083333333333 0.18194444444444444
1 0.46510416666666665 0.9069444444444444 0.06822916666666666 0.18541666666666667
1 0.24895833333333334 0.3423611111111111 0.08333333333333333 0.08888888888888889
1 0.5541666666666667 0.23680555555555555 0.0390625 0.09166666666666666
1 0.6583333333333333 0.21458333333333332 0.0390625 0.07847222222222222
1 0.5817708333333333 0.11666666666666667 0.04114583333333333 0.07708333333333334
1 0.6041666666666666 0.044444444444444446 0.03229166666666667 0.06805555555555555
1 0.43333333333333335 0.08611111111111111 0.06979166666666667 0.06527777777777778
1 0.0984375 0.3013888888888889 0.0984375 0.07708333333333334
1 0.07447916666666667 0.21597222222222223 0.090625 0.07291666666666667
1 0.0484375 0.35833333333333334 0.096875 0.09166666666666666
2 0.534375 0.022222222222222223 0.03177083333333333 0.044444444444444446