1 0.421875 0.7965277777777777 0.07135416666666666 0.10902777777777778
1 0.30625 0.7465277777777778 0.057291666666666664 0.08958333333333333
1 0.384375 0.7076388888888889 0.05520833333333333 0.06388888888888888
1 0.48333333333333334 0.7048611111111112 0.0421875 0.075
1 0.4796875 0.6520833333333333 0.035416666666666666 0.05486111111111111
1 0.6416666666666667 0.9166666666666666 0.1140625 0.15555555555555556
1 0.48802083333333335 0.6097222222222223 0.025 0.03611111111111111
1 0.45625 0.5881944444444445 0.019270833333333334 0.027777777777777776
1 0.5010416666666667 0.58125 0.018229166666666668 0.025694444444444443
1 0.46770833333333334 0.5743055555555555 0.020833333333333332 0.029861111111111113
1 0.6072916666666667 0.8104166666666667 0.07083333333333333 0.1076388888888889
1 0.5864583333333333 0.7458333333333333 0.053125 0.08055555555555556
1 0.575 0.6972222222222222 0.05 0.07430555555555556
1 0.5697916666666667 0.6701388888888888 0.03802083333333333 0.052083333333333336
1 0.5604166666666667 0.6506944444444445 0.0328125 0.049305555555555554
1 0.5572916666666666 0.6298611111111111 0.030208333333333334 0.03819444444444445
1 0.5572916666666666 0.6180555555555556 0.030208333333333334 0.03819444444444445
1 0.5479166666666667 0.5868055555555556 0.021354166666666667 0.027777777777777776
3 0.7015625 0.9604166666666667 0.128125 0.07847222222222222
1 0.41822916666666665 0.65625 0.040625 0.05763888888888889
1 0.39739583333333334 0.6125 0.06145833333333333 0.050694444444444445