1 0.053125 0.9361111111111111 0.10625 0.12777777777777777
3 0.28958333333333336 0.9138888888888889 0.075 0.17222222222222222
0 0.240625 0.42083333333333334 0.09635416666666667 0.18819444444444444
1 0.23958333333333334 0.3527777777777778 0.034375 0.05486111111111111
3 0.3614583333333333 0.4548611111111111 0.0375 0.08888888888888889
1 0.3255208333333333 0.3729166666666667 0.03229166666666667 0.06666666666666667
1 0.3671875 0.3597222222222222 0.030208333333333334 0.05763888888888889
1 0.2875 0.3013888888888889 0.035416666666666666 0.050694444444444445
1 0.28177083333333336 0.25555555555555554 0.0265625 0.04583333333333333
3 0.27708333333333335 0.23194444444444445 0.049479166666666664 0.04861111111111111
3 0.23229166666666667 0.2263888888888889 0.05416666666666667 0.041666666666666664
3 0.3807291666666667 0.26180555555555557 0.025 0.059027777777777776
1 0.2833333333333333 0.17152777777777778 0.04114583333333333 0.034027777777777775
1 0.3140625 0.1736111111111111 0.020833333333333332 0.034027777777777775
1 0.33645833333333336 0.18055555555555555 0.019791666666666666 0.03680555555555556
1 0.3453125 0.15833333333333333 0.018229166666666668 0.034027777777777775
1 0.34479166666666666 0.10486111111111111 0.017708333333333333 0.02638888888888889
1 0.2916666666666667 0.12916666666666668 0.04114583333333333 0.02638888888888889
1 0.3 0.11666666666666667 0.03802083333333333 0.025
1 0.315625 0.10347222222222222 0.0359375 0.02361111111111111
3 0.30833333333333335 0.08541666666666667 0.027083333333333334 0.027777777777777776
3 0.34375 0.08333333333333333 0.03333333333333333 0.025
1 0.3536458333333333 0.07361111111111111 0.013020833333333334 0.022222222222222223
3 0.3333333333333333 0.05555555555555555 0.025 0.025
3 0.3494791666666667 0.0375 0.025520833333333333 0.022222222222222223
1 0.3671875 0.02847222222222222 0.019791666666666666 0.018055555555555554
1 0.35260416666666666 0.019444444444444445 0.024479166666666666 0.01597222222222222
1 0.3494791666666667 0.013888888888888888 0.025520833333333333 0.016666666666666666
1 0.3541666666666667 0.009722222222222222 0.024479166666666666 0.014583333333333334
3 0.4046875 0.07847222222222222 0.0140625 0.02638888888888889
3 0.4427083333333333 0.14444444444444443 0.028125 0.04027777777777778
3 0.4895833333333333 0.18819444444444444 0.021354166666666667 0.03888888888888889
1 0.4817708333333333 0.12916666666666668 0.017708333333333333 0.02638888888888889
3 0.4630208333333333 0.08055555555555556 0.013020833333333334 0.027777777777777776
1 0.4713541666666667 0.041666666666666664 0.011979166666666667 0.020833333333333332
3 0.5015625 0.05486111111111111 0.011979166666666667 0.02361111111111111
3 0.5255208333333333 0.05555555555555555 0.0140625 0.019444444444444445
1 0.759375 0.91875 0.1125 0.16180555555555556
0 0.8182291666666667 0.7263888888888889 0.16614583333333333 0.3229166666666667
3 0.7619791666666667 0.4076388888888889 0.0640625 0.06527777777777778
3 0.628125 0.2652777777777778 0.022916666666666665 0.052083333333333336
3 0.646875 0.2111111111111111 0.020833333333333332 0.043055555555555555
3 0.6041666666666666 0.2152777777777778 0.030729166666666665 0.04027777777777778
1 0.5723958333333333 0.15902777777777777 0.021354166666666667 0.029861111111111113
2 0.5989583333333334 0.14027777777777778 0.040625 0.03263888888888889
1 0.5932291666666667 0.12638888888888888 0.029166666666666667 0.022222222222222223
1 0.5864583333333333 0.11041666666666666 0.03177083333333333 0.022222222222222223
3 0.5713541666666667 0.10138888888888889 0.030729166666666665 0.027777777777777776
3 0.5729166666666666 0.07361111111111111 0.028125 0.025
3 0.5541666666666667 0.05555555555555555 0.024479166666666666 0.022222222222222223
1 0.5505208333333333 0.05416666666666667 0.024479166666666666 0.014583333333333334
3 0.55 0.050694444444444445 0.025 0.020833333333333332
3 0.5494791666666666 0.044444444444444446 0.029166666666666667 0.02361111111111111
3 0.540625 0.030555555555555555 0.024479166666666666 0.016666666666666666
3 0.5411458333333333 0.027083333333333334 0.0234375 0.019444444444444445
3 0.5333333333333333 0.022222222222222223 0.020833333333333332 0.018055555555555554
1 0.5177083333333333 0.38055555555555554 0.030729166666666665 0.05486111111111111