1 0.24479166666666666 0.925 0.07083333333333333 0.14652777777777778
1 0.2453125 0.6048611111111111 0.05520833333333333 0.12430555555555556
1 0.2864583333333333 0.6479166666666667 0.05416666666666667 0.12986111111111112
2 0.5755208333333334 0.8076388888888889 0.059375 0.21875
1 0.5630208333333333 0.6229166666666667 0.040625 0.10555555555555556
2 0.45208333333333334 0.33819444444444446 0.020833333333333332 0.05763888888888889
1 0.39791666666666664 0.3277777777777778 0.03333333333333333 0.07013888888888889
1 0.40572916666666664 0.21875 0.023958333333333335 0.052083333333333336
1 0.6380208333333334 0.38680555555555557 0.034375 0.07430555555555556
1 0.7588541666666667 0.5111111111111111 0.046875 0.08125
1 0.7171875 0.7590277777777777 0.06354166666666666 0.14444444444444443
2 0.5302083333333333 0.275 0.03125 0.07569444444444444
1 0.26875 0.2048611111111111 0.04791666666666667 0.03888888888888889
1 0.29375 0.22152777777777777 0.04583333333333333 0.03888888888888889
1 0.2791666666666667 0.18888888888888888 0.041666666666666664 0.03333333333333333
1 0.5286458333333334 0.14930555555555555 0.017708333333333333 0.035416666666666666
3 0.63125 0.12430555555555556 0.027083333333333334 0.05555555555555555
2 0.3328125 0.24930555555555556 0.030208333333333334 0.06875
1 0.5265625 0.09236111111111112 0.015625 0.029861111111111113
1 0.44583333333333336 0.06111111111111111 0.014583333333333334 0.029861111111111113
1 0.4234375 0.05763888888888889 0.013541666666666667 0.025694444444444443
2 0.48020833333333335 0.01875 0.008333333333333333 0.022222222222222223
1 0.3671875 0.1361111111111111 0.019791666666666666 0.035416666666666666
1 0.37447916666666664 0.11388888888888889 0.017708333333333333 0.03125
1 0.0859375 0.6159722222222223 0.059375 0.06458333333333334
1 0.036458333333333336 0.8604166666666667 0.07083333333333333 0.18680555555555556