1 0.7067708333333333 0.65625 0.14270833333333333 0.16458333333333333
1 0.47239583333333335 0.5770833333333333 0.07447916666666667 0.1111111111111111
1 0.6885416666666667 0.8298611111111112 0.190625 0.15416666666666667
1 0.6744791666666666 0.5277777777777778 0.06041666666666667 0.1111111111111111
1 0.6895833333333333 0.39166666666666666 0.08541666666666667 0.06944444444444445
3 0.5125 0.44583333333333336 0.0515625 0.1125
1 0.6911458333333333 0.3347222222222222 0.075 0.06041666666666667
1 0.6932291666666667 0.2923611111111111 0.06666666666666667 0.059027777777777776
3 0.7635416666666667 0.3416666666666667 0.03333333333333333 0.07708333333333334
1 0.5854166666666667 0.24930555555555556 0.04114583333333333 0.06666666666666667
1 0.6505208333333333 0.2611111111111111 0.033854166666666664 0.06111111111111111
3 0.6119791666666666 0.19236111111111112 0.029166666666666667 0.06041666666666667
3 0.6223958333333334 0.15694444444444444 0.028645833333333332 0.06041666666666667
1 0.08697916666666666 0.2722222222222222 0.05572916666666667 0.06041666666666667
1 0.043229166666666666 0.28194444444444444 0.05677083333333333 0.06111111111111111
1 0.17708333333333334 0.22430555555555556 0.05416666666666667 0.05625
1 0.20572916666666666 0.15763888888888888 0.040625 0.043055555555555555
2 0.27760416666666665 0.10347222222222222 0.0390625 0.04722222222222222
1 0.2703125 0.11180555555555556 0.041666666666666664 0.03263888888888889
2 0.375 0.15555555555555556 0.03229166666666667 0.05
3 0.46822916666666664 0.20902777777777778 0.0375 0.05486111111111111
3 0.5145833333333333 0.1375 0.028125 0.04722222222222222
1 0.41302083333333334 0.12430555555555556 0.030729166666666665 0.03888888888888889
1 0.44166666666666665 0.10555555555555556 0.0265625 0.034027777777777775
1 0.49322916666666666 0.10555555555555556 0.030208333333333334 0.04027777777777778
1 0.49322916666666666 0.05555555555555555 0.024479166666666666 0.027777777777777776
1 0.6442708333333333 0.09375 0.029166666666666667 0.06388888888888888
0 0.571875 0.0875 0.03697916666666667 0.05763888888888889
2 0.5614583333333333 0.06388888888888888 0.021354166666666667 0.034027777777777775
1 0.5864583333333333 0.05138888888888889 0.015625 0.019444444444444445
1 0.5880208333333333 0.029166666666666667 0.013020833333333334 0.016666666666666666
1 0.5130208333333334 0.03888888888888889 0.018229166666666668 0.025
1 0.5260416666666666 0.025694444444444443 0.016666666666666666 0.019444444444444445
1 0.5375 0.017361111111111112 0.016145833333333335 0.019444444444444445
1 0.5416666666666666 0.009722222222222222 0.016145833333333335 0.019444444444444445
1 0.55625 0.005555555555555556 0.010416666666666666 0.011111111111111112