1 0.6682291666666667 0.8506944444444444 0.0625 0.11458333333333333
1 0.5072916666666667 0.8729166666666667 0.0515625 0.12013888888888889
1 0.4119791666666667 0.8444444444444444 0.042708333333333334 0.1076388888888889
1 0.22447916666666667 0.875 0.06354166666666666 0.12777777777777777
1 0.0796875 0.78125 0.07708333333333334 0.11041666666666666
1 0.19270833333333334 0.6083333333333333 0.04479166666666667 0.06666666666666667
1 0.23958333333333334 0.6854166666666667 0.05 0.08680555555555555
1 0.2994791666666667 0.6659722222222222 0.04583333333333333 0.08125
1 0.321875 0.7736111111111111 0.0515625 0.10833333333333334
1 0.346875 0.6854166666666667 0.046875 0.09444444444444444
1 0.428125 0.6534722222222222 0.036458333333333336 0.06597222222222222
1 0.5317708333333333 0.6145833333333334 0.03333333333333333 0.05486111111111111
1 0.3697916666666667 0.6034722222222222 0.034895833333333334 0.06666666666666667
1 0.26979166666666665 0.4798611111111111 0.0328125 0.05
1 0.3140625 0.5159722222222223 0.030208333333333334 0.05486111111111111
3 0.35520833333333335 0.5076388888888889 0.030208333333333334 0.06180555555555556
1 0.3765625 0.5548611111111111 0.030208333333333334 0.05347222222222222
1 0.3927083333333333 0.5159722222222223 0.027604166666666666 0.04791666666666667
1 0.44895833333333335 0.5284722222222222 0.025520833333333333 0.049305555555555554
1 0.4869791666666667 0.5305555555555556 0.027083333333333334 0.044444444444444446
1 0.5260416666666666 0.5090277777777777 0.029166666666666667 0.04791666666666667
1 0.5635416666666667 0.5215277777777778 0.028125 0.04652777777777778
1 0.47708333333333336 0.46319444444444446 0.021354166666666667 0.041666666666666664
1 0.5078125 0.4465277777777778 0.022916666666666665 0.034027777777777775
1 0.5302083333333333 0.40694444444444444 0.019270833333333334 0.030555555555555555
1 0.303125 0.4395833333333333 0.0265625 0.03888888888888889
1 0.33177083333333335 0.4284722222222222 0.023958333333333335 0.03680555555555556
1 0.3770833333333333 0.44930555555555557 0.023958333333333335 0.041666666666666664
1 0.4625 0.3951388888888889 0.015625 0.029861111111111113
1 0.4869791666666667 0.3861111111111111 0.017708333333333333 0.027777777777777776
1 0.5114583333333333 0.3840277777777778 0.0171875 0.029861111111111113
1 0.465625 0.3527777777777778 0.017708333333333333 0.03125
1 0.5083333333333333 0.35347222222222224 0.0140625 0.022916666666666665
1 0.35625 0.37916666666666665 0.019270833333333334 0.034027777777777775
3 0.3729166666666667 0.3909722222222222 0.018229166666666668 0.04097222222222222
1 0.37395833333333334 0.34375 0.015104166666666667 0.02847222222222222
1 0.3880208333333333 0.3597222222222222 0.017708333333333333 0.027083333333333334
1 0.40729166666666666 0.3638888888888889 0.0171875 0.03125
1 0.39114583333333336 0.40555555555555556 0.019791666666666666 0.044444444444444446
1 0.40208333333333335 0.47430555555555554 0.022916666666666665 0.044444444444444446
1 0.41041666666666665 0.44722222222222224 0.022395833333333334 0.035416666666666666
1 0.4166666666666667 0.41875 0.0203125 0.030555555555555555
1 0.421875 0.4013888888888889 0.016145833333333335 0.02847222222222222
1 0.4239583333333333 0.38055555555555554 0.019270833333333334 0.025694444444444443
1 0.4322916666666667 0.36666666666666664 0.015104166666666667 0.025694444444444443
1 0.434375 0.3541666666666667 0.013020833333333334 0.021527777777777778
1 0.4375 0.34375 0.0125 0.024305555555555556
1 0.9473958333333333 0.9027777777777778 0.10520833333333333 0.09652777777777778
1 0.9088541666666666 0.7993055555555556 0.09895833333333333 0.07291666666666667
1 0.859375 0.7243055555555555 0.09635416666666667 0.06944444444444445
1 0.8322916666666667 0.6881944444444444 0.08385416666666666 0.06458333333333334
1 0.8161458333333333 0.6590277777777778 0.07916666666666666 0.05347222222222222
1 0.8057291666666667 0.6326388888888889 0.06770833333333333 0.05277777777777778
1 0.7239583333333334 0.5173611111111112 0.06041666666666667 0.04375
1 0.721875 0.5020833333333333 0.0578125 0.03333333333333333
1 0.7088541666666667 0.4847222222222222 0.053125 0.03263888888888889
1 0.6927083333333334 0.47291666666666665 0.05260416666666667 0.035416666666666666
1 0.6854166666666667 0.46458333333333335 0.0515625 0.02847222222222222
1 0.6848958333333334 0.44375 0.046875 0.027777777777777776
1 0.671875 0.43472222222222223 0.040625 0.027083333333333334
1 0.6677083333333333 0.4270833333333333 0.04375 0.022916666666666665
1 0.6614583333333334 0.4173611111111111 0.0390625 0.025
3 0.6546875 0.40902777777777777 0.0375 0.029861111111111113
3 0.634375 0.39375 0.025520833333333333 0.03611111111111111
1 0.7302083333333333 0.4326388888888889 0.03125 0.03680555555555556
1 0.7557291666666667 0.4576388888888889 0.03854166666666667 0.04236111111111111
1 0.058854166666666666 0.4895833333333333 0.06145833333333333 0.04513888888888889
1 0.23229166666666667 0.42430555555555555 0.0296875 0.04097222222222222
1 0.3145833333333333 0.3541666666666667 0.030208333333333334 0.02847222222222222
1 0.3260416666666667 0.3486111111111111 0.026041666666666668 0.027083333333333334
3 0.32916666666666666 0.33611111111111114 0.029166666666666667 0.029861111111111113
1 0.33541666666666664 0.3375 0.024479166666666666 0.025
1 0.3421875 0.3298611111111111 0.019791666666666666 0.022222222222222223
1 0.35052083333333334 0.32083333333333336 0.019791666666666666 0.021527777777777778
3 0.35208333333333336 0.3111111111111111 0.0296875 0.022222222222222223
1 0.4864583333333333 0.3402777777777778 0.013020833333333334 0.027083333333333334
1 0.50625 0.33194444444444443 0.013541666666666667 0.022916666666666665
1 0.4708333333333333 0.325 0.013541666666666667 0.02013888888888889
1 0.47239583333333335 0.29930555555555555 0.011458333333333333 0.019444444444444445
1 0.4875 0.30694444444444446 0.011458333333333333 0.019444444444444445
1 0.5125 0.3145833333333333 0.011979166666666667 0.021527777777777778
1 0.503125 0.29791666666666666 0.0109375 0.019444444444444445
0 0.5229166666666667 0.2673611111111111 0.016145833333333335 0.034027777777777775
0 0.5171875 0.25625 0.0125 0.03263888888888889
3 0.503125 0.2798611111111111 0.009895833333333333 0.02013888888888889
1 0.475 0.28055555555555556 0.011458333333333333 0.014583333333333334
1 0.4875 0.2881944444444444 0.011979166666666667 0.01875
1 0.49166666666666664 0.2708333333333333 0.009895833333333333 0.013888888888888888
1 0.49114583333333334 0.2548611111111111 0.009375 0.013194444444444444
1 0.47708333333333336 0.2673611111111111 0.009375 0.013194444444444444
1 0.47708333333333336 0.2604166666666667 0.008333333333333333 0.011111111111111112
0 0.43333333333333335 0.25625 0.0171875 0.03333333333333333
1 0.403125 0.325 0.014583333333333334 0.024305555555555556
3 0.42552083333333335 0.32708333333333334 0.013541666666666667 0.02847222222222222
1 0.4166666666666667 0.29444444444444445 0.0109375 0.02013888888888889
1 0.44583333333333336 0.3229166666666667 0.011979166666666667 0.024305555555555556
3 0.44635416666666666 0.31319444444444444 0.011458333333333333 0.02013888888888889
1 0.43125 0.29791666666666666 0.013020833333333334 0.022916666666666665
1 0.42135416666666664 0.2826388888888889 0.010416666666666666 0.016666666666666666
1 0.42291666666666666 0.3159722222222222 0.011458333333333333 0.02013888888888889
1 0.39739583333333334 0.3076388888888889 0.013541666666666667 0.021527777777777778
1 0.44895833333333335 0.2798611111111111 0.011979166666666667 0.017361111111111112
1 0.43697916666666664 0.2881944444444444 0.011458333333333333 0.016666666666666666
1 0.3854166666666667 0.3020833333333333 0.015625 0.021527777777777778
1 0.453125 0.2701388888888889 0.010416666666666666 0.014583333333333334
1 0.4479166666666667 0.26458333333333334 0.009895833333333333 0.014583333333333334
1 0.32708333333333334 0.2548611111111111 0.018229166666666668 0.014583333333333334
1 0.3416666666666667 0.26180555555555557 0.015104166666666667 0.019444444444444445
1 0.3541666666666667 0.2534722222222222 0.013020833333333334 0.014583333333333334