1 0.40729166666666666 0.8222222222222222 0.0453125 0.12222222222222222
1 0.020833333333333332 0.6451388888888889 0.041666666666666664 0.059722222222222225
1 0.028125 0.6166666666666667 0.05625 0.05
1 0.03958333333333333 0.59375 0.07708333333333334 0.052083333333333336
1 0.057291666666666664 0.5673611111111111 0.071875 0.052083333333333336
1 0.078125 0.5506944444444445 0.0671875 0.04652777777777778
1 0.09791666666666667 0.5340277777777778 0.04739583333333333 0.03819444444444445
1 0.11822916666666666 0.5041666666666667 0.06770833333333333 0.041666666666666664
1 0.128125 0.49166666666666664 0.06302083333333333 0.04097222222222222
1 0.5229166666666667 0.5354166666666667 0.0296875 0.04722222222222222
1 0.40729166666666666 0.4909722222222222 0.0234375 0.04236111111111111
1 0.359375 0.48333333333333334 0.0234375 0.04097222222222222
1 0.39166666666666666 0.4395833333333333 0.021875 0.04236111111111111
1 0.3265625 0.4527777777777778 0.022916666666666665 0.03680555555555556
1 0.378125 0.33541666666666664 0.013541666666666667 0.022222222222222223
1 0.4036458333333333 0.33611111111111114 0.013541666666666667 0.022222222222222223
1 0.4166666666666667 0.31875 0.0125 0.021527777777777778
1 0.49895833333333334 0.4076388888888889 0.017708333333333333 0.02847222222222222
1 0.4661458333333333 0.3875 0.015625 0.027083333333333334
1 0.4953125 0.38958333333333334 0.017708333333333333 0.022916666666666665
1 0.49166666666666664 0.37222222222222223 0.019270833333333334 0.024305555555555556
1 0.5114583333333333 0.36736111111111114 0.018229166666666668 0.025694444444444443
1 0.5052083333333334 0.3506944444444444 0.016145833333333335 0.025
1 0.48541666666666666 0.35625 0.015625 0.022916666666666665
1 0.4630208333333333 0.36180555555555555 0.014583333333333334 0.024305555555555556
1 0.4583333333333333 0.34791666666666665 0.0140625 0.021527777777777778
1 0.5020833333333333 0.33819444444444446 0.0140625 0.02013888888888889
1 0.4984375 0.31875 0.014583333333333334 0.02013888888888889
1 0.5234375 0.32569444444444445 0.015625 0.01875
3 0.48020833333333335 0.33541666666666664 0.013541666666666667 0.024305555555555556
1 0.459375 0.3333333333333333 0.015104166666666667 0.02013888888888889
1 0.47708333333333336 0.31666666666666665 0.0125 0.01875
3 0.45729166666666665 0.32013888888888886 0.0109375 0.024305555555555556
3 0.4557291666666667 0.3076388888888889 0.011458333333333333 0.01875
1 0.4390625 0.3013888888888889 0.016666666666666666 0.017361111111111112
1 0.4739583333333333 0.3034722222222222 0.011979166666666667 0.01875
1 0.49322916666666666 0.29930555555555555 0.013541666666666667 0.02013888888888889
1 0.5145833333333333 0.3111111111111111 0.0140625 0.01875
1 0.5291666666666667 0.29930555555555555 0.014583333333333334 0.017361111111111112
1 0.5104166666666666 0.29791666666666666 0.013020833333333334 0.017361111111111112
1 0.5026041666666666 0.28888888888888886 0.011458333333333333 0.016666666666666666
1 0.515625 0.28541666666666665 0.022395833333333334 0.017361111111111112
1 0.48802083333333335 0.2881944444444444 0.0125 0.02013888888888889
1 0.46979166666666666 0.28958333333333336 0.011458333333333333 0.016666666666666666
1 0.5536458333333333 0.28541666666666665 0.025 0.016666666666666666
1 0.49270833333333336 0.26319444444444445 0.015104166666666667 0.01597222222222222
1 0.43385416666666665 0.2763888888888889 0.010416666666666666 0.01597222222222222
1 0.38385416666666666 0.2923611111111111 0.0125 0.02013888888888889
3 0.36875 0.28125 0.015104166666666667 0.021527777777777778
1 0.4203125 0.27291666666666664 0.010416666666666666 0.017361111111111112
1 0.4041666666666667 0.26944444444444443 0.009375 0.016666666666666666
1 0.4244791666666667 0.2638888888888889 0.009375 0.014583333333333334
1 0.43854166666666666 0.2638888888888889 0.009895833333333333 0.016666666666666666
1 0.44895833333333335 0.2548611111111111 0.009375 0.01597222222222222
1 0.4192708333333333 0.21180555555555555 0.007291666666666667 0.011805555555555555
1 0.4354166666666667 0.2263888888888889 0.0078125 0.011805555555555555
1 0.409375 0.19236111111111112 0.00625 0.009027777777777777
1 0.4244791666666667 0.1673611111111111 0.004166666666666667 0.008333333333333333
1 0.434375 0.17708333333333334 0.005208333333333333 0.008333333333333333
1 0.440625 0.17777777777777778 0.0046875 0.009027777777777777
1 0.459375 0.22430555555555556 0.007291666666666667 0.011805555555555555
1 0.4744791666666667 0.22013888888888888 0.007291666666666667 0.010416666666666666
1 0.4625 0.21180555555555555 0.005729166666666666 0.011111111111111112
1 0.46458333333333335 0.20347222222222222 0.0067708333333333336 0.010416666666666666
1 0.43020833333333336 0.16458333333333333 0.0046875 0.008333333333333333
1 0.890625 0.33541666666666664 0.03333333333333333 0.022222222222222223
1 0.8197916666666667 0.29583333333333334 0.025520833333333333 0.017361111111111112
1 0.859375 0.29097222222222224 0.023958333333333335 0.01875
0 0.9395833333333333 0.2916666666666667 0.0609375 0.044444444444444446