2 0.05677083333333333 0.8868055555555555 0.11302083333333333 0.2263888888888889
1 0.9302083333333333 0.8680555555555556 0.07916666666666666 0.06527777777777778
1 0.8145833333333333 0.8465277777777778 0.07083333333333333 0.07430555555555556
1 0.7994791666666666 0.6611111111111111 0.0265625 0.019444444444444445
1 0.7541666666666667 0.6479166666666667 0.021875 0.027777777777777776
1 0.75 0.7298611111111111 0.03697916666666667 0.03819444444444445
1 0.6765625 0.7194444444444444 0.033854166666666664 0.043055555555555555
1 0.6651041666666667 0.6090277777777777 0.016666666666666666 0.018055555555555554
1 0.703125 0.6229166666666667 0.021354166666666667 0.022222222222222223
1 0.6416666666666667 0.6479166666666667 0.021875 0.022222222222222223
1 0.5994791666666667 0.6284722222222222 0.028125 0.02361111111111111
2 0.26197916666666665 0.6826388888888889 0.059375 0.10972222222222222
2 0.32708333333333334 0.6166666666666667 0.04583333333333333 0.06805555555555555
2 0.3385416666666667 0.66875 0.04635416666666667 0.09513888888888888
2 0.37552083333333336 0.6236111111111111 0.03802083333333333 0.0625
1 0.3963541666666667 0.7243055555555555 0.0234375 0.04722222222222222
1 0.40208333333333335 0.7041666666666667 0.021875 0.035416666666666666
1 0.4041666666666667 0.6888888888888889 0.017708333333333333 0.034027777777777775
2 0.41041666666666665 0.6388888888888888 0.021875 0.041666666666666664
2 0.41875 0.5930555555555556 0.034375 0.08263888888888889
1 0.43697916666666664 0.6173611111111111 0.016145833333333335 0.022222222222222223
1 0.47291666666666665 0.7208333333333333 0.021875 0.04583333333333333
1 0.46927083333333336 0.6993055555555555 0.019270833333333334 0.034027777777777775
1 0.4666666666666667 0.6805555555555556 0.020833333333333332 0.029861111111111113
1 0.4635416666666667 0.6694444444444444 0.016666666666666666 0.03125
1 0.465625 0.6569444444444444 0.016145833333333335 0.027777777777777776
1 0.4640625 0.6486111111111111 0.016145833333333335 0.02361111111111111
1 0.46927083333333336 0.6402777777777777 0.013020833333333334 0.02361111111111111
1 0.465625 0.6236111111111111 0.015625 0.020833333333333332
1 0.47552083333333334 0.6166666666666667 0.0125 0.019444444444444445
1 0.48072916666666665 0.6118055555555556 0.0125 0.018055555555555554
1 0.4630208333333333 0.6076388888888888 0.009375 0.020833333333333332
1 0.44583333333333336 0.6104166666666667 0.0109375 0.020833333333333332