1 0.54375 0.9506944444444444 0.052083333333333336 0.09791666666666667
1 0.7859375 0.725 0.096875 0.08680555555555555
1 0.7333333333333333 0.5895833333333333 0.08125 0.06111111111111111
1 0.715625 0.3840277777777778 0.0375 0.05763888888888889
1 0.7432291666666667 0.27291666666666664 0.023958333333333335 0.03888888888888889
1 0.7265625 0.24166666666666667 0.034375 0.03888888888888889
1 0.5197916666666667 0.6354166666666666 0.041666666666666664 0.10347222222222222
1 0.0328125 0.5722222222222222 0.051041666666666666 0.09652777777777778
1 0.08802083333333334 0.575 0.04479166666666667 0.08680555555555555
1 0.16145833333333334 0.5298611111111111 0.08125 0.06666666666666667
1 0.190625 0.48055555555555557 0.07291666666666667 0.05347222222222222
1 0.2125 0.4423611111111111 0.06458333333333334 0.04791666666666667
1 0.23541666666666666 0.4131944444444444 0.06666666666666667 0.04791666666666667
2 0.34427083333333336 0.44166666666666665 0.06145833333333333 0.12430555555555556
1 0.44427083333333334 0.5333333333333333 0.03229166666666667 0.08888888888888889
1 0.49947916666666664 0.5083333333333333 0.03229166666666667 0.07569444444444444
1 0.33541666666666664 0.33055555555555555 0.03125 0.04236111111111111
1 0.3515625 0.36180555555555555 0.034375 0.05763888888888889
1 0.3255208333333333 0.25277777777777777 0.026041666666666668 0.035416666666666666
1 0.3072916666666667 0.22847222222222222 0.027083333333333334 0.035416666666666666
1 0.4005208333333333 0.2465277777777778 0.023958333333333335 0.04097222222222222
1 0.41302083333333334 0.2111111111111111 0.023958333333333335 0.03333333333333333
1 0.4432291666666667 0.175 0.021875 0.027777777777777776
1 0.4395833333333333 0.15069444444444444 0.01875 0.027777777777777776
1 0.4473958333333333 0.1326388888888889 0.015625 0.024305555555555556
1 0.43854166666666666 0.10069444444444445 0.022916666666666665 0.02013888888888889
3 0.459375 0.1 0.014583333333333334 0.025694444444444443
1 0.4828125 0.04236111111111111 0.011458333333333333 0.01875
1 0.4765625 0.004861111111111111 0.019791666666666666 0.009027777777777777
1 0.5234375 0.07152777777777777 0.011458333333333333 0.02013888888888889
1 0.559375 0.007638888888888889 0.008333333333333333 0.014583333333333334
1 0.5171875 0.33819444444444446 0.026041666666666668 0.04652777777777778
1 0.546875 0.23819444444444443 0.01875 0.03888888888888889
1 0.5807291666666666 0.2298611111111111 0.017708333333333333 0.03333333333333333
1 0.6171875 0.24513888888888888 0.019791666666666666 0.035416666666666666
1 0.578125 0.15486111111111112 0.014583333333333334 0.027777777777777776
1 0.6067708333333334 0.1798611111111111 0.015625 0.025694444444444443
1 0.6354166666666666 0.1909722222222222 0.01875 0.03333333333333333
1 0.6458333333333334 0.2076388888888889 0.04375 0.03680555555555556
1 0.5994791666666667 0.09444444444444444 0.011458333333333333 0.01875
1 0.6177083333333333 0.04791666666666667 0.020833333333333332 0.014583333333333334
1 0.6177083333333333 0.04097222222222222 0.025 0.014583333333333334
1 0.5755208333333334 0.00625 0.009375 0.0125
1 0.603125 0.013888888888888888 0.008333333333333333 0.013194444444444444
1 0.5921875 0.029861111111111113 0.009375 0.014583333333333334
1 0.5911458333333334 0.01875 0.009375 0.014583333333333334
1 0.5869791666666667 0.004861111111111111 0.015625 0.009027777777777777