1 0.45729166666666665 0.42430555555555555 0.013020833333333334 0.009027777777777777
1 0.46927083333333336 0.4166666666666667 0.005208333333333333 0.010416666666666666
1 0.47708333333333336 0.4013888888888889 0.004166666666666667 0.007638888888888889
1 0.46822916666666664 0.3972222222222222 0.005208333333333333 0.007638888888888889
1 0.475 0.38333333333333336 0.003125 0.00625
1 0.4666666666666667 0.36875 0.0036458333333333334 0.010416666666666666
1 0.4635416666666667 0.3611111111111111 0.0036458333333333334 0.009027777777777777
1 0.4901041666666667 0.40347222222222223 0.005208333333333333 0.011805555555555555
1 0.48854166666666665 0.4166666666666667 0.0036458333333333334 0.011805555555555555
1 0.4864583333333333 0.4270833333333333 0.0109375 0.009027777777777777
1 0.4552083333333333 0.4375 0.005729166666666666 0.009027777777777777
1 0.4557291666666667 0.46805555555555556 0.0067708333333333336 0.013194444444444444
1 0.4479166666666667 0.48333333333333334 0.0125 0.009027777777777777
1 0.4817708333333333 0.44375 0.0067708333333333336 0.011805555555555555
1 0.49270833333333336 0.4423611111111111 0.005729166666666666 0.009027777777777777
3 0.421875 0.51875 0.016666666666666666 0.01597222222222222
1 0.4244791666666667 0.5645833333333333 0.021875 0.013194444444444444
1 0.4317708333333333 0.5048611111111111 0.014583333333333334 0.010416666666666666
1 0.4453125 0.5055555555555555 0.0067708333333333336 0.013194444444444444
1 0.46458333333333335 0.5076388888888889 0.007291666666666667 0.011805555555555555
1 0.478125 0.4930555555555556 0.0067708333333333336 0.013194444444444444
1 0.5223958333333333 0.48333333333333334 0.0140625 0.010416666666666666
1 0.5380208333333333 0.5215277777777778 0.018229166666666668 0.013194444444444444
1 0.55625 0.5215277777777778 0.0109375 0.01597222222222222
1 0.4979166666666667 0.5618055555555556 0.009375 0.01597222222222222
1 0.4953125 0.5201388888888889 0.015625 0.01597222222222222
1 0.49947916666666664 0.5263888888888889 0.007291666666666667 0.016666666666666666
3 0.496875 0.6388888888888888 0.010416666666666666 0.027777777777777776
1 0.5302083333333333 0.6743055555555556 0.0265625 0.020833333333333332
1 0.5270833333333333 0.6833333333333333 0.028125 0.020833333333333332
1 0.5682291666666667 0.7263888888888889 0.033854166666666664 0.025
1 0.5921875 0.7506944444444444 0.03333333333333333 0.025
1 0.5395833333333333 0.8375 0.03802083333333333 0.03263888888888889
1 0.5354166666666667 0.8166666666666667 0.0375 0.027777777777777776
1 0.5348958333333333 0.7868055555555555 0.0375 0.02847222222222222
1 0.4864583333333333 0.9652777777777778 0.019791666666666666 0.05347222222222222
3 0.353125 0.8451388888888889 0.016145833333333335 0.04027777777777778
1 0.32447916666666665 0.96875 0.025 0.05
1 0.2760416666666667 0.9756944444444444 0.04791666666666667 0.03263888888888889
1 0.35989583333333336 0.7326388888888888 0.0359375 0.022222222222222223
1 0.3963541666666667 0.6395833333333333 0.025 0.019444444444444445
1 0.41822916666666665 0.6270833333333333 0.013020833333333334 0.019444444444444445
1 0.4109375 0.5958333333333333 0.021875 0.01597222222222222
3 0.425 0.6055555555555555 0.010416666666666666 0.025
3 0.4552083333333333 0.41180555555555554 0.003125 0.007638888888888889
1 0.459375 0.3923611111111111 0.003125 0.005555555555555556
3 0.44583333333333336 0.45208333333333334 0.0125 0.010416666666666666
3 0.44583333333333336 0.44305555555555554 0.011979166666666667 0.010416666666666666
1 0.4432291666666667 0.47847222222222224 0.011979166666666667 0.010416666666666666
1 0.44114583333333335 0.47291666666666665 0.011979166666666667 0.010416666666666666
3 0.42135416666666664 0.5326388888888889 0.016145833333333335 0.014583333333333334
3 0.4166666666666667 0.5423611111111111 0.015625 0.013194444444444444
1 0.4166666666666667 0.55 0.0140625 0.010416666666666666
1 0.41458333333333336 0.5576388888888889 0.0140625 0.011805555555555555
1 0.5166666666666667 0.4722222222222222 0.007291666666666667 0.009027777777777777
1 0.5098958333333333 0.47152777777777777 0.0067708333333333336 0.009027777777777777
1 0.5234375 0.46111111111111114 0.013020833333333334 0.007638888888888889
1 0.5260416666666666 0.46041666666666664 0.0125 0.010416666666666666
2 0.5380208333333333 0.4888888888888889 0.0109375 0.01597222222222222