1 0.41354166666666664 0.8666666666666667 0.1359375 0.26666666666666666
1 0.515625 0.6826388888888889 0.109375 0.14652777777777778
1 0.5682291666666667 0.575 0.09270833333333334 0.11736111111111111
1 0.321875 0.6048611111111111 0.07447916666666667 0.15833333333333333
1 0.38125 0.3958333333333333 0.05677083333333333 0.08333333333333333
1 0.37447916666666664 0.2833333333333333 0.040625 0.052083333333333336
1 0.31927083333333334 0.2777777777777778 0.0390625 0.05625
1 0.2916666666666667 0.21944444444444444 0.030729166666666665 0.04722222222222222
1 0.31197916666666664 0.175 0.025 0.03125
1 0.2755208333333333 0.18055555555555555 0.027083333333333334 0.03888888888888889
1 0.2682291666666667 0.15555555555555556 0.021875 0.034027777777777775
1 0.2604166666666667 0.1388888888888889 0.019791666666666666 0.03125
1 0.2838541666666667 0.10694444444444444 0.016145833333333335 0.02361111111111111
1 0.296875 0.47291666666666665 0.059375 0.10208333333333333
1 0.2828125 0.39791666666666664 0.049479166666666664 0.0798611111111111
1 0.26927083333333335 0.34097222222222223 0.042708333333333334 0.07083333333333333
1 0.25833333333333336 0.2951388888888889 0.03697916666666667 0.06041666666666667
3 0.23854166666666668 0.25069444444444444 0.028645833333333332 0.06527777777777778
1 0.24479166666666666 0.23194444444444445 0.028125 0.04861111111111111
1 0.22864583333333333 0.18819444444444444 0.0265625 0.03888888888888889
1 0.03697916666666667 0.23402777777777778 0.03177083333333333 0.04722222222222222
1 0.5375 0.29583333333333334 0.046875 0.06111111111111111
1 0.5557291666666667 0.22847222222222222 0.0640625 0.05
1 0.5859375 0.1840277777777778 0.042708333333333334 0.03680555555555556
1 0.6354166666666666 0.1986111111111111 0.052083333333333336 0.041666666666666664
1 0.6541666666666667 0.22430555555555556 0.053125 0.043055555555555555
3 0.5947916666666667 0.33402777777777776 0.06041666666666667 0.06944444444444445
1 0.6161458333333333 0.3784722222222222 0.06770833333333333 0.06944444444444445
1 0.6552083333333333 0.3888888888888889 0.06927083333333334 0.08472222222222223
1 0.5770833333333333 0.1701388888888889 0.04114583333333333 0.03125
1 0.7765625 0.44305555555555554 0.07083333333333333 0.08333333333333333
1 0.8833333333333333 0.4951388888888889 0.0859375 0.09444444444444444
1 0.9578125 0.5076388888888889 0.084375 0.09027777777777778
1 0.95625 0.6305555555555555 0.0875 0.10555555555555556
1 0.23333333333333334 0.08263888888888889 0.0140625 0.018055555555555554
1 0.178125 0.10694444444444444 0.014583333333333334 0.02361111111111111
1 0.190625 0.08333333333333333 0.029166666666666667 0.022222222222222223
3 0.22708333333333333 0.06597222222222222 0.011979166666666667 0.019444444444444445
1 0.23645833333333333 0.06319444444444444 0.009375 0.016666666666666666
1 0.240625 0.05 0.011979166666666667 0.01597222222222222
1 0.19166666666666668 0.03333333333333333 0.008854166666666666 0.011805555555555555
3 0.209375 0.030555555555555555 0.008333333333333333 0.014583333333333334
1 0.23333333333333334 0.03888888888888889 0.007291666666666667 0.011805555555555555
1 0.23020833333333332 0.03194444444444444 0.005729166666666666 0.009027777777777777