1 0.38645833333333335 0.7645833333333333 0.06927083333333334 0.12222222222222222
1 0.31197916666666664 0.8 0.06041666666666667 0.11458333333333333
1 0.20260416666666667 0.6798611111111111 0.04895833333333333 0.10625
1 0.1265625 0.7701388888888889 0.052083333333333336 0.11388888888888889
1 0.041666666666666664 0.9326388888888889 0.0765625 0.13402777777777777
1 0.023958333333333335 0.7826388888888889 0.046875 0.12777777777777777
1 0.03958333333333333 0.6506944444444445 0.050520833333333334 0.09097222222222222
1 0.11770833333333333 0.5854166666666667 0.04479166666666667 0.08819444444444445
1 0.19166666666666668 0.5548611111111111 0.041666666666666664 0.0798611111111111
3 0.25833333333333336 0.5138888888888888 0.03958333333333333 0.07222222222222222
1 0.23645833333333333 0.4625 0.0296875 0.050694444444444445
1 0.1734375 0.40902777777777777 0.030208333333333334 0.052083333333333336
1 0.041666666666666664 0.5548611111111111 0.04114583333333333 0.06875
1 0.0625 0.4847222222222222 0.035416666666666666 0.06041666666666667
1 0.059375 0.43680555555555556 0.0390625 0.05277777777777778
1 0.12291666666666666 0.40902777777777777 0.03333333333333333 0.05486111111111111
1 0.209375 0.3402777777777778 0.028645833333333332 0.04722222222222222
1 0.2375 0.29791666666666666 0.0234375 0.035416666666666666
1 0.1875 0.23541666666666666 0.01875 0.029861111111111113
1 0.1625 0.32916666666666666 0.0203125 0.034027777777777775
1 0.1234375 0.3173611111111111 0.026041666666666668 0.04236111111111111
1 0.06875 0.39375 0.0296875 0.04513888888888889
1 0.0703125 0.35833333333333334 0.026041666666666668 0.03888888888888889
1 0.075 0.32569444444444445 0.026041666666666668 0.03888888888888889
1 0.07864583333333333 0.30069444444444443 0.025 0.029861111111111113
1 0.08645833333333333 0.2743055555555556 0.022395833333333334 0.03680555555555556
1 0.07864583333333333 0.2625 0.021875 0.03611111111111111
1 0.08541666666666667 0.24375 0.019791666666666666 0.027083333333333334
1 0.084375 0.2222222222222222 0.019270833333333334 0.025694444444444443
1 0.08958333333333333 0.20972222222222223 0.017708333333333333 0.027083333333333334
1 0.0875 0.19236111111111112 0.015104166666666667 0.02013888888888889
1 0.0875 0.18125 0.017708333333333333 0.02013888888888889
1 0.09635416666666667 0.17847222222222223 0.013541666666666667 0.017361111111111112
1 0.09635416666666667 0.17152777777777778 0.013541666666666667 0.016666666666666666
1 0.09583333333333334 0.16597222222222222 0.013541666666666667 0.013888888888888888
1 0.09322916666666667 0.15763888888888888 0.014583333333333334 0.016666666666666666
1 0.09635416666666667 0.15 0.016666666666666666 0.022222222222222223
1 0.09583333333333334 0.1423611111111111 0.014583333333333334 0.017361111111111112
1 0.0953125 0.1361111111111111 0.013541666666666667 0.016666666666666666
1 0.11979166666666667 0.2604166666666667 0.021354166666666667 0.03263888888888889
1 0.15052083333333333 0.23055555555555557 0.01875 0.029861111111111113
1 0.15208333333333332 0.20972222222222223 0.017708333333333333 0.025
1 0.17135416666666667 0.18541666666666667 0.014583333333333334 0.022222222222222223
1 0.20572916666666666 0.20625 0.019791666666666666 0.025694444444444443
1 0.19479166666666667 0.1701388888888889 0.018229166666666668 0.027777777777777776
1 0.178125 0.15486111111111112 0.0140625 0.02013888888888889
1 0.18229166666666666 0.13958333333333334 0.011979166666666667 0.017361111111111112
1 0.16302083333333334 0.15902777777777777 0.014583333333333334 0.022916666666666665
1 0.1453125 0.1763888888888889 0.013541666666666667 0.027083333333333334
1 0.11979166666666667 0.20069444444444445 0.018229166666666668 0.027083333333333334
3 0.12291666666666666 0.17291666666666666 0.0140625 0.027083333333333334
1 0.1203125 0.14583333333333334 0.014583333333333334 0.022916666666666665
1 0.17864583333333334 0.12222222222222222 0.011458333333333333 0.016666666666666666
1 0.16041666666666668 0.12569444444444444 0.0125 0.021527777777777778
1 0.13854166666666667 0.12777777777777777 0.011979166666666667 0.01875
1 0.121875 0.11875 0.0109375 0.01597222222222222
1 0.11666666666666667 0.10833333333333334 0.013020833333333334 0.014583333333333334
1 0.13541666666666666 0.10486111111111111 0.011979166666666667 0.01597222222222222
1 0.15416666666666667 0.1111111111111111 0.009375 0.014583333333333334
1 0.15416666666666667 0.09513888888888888 0.0109375 0.01597222222222222
1 0.1375 0.09027777777777778 0.009895833333333333 0.01597222222222222
1 0.11979166666666667 0.08541666666666667 0.008854166666666666 0.013888888888888888
1 0.15104166666666666 0.08333333333333333 0.008333333333333333 0.014583333333333334
1 0.16927083333333334 0.07013888888888889 0.008333333333333333 0.013194444444444444
1 0.165625 0.06527777777777778 0.0078125 0.010416666666666666
1 0.14791666666666667 0.07222222222222222 0.0078125 0.013194444444444444
1 0.13802083333333334 0.07708333333333334 0.008333333333333333 0.014583333333333334
1 0.14166666666666666 0.06458333333333334 0.0067708333333333336 0.013194444444444444
1 0.14375 0.05694444444444444 0.009895833333333333 0.010416666666666666
1 0.13020833333333334 0.06458333333333334 0.008333333333333333 0.011805555555555555
1 0.11666666666666667 0.0625 0.0067708333333333336 0.011805555555555555
1 0.11666666666666667 0.05486111111111111 0.00625 0.008333333333333333
1 0.11614583333333334 0.0763888888888889 0.007291666666666667 0.010416666666666666
1 0.2635416666666667 0.09027777777777778 0.015625 0.01597222222222222
1 0.2703125 0.08541666666666667 0.011458333333333333 0.011111111111111112
1 0.26197916666666665 0.08611111111111111 0.011458333333333333 0.013194444444444444
1 0.26875 0.08402777777777778 0.013020833333333334 0.013888888888888888
3 0.275 0.08680555555555555 0.015104166666666667 0.017361111111111112
1 0.2942708333333333 0.08611111111111111 0.014583333333333334 0.013194444444444444
1 0.30520833333333336 0.08611111111111111 0.013541666666666667 0.013194444444444444
1 0.31979166666666664 0.08333333333333333 0.015104166666666667 0.013194444444444444
2 0.33541666666666664 0.08194444444444444 0.027604166666666666 0.017361111111111112
1 0.359375 0.08263888888888889 0.017708333333333333 0.014583333333333334
1 0.35625 0.0798611111111111 0.015625 0.01597222222222222
1 0.58125 0.06666666666666667 0.011458333333333333 0.011111111111111112
0 0.38333333333333336 0.07708333333333334 0.034895833333333334 0.03263888888888889
1 0.13125 0.05138888888888889 0.0067708333333333336 0.010416666666666666
1 0.13958333333333334 0.04722222222222222 0.007291666666666667 0.009027777777777777
1 0.14010416666666667 0.04375 0.008333333333333333 0.011111111111111112
1 0.13958333333333334 0.03958333333333333 0.0067708333333333336 0.010416666666666666
1 0.14010416666666667 0.034027777777777775 0.005208333333333333 0.009027777777777777
1 0.128125 0.03888888888888889 0.005208333333333333 0.011111111111111112
1 0.12916666666666668 0.03680555555555556 0.00625 0.009027777777777777
1 0.13541666666666666 0.022916666666666665 0.00625 0.009027777777777777
1 0.13333333333333333 0.01597222222222222 0.005208333333333333 0.008333333333333333
1 0.125 0.01597222222222222 0.0046875 0.00625
3 0.128125 0.029861111111111113 0.00625 0.010416666666666666
1 0.1265625 0.027777777777777776 0.005208333333333333 0.009027777777777777
1 0.1265625 0.024305555555555556 0.004166666666666667 0.007638888888888889
1 0.11875 0.03263888888888889 0.0067708333333333336 0.008333333333333333
1 0.11875 0.018055555555555554 0.0067708333333333336 0.008333333333333333
1 0.11145833333333334 0.03888888888888889 0.00625 0.011111111111111112
1 0.1078125 0.030555555555555555 0.00625 0.009027777777777777
1 0.11770833333333333 0.04027777777777778 0.00625 0.010416666666666666
1 0.115625 0.04513888888888889 0.0067708333333333336 0.011805555555555555
1 0.121875 0.04652777777777778 0.0067708333333333336 0.011805555555555555
1 0.115625 0.05138888888888889 0.00625 0.008333333333333333
1 0.115625 0.010416666666666666 0.0046875 0.008333333333333333
1 0.1125 0.007638888888888889 0.004166666666666667 0.007638888888888889
1 0.11354166666666667 0.004166666666666667 0.0046875 0.00625
1 0.10833333333333334 0.009027777777777777 0.0046875 0.007638888888888889
1 0.0609375 0.075 0.010416666666666666 0.014583333333333334
1 0.06458333333333334 0.06875 0.0078125 0.011111111111111112
1 0.06354166666666666 0.06597222222222222 0.0078125 0.011111111111111112
1 0.06770833333333333 0.06319444444444444 0.0078125 0.011111111111111112
1 0.06770833333333333 0.06041666666666667 0.0078125 0.011111111111111112
1 0.06875 0.05555555555555555 0.0078125 0.009027777777777777
1 0.06979166666666667 0.05416666666666667 0.0067708333333333336 0.010416666666666666
1 0.0703125 0.05 0.007291666666666667 0.011111111111111112
1 0.04895833333333333 0.06597222222222222 0.009375 0.013194444444444444
1 0.057291666666666664 0.052083333333333336 0.0078125 0.011805555555555555
1 0.059895833333333336 0.04652777777777778 0.007291666666666667 0.010416666666666666
1 0.065625 0.04236111111111111 0.0078125 0.009027777777777777
1 0.06458333333333334 0.03680555555555556 0.005729166666666666 0.011111111111111112
1 0.06770833333333333 0.034027777777777775 0.0067708333333333336 0.010416666666666666
1 0.07083333333333333 0.029166666666666667 0.005729166666666666 0.008333333333333333
2 0.07239583333333334 0.020833333333333332 0.010416666666666666 0.022916666666666665
1 0.07708333333333334 0.019444444444444445 0.005729166666666666 0.007638888888888889
1 0.07708333333333334 0.011805555555555555 0.0036458333333333334 0.007638888888888889
1 0.06041666666666667 0.004166666666666667 0.0046875 0.00625
1 0.06145833333333333 0.002777777777777778 0.0036458333333333334 0.005555555555555556
1 0.059895833333333336 0.011805555555555555 0.005208333333333333 0.00625
1 0.058854166666666666 0.015277777777777777 0.005208333333333333 0.004861111111111111
1 0.0578125 0.017361111111111112 0.004166666666666667 0.005555555555555556
1 0.051041666666666666 0.016666666666666666 0.0067708333333333336 0.009027777777777777
1 0.03958333333333333 0.029861111111111113 0.00625 0.008333333333333333
1 0.046875 0.03125 0.00625 0.009027777777777777
2 0.05572916666666667 0.03263888888888889 0.011458333333333333 0.017361111111111112
1 0.04895833333333333 0.04652777777777778 0.0078125 0.013194444444444444
1 0.053125 0.043055555555555555 0.00625 0.010416666666666666
1 0.04375 0.03819444444444445 0.0067708333333333336 0.011111111111111112
3 0.040625 0.04097222222222222 0.007291666666666667 0.013888888888888888
1 0.035416666666666666 0.04583333333333333 0.00625 0.011805555555555555
0 0.029166666666666667 0.04722222222222222 0.015104166666666667 0.022222222222222223
1 0.042708333333333334 0.05555555555555555 0.008333333333333333 0.011111111111111112
1 0.03854166666666667 0.06180555555555556 0.0078125 0.013194444444444444
1 0.025 0.059722222222222225 0.008333333333333333 0.011805555555555555
1 0.021875 0.06458333333333334 0.008333333333333333 0.011111111111111112
1 0.01875 0.06875 0.0078125 0.013888888888888888
1 0.008333333333333333 0.06319444444444444 0.008854166666666666 0.011805555555555555
1 0.0125 0.07361111111111111 0.009375 0.01597222222222222
1 0.005208333333333333 0.08402777777777778 0.010416666666666666 0.016666666666666666
1 0.0328125 0.07013888888888889 0.008333333333333333 0.013194444444444444
1 0.043229166666666666 0.07430555555555556 0.009375 0.013888888888888888
1 0.04114583333333333 0.08263888888888889 0.011458333333333333 0.01597222222222222
1 0.0234375 0.08055555555555556 0.010416666666666666 0.014583333333333334
1 0.01875 0.08888888888888889 0.011979166666666667 0.014583333333333334
1 0.03125 0.10069444444444445 0.013020833333333334 0.021527777777777778
1 0.01875 0.12013888888888889 0.013541666666666667 0.01875
1 0.009375 0.14375 0.0171875 0.025
1 0.005208333333333333 0.10902777777777778 0.010416666666666666 0.01875
3 0.11145833333333334 0.021527777777777778 0.005729166666666666 0.009027777777777777