1 0.8958333333333334 0.8319444444444445 0.15833333333333333 0.12708333333333333
1 0.6010416666666667 0.6652777777777777 0.12135416666666667 0.11736111111111111
1 0.4479166666666667 0.4166666666666667 0.0484375 0.1111111111111111
1 0.024479166666666666 0.46805555555555556 0.04895833333333333 0.08333333333333333
1 0.20416666666666666 0.6402777777777777 0.08020833333333334 0.1701388888888889
3 0.2760416666666667 0.6402777777777777 0.07552083333333333 0.19375
1 0.13697916666666668 0.2881944444444444 0.035416666666666666 0.07222222222222222
3 0.37447916666666664 0.21666666666666667 0.04583333333333333 0.10694444444444444
1 0.3453125 0.12777777777777777 0.043229166666666666 0.07569444444444444
1 0.4005208333333333 0.11666666666666667 0.0359375 0.07847222222222222
1 0.41458333333333336 0.050694444444444445 0.03229166666666667 0.06041666666666667