1 0.6505208333333333 0.025 0.016145833333333335 0.013194444444444444
1 0.6609375 0.03611111111111111 0.005729166666666666 0.009027777777777777
1 0.675 0.029861111111111113 0.005729166666666666 0.007638888888888889
1 0.6119791666666666 0.09444444444444444 0.010416666666666666 0.011805555555555555
1 0.5942708333333333 0.11041666666666666 0.009375 0.011805555555555555
1 0.5744791666666667 0.11875 0.010416666666666666 0.013194444444444444
1 0.5645833333333333 0.1076388888888889 0.010416666666666666 0.011805555555555555
0 0.5692708333333333 0.08472222222222223 0.019791666666666666 0.020833333333333332
0 0.5609375 0.08541666666666667 0.020833333333333332 0.019444444444444445
3 0.5453125 0.08333333333333333 0.009375 0.01597222222222222
1 0.5489583333333333 0.11944444444444445 0.0109375 0.014583333333333334
2 0.5307291666666667 0.14027777777777778 0.0140625 0.016666666666666666
1 0.5177083333333333 0.1375 0.010416666666666666 0.01597222222222222
1 0.590625 0.17708333333333334 0.011979166666666667 0.014583333333333334
1 0.5114583333333333 0.19375 0.0140625 0.018055555555555554
1 0.49375 0.16875 0.0140625 0.018055555555555554
3 0.44166666666666665 0.22083333333333333 0.011979166666666667 0.02361111111111111
1 0.425 0.22916666666666666 0.019270833333333334 0.025
1 0.47552083333333334 0.36319444444444443 0.019270833333333334 0.02847222222222222
1 0.5 0.3597222222222222 0.017708333333333333 0.018055555555555554
1 0.49583333333333335 0.37222222222222223 0.0265625 0.022222222222222223
1 0.48125 0.38333333333333336 0.034375 0.025
1 0.4791666666666667 0.39861111111111114 0.030729166666666665 0.02638888888888889
3 0.47708333333333336 0.41388888888888886 0.0265625 0.035416666666666666
3 0.4427083333333333 0.39791666666666664 0.03802083333333333 0.03819444444444445
0 0.41822916666666665 0.3763888888888889 0.03802083333333333 0.05486111111111111
1 0.4359375 0.4263888888888889 0.033854166666666664 0.02361111111111111
3 0.4588541666666667 0.43680555555555556 0.029166666666666667 0.034027777777777775
1 0.42291666666666666 0.4486111111111111 0.0375 0.02638888888888889
1 0.43333333333333335 0.46111111111111114 0.0390625 0.027777777777777776
1 0.415625 0.4861111111111111 0.0390625 0.03125
1 0.403125 0.5131944444444444 0.0390625 0.035416666666666666
1 0.36770833333333336 0.5555555555555556 0.042708333333333334 0.03125
1 0.3921875 0.3194444444444444 0.022916666666666665 0.025
3 0.3692708333333333 0.2763888888888889 0.019270833333333334 0.027777777777777776
3 0.3541666666666667 0.2708333333333333 0.018229166666666668 0.02638888888888889
3 0.3515625 0.2951388888888889 0.021875 0.02638888888888889
3 0.33489583333333334 0.30694444444444446 0.022916666666666665 0.02361111111111111
1 0.3328125 0.28541666666666665 0.028645833333333332 0.019444444444444445
1 0.3255208333333333 0.32708333333333334 0.028125 0.02847222222222222
1 0.2994791666666667 0.34097222222222223 0.028645833333333332 0.03125
1 0.28958333333333336 0.3138888888888889 0.0265625 0.02361111111111111
1 0.31302083333333336 0.39652777777777776 0.030208333333333334 0.035416666666666666
1 0.24427083333333333 0.3548611111111111 0.03229166666666667 0.027777777777777776
1 0.22864583333333333 0.36527777777777776 0.029166666666666667 0.025
3 0.22083333333333333 0.37569444444444444 0.0390625 0.03263888888888889
3 0.1734375 0.40555555555555556 0.04114583333333333 0.035416666666666666
1 0.13958333333333334 0.44166666666666665 0.0265625 0.03125
1 0.15885416666666666 0.4722222222222222 0.03229166666666667 0.041666666666666664
3 0.15572916666666667 0.5201388888888889 0.046875 0.05486111111111111
1 0.00625 0.6722222222222223 0.0125 0.03888888888888889
1 0.021354166666666667 0.6013888888888889 0.042708333333333334 0.03680555555555556
3 0.0515625 0.5548611111111111 0.044270833333333336 0.05347222222222222
1 0.015625 0.5493055555555556 0.030729166666666665 0.03888888888888889
1 0.09791666666666667 0.4701388888888889 0.044270833333333336 0.027777777777777776
3 0.06927083333333334 0.4847222222222222 0.033854166666666664 0.041666666666666664