1 0.12083333333333333 0.044444444444444446 0.016666666666666666 0.018055555555555554
1 0.159375 0.029861111111111113 0.0140625 0.018055555555555554
1 0.196875 0.04861111111111111 0.016666666666666666 0.020833333333333332
1 0.20833333333333334 0.03263888888888889 0.0125 0.01597222222222222
1 0.19270833333333334 0.03333333333333333 0.013020833333333334 0.014583333333333334
1 0.20885416666666667 0.017361111111111112 0.021875 0.016666666666666666
1 0.23541666666666666 0.05 0.013020833333333334 0.016666666666666666
1 0.2557291666666667 0.049305555555555554 0.0125 0.022222222222222223
1 0.30364583333333334 0.050694444444444445 0.014583333333333334 0.020833333333333332
1 0.28802083333333334 0.049305555555555554 0.013020833333333334 0.016666666666666666
1 0.27447916666666666 0.04722222222222222 0.0125 0.018055555555555554
1 0.14635416666666667 0.027777777777777776 0.011979166666666667 0.014583333333333334
1 0.13229166666666667 0.034027777777777775 0.021875 0.013194444444444444
2 0.27291666666666664 0.022916666666666665 0.029166666666666667 0.025
1 0.0125 0.3875 0.025 0.03819444444444445
1 0.04114583333333333 0.3576388888888889 0.06614583333333333 0.035416666666666666
1 0.027083333333333334 0.33541666666666664 0.05364583333333333 0.03819444444444445
1 0.04895833333333333 0.31180555555555556 0.065625 0.035416666666666666
1 0.11041666666666666 0.3736111111111111 0.05416666666666667 0.041666666666666664
1 0.13333333333333333 0.35 0.05 0.034027777777777775
1 0.1125 0.32708333333333334 0.05572916666666667 0.03680555555555556
1 0.1265625 0.30625 0.06041666666666667 0.03819444444444445
1 0.19322916666666667 0.2986111111111111 0.05520833333333333 0.03263888888888889
1 0.18802083333333333 0.3194444444444444 0.046875 0.035416666666666666
1 0.19375 0.3611111111111111 0.0625 0.04722222222222222
3 0.20677083333333332 0.3375 0.052083333333333336 0.044444444444444446
1 0.32864583333333336 0.9395833333333333 0.05416666666666667 0.12013888888888889
1 0.403125 0.8694444444444445 0.043229166666666666 0.14097222222222222
1 0.5458333333333333 0.8958333333333334 0.04791666666666667 0.1375
3 0.5359375 0.6486111111111111 0.03229166666666667 0.10208333333333333
1 0.49114583333333334 0.64375 0.035416666666666666 0.09513888888888888
1 0.525 0.4777777777777778 0.0265625 0.06111111111111111
3 0.4864583333333333 0.49375 0.028645833333333332 0.06666666666666667
1 0.4635416666666667 0.40555555555555556 0.025520833333333333 0.044444444444444446
2 0.40677083333333336 0.44722222222222224 0.0359375 0.12291666666666666
1 0.421875 0.3770833333333333 0.024479166666666666 0.04861111111111111
1 0.4166666666666667 0.27291666666666664 0.019791666666666666 0.041666666666666664
1 0.5223958333333333 0.28541666666666665 0.021354166666666667 0.03263888888888889
3 0.49166666666666664 0.2638888888888889 0.017708333333333333 0.041666666666666664
1 0.5026041666666666 0.2361111111111111 0.015625 0.03263888888888889
3 0.465625 0.25763888888888886 0.022916666666666665 0.05
1 0.46197916666666666 0.23125 0.019270833333333334 0.034027777777777775
1 0.4479166666666667 0.20694444444444443 0.021354166666666667 0.035416666666666666
1 0.40520833333333334 0.20069444444444445 0.030729166666666665 0.027777777777777776
1 0.3265625 0.02361111111111111 0.010416666666666666 0.01597222222222222
1 0.46458333333333335 0.18472222222222223 0.014583333333333334 0.03263888888888889
1 0.45729166666666665 0.15694444444444444 0.014583333333333334 0.02638888888888889
3 0.4432291666666667 0.1388888888888889 0.013020833333333334 0.03125
1 0.4473958333333333 0.1111111111111111 0.0109375 0.02638888888888889
1 0.46822916666666664 0.10416666666666667 0.011979166666666667 0.027777777777777776
2 0.4895833333333333 0.15347222222222223 0.024479166666666666 0.0875
2 0.509375 0.12777777777777777 0.019791666666666666 0.05
1 0.8791666666666667 0.28055555555555556 0.033854166666666664 0.03263888888888889
1 0.9442708333333333 0.2222222222222222 0.035416666666666666 0.02847222222222222
1 0.9380208333333333 0.20555555555555555 0.027083333333333334 0.02847222222222222
1 0.890625 0.20972222222222223 0.0359375 0.029861111111111113
1 0.896875 0.1986111111111111 0.0359375 0.02847222222222222
1 0.8421875 0.21458333333333332 0.0359375 0.03125
1 0.8041666666666667 0.2361111111111111 0.03958333333333333 0.027777777777777776
1 0.7916666666666666 0.21944444444444444 0.033854166666666664 0.02847222222222222
1 0.8088541666666667 0.20416666666666666 0.03697916666666667 0.03125
1 0.7552083333333334 0.2388888888888889 0.03958333333333333 0.02847222222222222
1 0.7479166666666667 0.22430555555555556 0.03697916666666667 0.025
1 0.7369791666666666 0.2111111111111111 0.03333333333333333 0.027777777777777776
1 0.7098958333333333 0.25416666666666665 0.0390625 0.035416666666666666
1 0.7036458333333333 0.2388888888888889 0.03958333333333333 0.027777777777777776
1 0.69375 0.22361111111111112 0.0375 0.03125
1 0.6791666666666667 0.21388888888888888 0.028645833333333332 0.027777777777777776
1 0.628125 0.21875 0.03958333333333333 0.027777777777777776
1 0.5755208333333334 0.21458333333333332 0.0375 0.02638888888888889
1 0.5354166666666667 0.19652777777777777 0.030729166666666665 0.025
1 0.5197916666666667 0.06111111111111111 0.010416666666666666 0.018055555555555554
1 0.5057291666666667 0.0763888888888889 0.0109375 0.016666666666666666
1 0.4942708333333333 0.09305555555555556 0.011979166666666667 0.020833333333333332
1 0.49270833333333336 0.06458333333333334 0.011979166666666667 0.019444444444444445
1 0.496875 0.05138888888888889 0.008333333333333333 0.019444444444444445
1 0.5057291666666667 0.03958333333333333 0.007291666666666667 0.016666666666666666
1 0.5026041666666666 0.02847222222222222 0.009375 0.01597222222222222
1 0.50625 0.022916666666666665 0.008333333333333333 0.011805555555555555
1 0.503125 0.011805555555555555 0.005729166666666666 0.013194444444444444
1 0.49322916666666666 0.034027777777777775 0.008333333333333333 0.013194444444444444
1 0.49270833333333336 0.02013888888888889 0.007291666666666667 0.016666666666666666
1 0.49270833333333336 0.006944444444444444 0.005729166666666666 0.011805555555555555
1 0.49270833333333336 0.005555555555555556 0.010416666666666666 0.011111111111111112
1 0.5036458333333333 0.005555555555555556 0.007291666666666667 0.011111111111111112
1 0.5171875 0.016666666666666666 0.0067708333333333336 0.016666666666666666
1 0.5161458333333333 0.00625 0.009375 0.0125
1 0.47291666666666665 0.08680555555555555 0.008854166666666666 0.019444444444444445
1 0.4510416666666667 0.08611111111111111 0.0140625 0.02361111111111111
1 0.4583333333333333 0.075 0.0109375 0.019444444444444445
1 0.471875 0.05486111111111111 0.0109375 0.01597222222222222
1 0.478125 0.03958333333333333 0.009375 0.014583333333333334
1 0.4796875 0.034027777777777775 0.009375 0.018055555555555554
2 0.47708333333333336 0.016666666666666666 0.011979166666666667 0.03263888888888889
1 0.4578125 0.05486111111111111 0.0109375 0.018055555555555554
1 0.4630208333333333 0.04236111111111111 0.0109375 0.011805555555555555
0 0.4578125 0.024305555555555556 0.0140625 0.029861111111111113
1 0.46197916666666666 0.021527777777777778 0.010416666666666666 0.014583333333333334
1 0.4609375 0.00625 0.008854166666666666 0.010416666666666666