1 0.20520833333333333 0.76875 0.016666666666666666 0.024305555555555556
1 0.20625 0.7611111111111111 0.0171875 0.024305555555555556
1 0.21822916666666667 0.7520833333333333 0.015625 0.017361111111111112
1 0.21510416666666668 0.7423611111111111 0.015625 0.016666666666666666
1 0.2484375 0.7194444444444444 0.008333333333333333 0.022222222222222223
1 0.5 0.9486111111111111 0.026041666666666668 0.07152777777777777
1 0.4484375 0.9569444444444445 0.03229166666666667 0.075
1 0.40677083333333336 0.9631944444444445 0.034375 0.06944444444444445
1 0.4270833333333333 0.8145833333333333 0.027083333333333334 0.052083333333333336
1 0.471875 0.7743055555555556 0.025520833333333333 0.049305555555555554
1 0.44635416666666666 0.7263888888888889 0.023958333333333335 0.03958333333333333
1 0.48541666666666666 0.7145833333333333 0.020833333333333332 0.03888888888888889
1 0.5270833333333333 0.8055555555555556 0.021354166666666667 0.044444444444444446
1 0.5145833333333333 0.7534722222222222 0.021354166666666667 0.044444444444444446
1 0.5104166666666666 0.7048611111111112 0.0203125 0.044444444444444446
1 0.46510416666666665 0.6611111111111111 0.019791666666666666 0.03333333333333333
1 0.5104166666666666 0.6222222222222222 0.01875 0.025694444444444443
1 0.5239583333333333 0.5638888888888889 0.016145833333333335 0.024305555555555556
1 0.5052083333333334 0.6618055555555555 0.018229166666666668 0.03263888888888889
1 0.47239583333333335 0.60625 0.017708333333333333 0.025694444444444443
1 0.45677083333333335 0.5798611111111112 0.017708333333333333 0.02847222222222222
1 0.484375 0.5784722222222223 0.0171875 0.02847222222222222
1 0.32708333333333334 0.7701388888888889 0.030729166666666665 0.05555555555555555
1 0.378125 0.7013888888888888 0.0234375 0.04722222222222222
1 0.403125 0.6326388888888889 0.021354166666666667 0.034027777777777775
1 0.42291666666666666 0.5604166666666667 0.016666666666666666 0.03263888888888889
1 0.40208333333333335 0.5576388888888889 0.0171875 0.030555555555555555
1 0.35625 0.6791666666666667 0.0234375 0.03819444444444445
1 0.34791666666666665 0.6444444444444445 0.021875 0.03680555555555556
1 0.2390625 0.7847222222222222 0.034375 0.05277777777777778
1 0.253125 0.9493055555555555 0.049479166666666664 0.09375
1 0.284375 0.6993055555555555 0.0265625 0.03888888888888889
1 0.2630208333333333 0.7333333333333333 0.030208333333333334 0.044444444444444446
1 0.55625 0.45694444444444443 0.019270833333333334 0.017361111111111112
1 0.5578125 0.43819444444444444 0.020833333333333332 0.013194444444444444
3 0.5583333333333333 0.4284722222222222 0.0234375 0.016666666666666666
3 0.46458333333333335 0.8541666666666666 0.028125 0.06388888888888888
1 0.6494791666666667 0.5930555555555556 0.017708333333333333 0.030555555555555555
1 0.6520833333333333 0.6340277777777777 0.021354166666666667 0.04375
1 0.6760416666666667 0.59375 0.025 0.03958333333333333
1 0.5447916666666667 0.5854166666666667 0.0171875 0.027083333333333334
1 0.5447916666666667 0.5472222222222223 0.0067708333333333336 0.013194444444444444
1 0.5557291666666667 0.5479166666666667 0.00625 0.013888888888888888
1 0.509375 0.8833333333333333 0.0265625 0.059027777777777776
0 0.5072916666666667 0.5243055555555556 0.0234375 0.06319444444444444
1 0.5135416666666667 0.4951388888888889 0.013020833333333334 0.021527777777777778
1 0.5104166666666666 0.46875 0.010416666666666666 0.02013888888888889
1 0.5354166666666667 0.4409722222222222 0.009895833333333333 0.016666666666666666
1 0.45 0.47708333333333336 0.010416666666666666 0.02013888888888889
1 0.4583333333333333 0.4409722222222222 0.011979166666666667 0.021527777777777778
1 0.47604166666666664 0.4826388888888889 0.013020833333333334 0.01875
1 0.475 0.4673611111111111 0.010416666666666666 0.01875
1 0.48125 0.44375 0.0109375 0.017361111111111112
1 0.41354166666666664 0.44513888888888886 0.013020833333333334 0.022222222222222223
0 0.43020833333333336 0.44027777777777777 0.01875 0.041666666666666664
1 0.45260416666666664 0.4263888888888889 0.0125 0.013888888888888888
1 0.48020833333333335 0.4548611111111111 0.0109375 0.01597222222222222
1 0.48333333333333334 0.43125 0.009895833333333333 0.014583333333333334
0 0.5197916666666667 0.43680555555555556 0.013020833333333334 0.035416666666666666