1 0.4171875 0.20416666666666666 0.005208333333333333 0.01597222222222222
1 0.4015625 0.20902777777777778 0.013020833333333334 0.007638888888888889
1 0.403125 0.20555555555555555 0.009375 0.00625
3 0.39375 0.21388888888888888 0.018229166666666668 0.014583333333333334
1 0.4265625 0.21319444444444444 0.005729166666666666 0.007638888888888889
1 0.3963541666666667 0.24375 0.007291666666666667 0.009027777777777777
1 0.3671875 0.26458333333333334 0.008333333333333333 0.011805555555555555
2 0.378125 0.25416666666666665 0.029166666666666667 0.016666666666666666
3 0.378125 0.27361111111111114 0.013020833333333334 0.025
1 0.4015625 0.275 0.010416666666666666 0.016666666666666666
1 0.428125 0.25833333333333336 0.008333333333333333 0.011805555555555555
3 0.43385416666666665 0.3055555555555556 0.010416666666666666 0.020833333333333332
1 0.35260416666666666 0.29305555555555557 0.025520833333333333 0.01597222222222222
3 0.47239583333333335 0.20625 0.0036458333333333334 0.007638888888888889
1 0.45989583333333334 0.22916666666666666 0.0067708333333333336 0.011805555555555555
1 0.4609375 0.25763888888888886 0.007291666666666667 0.010416666666666666
1 0.46197916666666666 0.2833333333333333 0.010416666666666666 0.016666666666666666
1 0.47552083333333334 0.2611111111111111 0.007291666666666667 0.014583333333333334
1 0.4791666666666667 0.28194444444444444 0.008854166666666666 0.014583333333333334
1 0.48072916666666665 0.3104166666666667 0.011979166666666667 0.016666666666666666
1 0.4828125 0.3388888888888889 0.0125 0.02361111111111111
1 0.48385416666666664 0.2125 0.005729166666666666 0.009027777777777777
1 0.49166666666666664 0.21458333333333332 0.005208333333333333 0.007638888888888889
1 0.4979166666666667 0.22083333333333333 0.0109375 0.010416666666666666
2 0.49947916666666664 0.2375 0.010416666666666666 0.016666666666666666
1 0.4973958333333333 0.25416666666666665 0.008333333333333333 0.011805555555555555
2 0.49895833333333334 0.2652777777777778 0.009375 0.01597222222222222
3 0.53125 0.2534722222222222 0.015625 0.01597222222222222
1 0.5125 0.2520833333333333 0.016145833333333335 0.01597222222222222
1 0.5088541666666667 0.2791666666666667 0.010416666666666666 0.014583333333333334
1 0.5203125 0.28194444444444444 0.0109375 0.014583333333333334
1 0.521875 0.2916666666666667 0.008854166666666666 0.01597222222222222
1 0.5375 0.2798611111111111 0.014583333333333334 0.01597222222222222
1 0.5432291666666667 0.26666666666666666 0.007291666666666667 0.013194444444444444
1 0.553125 0.26666666666666666 0.008854166666666666 0.013194444444444444
1 0.5567708333333333 0.2798611111111111 0.017708333333333333 0.01597222222222222
3 0.7046875 0.2659722222222222 0.015625 0.014583333333333334
2 0.7197916666666667 0.26944444444444443 0.030729166666666665 0.020833333333333332
2 0.7177083333333333 0.28055555555555556 0.03229166666666667 0.022222222222222223
3 0.7005208333333334 0.28541666666666665 0.0109375 0.014583333333333334
3 0.6822916666666666 0.2673611111111111 0.008854166666666666 0.011805555555555555
2 0.6833333333333333 0.29375 0.0234375 0.03819444444444445
1 0.553125 0.3034722222222222 0.017708333333333333 0.01597222222222222
1 0.5645833333333333 0.3138888888888889 0.0234375 0.01597222222222222
3 0.5692708333333333 0.3055555555555556 0.019270833333333334 0.016666666666666666
1 0.5744791666666667 0.33541666666666664 0.030729166666666665 0.022222222222222223
1 0.5947916666666667 0.3645833333333333 0.025 0.02361111111111111
3 0.6041666666666666 0.42986111111111114 0.028125 0.041666666666666664
1 0.5713541666666667 0.4340277777777778 0.020833333333333332 0.03680555555555556
3 0.6291666666666667 0.4875 0.035416666666666666 0.03680555555555556
1 0.6541666666666667 0.5041666666666667 0.050520833333333334 0.03263888888888889
1 0.6578125 0.5263888888888889 0.05520833333333333 0.04027777777777778
3 0.6083333333333333 0.5215277777777778 0.025520833333333333 0.04722222222222222
1 0.6515625 0.6659722222222222 0.044270833333333336 0.06111111111111111
3 0.7026041666666667 0.6041666666666666 0.07864583333333333 0.05763888888888889
1 0.7067708333333333 0.6291666666666667 0.06302083333333333 0.04861111111111111
1 0.7161458333333334 0.6583333333333333 0.06041666666666667 0.05347222222222222
3 0.734375 0.6743055555555556 0.06822916666666666 0.06805555555555555
1 0.8307291666666666 0.8194444444444444 0.08072916666666667 0.09166666666666666
3 0.278125 0.3138888888888889 0.030208333333333334 0.02638888888888889
1 0.39166666666666666 0.4388888888888889 0.019791666666666666 0.03263888888888889
1 0.33125 0.5020833333333333 0.024479166666666666 0.044444444444444446
1 0.26927083333333335 0.5284722222222222 0.050520833333333334 0.04861111111111111
1 0.2598958333333333 0.3840277777777778 0.0375 0.02638888888888889
1 0.2682291666666667 0.4375 0.053125 0.027777777777777776
1 0.26666666666666666 0.45 0.05364583333333333 0.034027777777777775
1 0.25052083333333336 0.46319444444444446 0.0515625 0.03263888888888889
1 0.25104166666666666 0.48333333333333334 0.05364583333333333 0.034027777777777775
3 0.20677083333333332 0.5868055555555556 0.0640625 0.06041666666666667
3 0.109375 0.7111111111111111 0.08229166666666667 0.07569444444444444
1 0.10677083333333333 0.6618055555555555 0.058854166666666666 0.07708333333333334
1 0.12291666666666666 0.8513888888888889 0.06979166666666667 0.1111111111111111
1 0.053125 0.9625 0.10625 0.07222222222222222