1 0.8635416666666667 0.8805555555555555 0.0859375 0.1527777777777778
1 0.7505208333333333 0.5548611111111111 0.044270833333333336 0.07708333333333334
1 0.715625 0.4618055555555556 0.03802083333333333 0.06388888888888888
1 0.6380208333333334 0.25416666666666665 0.018229166666666668 0.027777777777777776
1 0.575 0.32083333333333336 0.021875 0.03819444444444445
1 0.5182291666666666 0.23819444444444443 0.019270833333333334 0.034027777777777775
1 0.47760416666666666 0.34097222222222223 0.022916666666666665 0.04722222222222222
1 0.453125 0.28958333333333336 0.021354166666666667 0.04027777777777778
1 0.40572916666666664 0.3659722222222222 0.0265625 0.052083333333333336
1 0.3921875 0.41388888888888886 0.030208333333333334 0.050694444444444445
1 0.434375 0.4625 0.029166666666666667 0.06805555555555555
1 0.37447916666666664 0.5201388888888889 0.03958333333333333 0.07847222222222222
1 0.33697916666666666 0.6569444444444444 0.0484375 0.10347222222222222
1 0.10677083333333333 0.85625 0.08333333333333333 0.15416666666666667
1 0.04114583333333333 0.975 0.0765625 0.05
3 0.17447916666666666 0.6791666666666667 0.065625 0.12708333333333333
1 0.22760416666666666 0.5472222222222223 0.05364583333333333 0.08263888888888889
1 0.2713541666666667 0.4444444444444444 0.03802083333333333 0.06041666666666667
1 0.2953125 0.39791666666666664 0.03333333333333333 0.05347222222222222
1 0.32447916666666665 0.3145833333333333 0.0265625 0.050694444444444445
1 0.35572916666666665 0.24791666666666667 0.022916666666666665 0.043055555555555555
1 0.43697916666666664 0.1763888888888889 0.024479166666666666 0.02638888888888889
1 0.490625 0.16944444444444445 0.030729166666666665 0.027777777777777776
1 0.5192708333333333 0.18055555555555555 0.03229166666666667 0.02638888888888889
1 0.48333333333333334 0.13958333333333334 0.0125 0.02361111111111111
1 0.46458333333333335 0.1326388888888889 0.0125 0.025
1 0.5921875 0.1326388888888889 0.0125 0.022222222222222223
1 0.5833333333333334 0.10138888888888889 0.013020833333333334 0.022222222222222223
1 0.5380208333333333 0.10347222222222222 0.011979166666666667 0.018055555555555554
1 0.5348958333333333 0.06527777777777778 0.008333333333333333 0.018055555555555554
1 0.49114583333333334 0.0875 0.010416666666666666 0.018055555555555554
1 0.4744791666666667 0.10555555555555556 0.0109375 0.019444444444444445
1 0.46041666666666664 0.09097222222222222 0.0109375 0.019444444444444445
1 0.48489583333333336 0.07222222222222222 0.008333333333333333 0.01597222222222222
1 0.48541666666666666 0.05694444444444444 0.008854166666666666 0.014583333333333334
1 0.4864583333333333 0.021527777777777778 0.0067708333333333336 0.011805555555555555
1 0.4973958333333333 0.027083333333333334 0.0067708333333333336 0.011805555555555555
1 0.4942708333333333 0.007638888888888889 0.005208333333333333 0.010416666666666666
1 0.42291666666666666 0.0875 0.009375 0.01597222222222222