1 0.346875 0.8979166666666667 0.04791666666666667 0.12569444444444444
2 0.39479166666666665 0.5368055555555555 0.035416666666666666 0.11458333333333333
1 0.4421875 0.44166666666666665 0.015625 0.024305555555555556
1 0.3078125 0.41388888888888886 0.021875 0.016666666666666666
1 0.440625 0.4083333333333333 0.014583333333333334 0.024305555555555556
1 0.4703125 0.5326388888888889 0.019791666666666666 0.03125
1 0.5229166666666667 0.45902777777777776 0.027083333333333334 0.025694444444444443
1 0.5213541666666667 0.4166666666666667 0.021875 0.022222222222222223
1 0.44427083333333334 0.35 0.009375 0.014583333333333334
1 0.434375 0.33541666666666664 0.008333333333333333 0.011111111111111112
1 0.4479166666666667 0.3388888888888889 0.008333333333333333 0.011111111111111112
3 0.446875 0.3284722222222222 0.00625 0.013194444444444444
2 0.46927083333333336 0.35625 0.011458333333333333 0.024305555555555556