2 0.7067708333333333 0.6791666666666667 0.290625 0.1423611111111111
2 0.6546875 0.6361111111111111 0.26979166666666665 0.12430555555555556
2 0.8927083333333333 0.6388888888888888 0.21197916666666666 0.12708333333333333
2 0.9083333333333333 0.9076388888888889 0.18333333333333332 0.16597222222222222
1 0.2713541666666667 0.2611111111111111 0.017708333333333333 0.020833333333333332
1 0.32083333333333336 0.35347222222222224 0.017708333333333333 0.03263888888888889
1 0.3692708333333333 0.2951388888888889 0.027083333333333334 0.02638888888888889
1 0.3703125 0.2798611111111111 0.0125 0.01597222222222222
2 0.38697916666666665 0.26180555555555557 0.0375 0.035416666666666666
1 0.48020833333333335 0.5284722222222222 0.05572916666666667 0.04027777777777778
1 0.5859375 0.5263888888888889 0.057291666666666664 0.04861111111111111
1 0.559375 0.4548611111111111 0.04635416666666667 0.03680555555555556
1 0.453125 0.5041666666666667 0.04583333333333333 0.04861111111111111
1 0.478125 0.4895833333333333 0.052083333333333336 0.050694444444444445
2 0.4984375 0.4013888888888889 0.16458333333333333 0.07847222222222222
2 0.5145833333333333 0.37916666666666665 0.15 0.07083333333333333
1 0.5447916666666667 0.35347222222222224 0.035416666666666666 0.025
1 0.5130208333333334 0.3458333333333333 0.03229166666666667 0.025
2 0.5135416666666667 0.31180555555555556 0.11822916666666666 0.06388888888888888
2 0.50625 0.2743055555555556 0.07552083333333333 0.05
1 0.521875 0.2513888888888889 0.022916666666666665 0.016666666666666666
1 0.5505208333333333 0.25277777777777777 0.021875 0.016666666666666666
1 0.5494791666666666 0.24791666666666667 0.021875 0.014583333333333334