3 0.8401041666666667 0.8083333333333333 0.046875 0.11319444444444444
1 0.5489583333333333 0.5493055555555556 0.052083333333333336 0.03888888888888889
1 0.525 0.5888888888888889 0.052083333333333336 0.044444444444444446
2 0.575 0.5965277777777778 0.075 0.07430555555555556
1 0.6473958333333333 0.5472222222222223 0.04895833333333333 0.03888888888888889
1 0.203125 0.5006944444444444 0.05 0.04652777777777778
3 0.253125 0.5138888888888888 0.05625 0.05347222222222222
1 0.28958333333333336 0.47847222222222224 0.05 0.035416666666666666
1 0.7380208333333333 0.5131944444444444 0.04479166666666667 0.03680555555555556
1 0.7864583333333334 0.53125 0.05 0.04097222222222222
1 0.8765625 0.40069444444444446 0.036458333333333336 0.03125
1 0.9390625 0.38333333333333336 0.034375 0.03333333333333333
1 0.95 0.4 0.0375 0.029861111111111113
1 0.984375 0.3701388888888889 0.03125 0.03333333333333333
3 0.6036458333333333 0.39652777777777776 0.026041666666666668 0.03680555555555556
1 0.5802083333333333 0.41944444444444445 0.035416666666666666 0.03125
2 0.10104166666666667 0.34930555555555554 0.035416666666666666 0.035416666666666666
1 0.14427083333333332 0.78125 0.08229166666666667 0.06666666666666667
1 0.3848958333333333 0.6798611111111111 0.06145833333333333 0.05555555555555555
2 0.2421875 0.6645833333333333 0.228125 0.1701388888888889
2 0.29375 0.6034722222222222 0.21875 0.12569444444444444