1 0.7817708333333333 0.8743055555555556 0.1390625 0.21944444444444444
1 0.5302083333333333 0.6715277777777777 0.08229166666666667 0.15555555555555556
1 0.7369791666666666 0.5847222222222223 0.06041666666666667 0.11388888888888889
1 0.47708333333333336 0.45 0.041666666666666664 0.0798611111111111
1 0.37604166666666666 0.7097222222222223 0.06666666666666667 0.1673611111111111
1 0.47708333333333336 0.3277777777777778 0.03333333333333333 0.06527777777777778
1 0.484375 0.27569444444444446 0.027083333333333334 0.05
1 0.4791666666666667 0.2013888888888889 0.019270833333333334 0.02638888888888889
1 0.4765625 0.17777777777777778 0.019270833333333334 0.02638888888888889
1 0.47760416666666666 0.16319444444444445 0.015625 0.02638888888888889
1 0.47552083333333334 0.15208333333333332 0.015625 0.025
1 0.471875 0.1361111111111111 0.016145833333333335 0.02638888888888889
1 0.5026041666666666 0.12152777777777778 0.0140625 0.020833333333333332
1 0.5083333333333333 0.10208333333333333 0.0140625 0.020833333333333332
1 0.5270833333333333 0.1388888888888889 0.0140625 0.020833333333333332
1 0.5369791666666667 0.19375 0.017708333333333333 0.02847222222222222
1 0.30416666666666664 0.2861111111111111 0.0390625 0.04722222222222222
1 0.4942708333333333 0.08472222222222223 0.008333333333333333 0.01597222222222222
3 0.14635416666666667 0.43125 0.08802083333333334 0.09930555555555555
3 0.4744791666666667 0.075 0.008333333333333333 0.016666666666666666
3 0.47604166666666664 0.06180555555555556 0.008333333333333333 0.016666666666666666
1 0.4515625 0.08125 0.008854166666666666 0.013194444444444444
1 0.453125 0.06111111111111111 0.009375 0.01597222222222222
1 0.4671875 0.058333333333333334 0.009375 0.011805555555555555
1 0.32083333333333336 0.23125 0.025520833333333333 0.041666666666666664
1 0.34375 0.18263888888888888 0.0375 0.025
1 0.36822916666666666 0.14722222222222223 0.021875 0.025
3 0.0390625 0.4826388888888889 0.044270833333333336 0.07291666666666667
3 0.8005208333333333 0.4013888888888889 0.05416666666666667 0.07847222222222222
1 0.48541666666666666 0.05416666666666667 0.007291666666666667 0.009027777777777777
1 0.5015625 0.05555555555555555 0.007291666666666667 0.011805555555555555