3 0.79375 0.6784722222222223 0.07447916666666667 0.13055555555555556
3 0.8619791666666666 0.6416666666666667 0.06979166666666667 0.10972222222222222
1 0.821875 0.5777777777777777 0.0515625 0.06041666666666667
1 0.5135416666666667 0.4215277777777778 0.025520833333333333 0.04583333333333333
1 0.40677083333333336 0.35694444444444445 0.0234375 0.04722222222222222
3 0.2265625 0.56875 0.03802083333333333 0.07847222222222222
1 0.24270833333333333 0.5229166666666667 0.046875 0.0625
1 0.2682291666666667 0.4722222222222222 0.0390625 0.05763888888888889
3 0.31979166666666664 0.34652777777777777 0.04583333333333333 0.044444444444444446
1 0.35052083333333334 0.29097222222222224 0.022916666666666665 0.035416666666666666
1 0.3671875 0.25555555555555554 0.019791666666666666 0.029861111111111113
1 0.38125 0.225 0.018229166666666668 0.02638888888888889
1 0.359375 0.20416666666666666 0.033854166666666664 0.020833333333333332
1 0.415625 0.18611111111111112 0.028645833333333332 0.022222222222222223
1 0.4 0.14166666666666666 0.011979166666666667 0.019444444444444445
1 0.3125 0.3763888888888889 0.029166666666666667 0.05486111111111111
1 0.5354166666666667 0.24861111111111112 0.017708333333333333 0.02638888888888889
1 0.5307291666666667 0.21388888888888888 0.030208333333333334 0.025
1 0.49947916666666664 0.20902777777777778 0.0140625 0.020833333333333332
1 0.5114583333333333 0.18541666666666667 0.0140625 0.020833333333333332
1 0.5083333333333333 0.16111111111111112 0.011979166666666667 0.019444444444444445
1 0.48333333333333334 0.1597222222222222 0.0125 0.020833333333333332
1 0.6494791666666667 0.30625 0.04114583333333333 0.04027777777777778
1 0.6473958333333333 0.28194444444444444 0.028645833333333332 0.027777777777777776
1 0.6192708333333333 0.24375 0.019791666666666666 0.035416666666666666
1 0.39947916666666666 0.12638888888888888 0.010416666666666666 0.016666666666666666
1 0.5083333333333333 0.12430555555555556 0.008854166666666666 0.013194444444444444
1 0.49895833333333334 0.10347222222222222 0.018229166666666668 0.013194444444444444
1 0.5145833333333333 0.10347222222222222 0.017708333333333333 0.013194444444444444
1 0.5072916666666667 0.11597222222222223 0.010416666666666666 0.011805555555555555