1 0.31979166666666664 0.8368055555555556 0.03802083333333333 0.0798611111111111
1 0.42916666666666664 0.8284722222222223 0.029166666666666667 0.06111111111111111
1 0.4671875 0.7881944444444444 0.028125 0.058333333333333334
1 0.4671875 0.9027777777777778 0.03125 0.08541666666666667
1 0.5302083333333333 0.9763888888888889 0.0390625 0.04513888888888889
1 0.15104166666666666 0.9270833333333334 0.049479166666666664 0.0798611111111111
1 0.11354166666666667 0.9798611111111111 0.044270833333333336 0.03819444444444445
1 0.509375 0.7923611111111111 0.023958333333333335 0.05555555555555555
3 0.54375 0.6868055555555556 0.0234375 0.04097222222222222
1 0.5 0.6729166666666667 0.0234375 0.04513888888888889
1 0.47291666666666665 0.6965277777777777 0.021875 0.03958333333333333
1 0.4401041666666667 0.7201388888888889 0.025 0.04236111111111111
1 0.3609375 0.6854166666666667 0.025 0.044444444444444446
1 0.4479166666666667 0.6361111111111111 0.0203125 0.03333333333333333
1 0.4822916666666667 0.6229166666666667 0.01875 0.034027777777777775
1 0.7052083333333333 0.76875 0.03697916666666667 0.07013888888888889
1 0.6885416666666667 0.6923611111111111 0.028645833333333332 0.049305555555555554
1 0.7197916666666667 0.6958333333333333 0.0265625 0.05277777777777778
0 0.309375 0.6784722222222223 0.049479166666666664 0.13333333333333333
1 0.3567708333333333 0.6166666666666667 0.025 0.044444444444444446
1 0.3489583333333333 0.5576388888888889 0.017708333333333333 0.02847222222222222
1 0.375 0.5479166666666667 0.019270833333333334 0.027083333333333334
3 0.4890625 0.5465277777777777 0.017708333333333333 0.025694444444444443
1 0.4661458333333333 0.5368055555555555 0.016666666666666666 0.027083333333333334
1 0.5010416666666667 0.5048611111111111 0.015104166666666667 0.024305555555555556
1 0.44114583333333335 0.5194444444444445 0.015625 0.029861111111111113
1 0.4625 0.5020833333333333 0.0140625 0.022222222222222223
1 0.43854166666666666 0.49444444444444446 0.0140625 0.022222222222222223
1 0.44583333333333336 0.47708333333333336 0.0140625 0.022222222222222223
1 0.5109375 0.45555555555555555 0.0125 0.022222222222222223
0 0.4875 0.4625 0.019270833333333334 0.06041666666666667
1 0.44479166666666664 0.46041666666666664 0.013020833333333334 0.01875
1 0.41041666666666665 0.49722222222222223 0.0140625 0.027777777777777776
1 0.390625 0.4930555555555556 0.016145833333333335 0.027083333333333334
1 0.378125 0.4701388888888889 0.015104166666666667 0.025
1 0.39947916666666666 0.45694444444444443 0.0125 0.025
1 0.38229166666666664 0.43819444444444444 0.013541666666666667 0.021527777777777778
1 0.41875 0.42986111111111114 0.0109375 0.019444444444444445
1 0.41875 0.3993055555555556 0.0109375 0.01875
1 0.4005208333333333 0.41041666666666665 0.011458333333333333 0.016666666666666666
1 0.38385416666666666 0.4076388888888889 0.011458333333333333 0.01875
1 0.4078125 0.37430555555555556 0.010416666666666666 0.016666666666666666
1 0.43645833333333334 0.37222222222222223 0.009375 0.014583333333333334
1 0.41458333333333336 0.3576388888888889 0.008854166666666666 0.013194444444444444
1 0.3953125 0.3590277777777778 0.009375 0.014583333333333334
1 0.43125 0.3527777777777778 0.008854166666666666 0.016666666666666666
1 0.5385416666666667 0.47430555555555554 0.022916666666666665 0.021527777777777778
1 0.5390625 0.4513888888888889 0.026041666666666668 0.019444444444444445
3 0.5380208333333333 0.4395833333333333 0.027083333333333334 0.01875
1 0.49270833333333336 0.43125 0.011458333333333333 0.02013888888888889
1 0.4973958333333333 0.4131944444444444 0.011458333333333333 0.01875
1 0.44895833333333335 0.4423611111111111 0.011979166666666667 0.019444444444444445
1 0.4505208333333333 0.42569444444444443 0.011458333333333333 0.016666666666666666
1 0.45208333333333334 0.41388888888888886 0.0109375 0.014583333333333334
1 0.45416666666666666 0.40208333333333335 0.010416666666666666 0.013888888888888888
1 0.4546875 0.3923611111111111 0.010416666666666666 0.013194444444444444
1 0.5390625 0.4284722222222222 0.022916666666666665 0.016666666666666666
1 0.546875 0.38680555555555557 0.010416666666666666 0.017361111111111112
1 0.46979166666666666 0.3951388888888889 0.009895833333333333 0.017361111111111112
1 0.5005208333333333 0.37569444444444444 0.010416666666666666 0.014583333333333334
0 0.4869791666666667 0.3770833333333333 0.015625 0.03819444444444445
1 0.509375 0.3645833333333333 0.008333333333333333 0.013194444444444444
1 0.5104166666666666 0.35625 0.008333333333333333 0.011111111111111112
1 0.4713541666666667 0.3715277777777778 0.008333333333333333 0.013194444444444444
1 0.4552083333333333 0.38333333333333336 0.009895833333333333 0.013194444444444444
1 0.4588541666666667 0.3645833333333333 0.008333333333333333 0.014583333333333334
1 0.46041666666666664 0.3506944444444444 0.0078125 0.011805555555555555
1 0.4625 0.34097222222222223 0.0078125 0.011111111111111112
1 0.4734375 0.3625 0.008333333333333333 0.013888888888888888
1 0.47291666666666665 0.3548611111111111 0.008854166666666666 0.010416666666666666
0 0.41041666666666665 0.3333333333333333 0.015104166666666667 0.03888888888888889
1 0.43125 0.33125 0.0078125 0.013194444444444444
1 0.4197916666666667 0.32222222222222224 0.0078125 0.011111111111111112
1 0.496875 0.35347222222222224 0.0067708333333333336 0.011805555555555555