1 0.6770833333333334 0.9645833333333333 0.042708333333333334 0.07083333333333333
3 0.6588541666666666 0.8958333333333334 0.03958333333333333 0.0798611111111111
1 0.6203125 0.7944444444444444 0.030208333333333334 0.044444444444444446
1 0.503125 0.8131944444444444 0.028125 0.06527777777777778
1 0.6697916666666667 0.7041666666666667 0.0265625 0.043055555555555555
3 0.6609375 0.6701388888888888 0.019270833333333334 0.04027777777777778
2 0.540625 0.7090277777777778 0.022916666666666665 0.04583333333333333
1 0.44166666666666665 0.7319444444444444 0.0234375 0.04722222222222222
1 0.49322916666666666 0.6631944444444444 0.018229166666666668 0.035416666666666666
1 0.4432291666666667 0.6923611111111111 0.020833333333333332 0.03819444444444445
1 0.453125 0.6270833333333333 0.021354166666666667 0.03263888888888889
1 0.5270833333333333 0.5055555555555555 0.021875 0.019444444444444445
1 0.47552083333333334 0.5631944444444444 0.017708333333333333 0.02638888888888889
3 0.7046875 0.5854166666666667 0.019791666666666666 0.02638888888888889
3 0.6953125 0.55625 0.018229166666666668 0.025
1 0.665625 0.5569444444444445 0.019270833333333334 0.02361111111111111
1 0.7161458333333334 0.55625 0.017708333333333333 0.019444444444444445
1 0.678125 0.5402777777777777 0.028645833333333332 0.022222222222222223
1 0.6197916666666666 0.5069444444444444 0.025 0.018055555555555554
1 0.6322916666666667 0.5048611111111111 0.017708333333333333 0.01597222222222222
1 0.659375 0.5131944444444444 0.024479166666666666 0.016666666666666666
1 0.6619791666666667 0.5076388888888889 0.025520833333333333 0.014583333333333334
1 0.6989583333333333 0.5159722222222223 0.028645833333333332 0.016666666666666666
3 0.69375 0.5069444444444444 0.027083333333333334 0.020833333333333332
1 0.7020833333333333 0.475 0.017708333333333333 0.016666666666666666
0 0.6677083333333333 0.4791666666666667 0.029166666666666667 0.022222222222222223
1 0.6078125 0.47847222222222224 0.021354166666666667 0.01597222222222222
1 0.6197916666666666 0.45902777777777776 0.020833333333333332 0.01597222222222222
1 0.6135416666666667 0.45625 0.016666666666666666 0.01597222222222222
1 0.5869791666666667 0.47152777777777777 0.021354166666666667 0.016666666666666666
1 0.584375 0.4666666666666667 0.019791666666666666 0.01597222222222222
1 0.303125 0.9694444444444444 0.041666666666666664 0.06111111111111111
1 0.3151041666666667 0.9083333333333333 0.0359375 0.07083333333333333
1 0.3296875 0.8319444444444445 0.028645833333333332 0.050694444444444445
1 0.3640625 0.7354166666666667 0.03802083333333333 0.04027777777777778
3 0.3875 0.6541666666666667 0.019270833333333334 0.03819444444444445
1 0.35885416666666664 0.6229166666666667 0.033854166666666664 0.027777777777777776
1 0.3614583333333333 0.6069444444444444 0.0390625 0.027777777777777776
1 0.36354166666666665 0.5930555555555556 0.0390625 0.025
1 0.3703125 0.5840277777777778 0.0359375 0.02361111111111111
1 0.3776041666666667 0.5722222222222222 0.021354166666666667 0.020833333333333332
1 0.36354166666666665 0.5576388888888889 0.03177083333333333 0.025
3 0.3494791666666667 0.5423611111111111 0.03229166666666667 0.034027777777777775
3 0.35625 0.5409722222222222 0.024479166666666666 0.02847222222222222
2 0.33645833333333336 0.5006944444444444 0.030208333333333334 0.02847222222222222
0 0.33958333333333335 0.47847222222222224 0.040625 0.03125
1 0.45416666666666666 0.44027777777777777 0.008854166666666666 0.01597222222222222
1 0.41302083333333334 0.5361111111111111 0.024479166666666666 0.020833333333333332
3 0.5484375 0.4423611111111111 0.014583333333333334 0.014583333333333334
1 0.4869791666666667 0.39375 0.008333333333333333 0.013194444444444444
1 0.49166666666666664 0.37222222222222223 0.005729166666666666 0.011805555555555555
1 0.5328125 0.4284722222222222 0.0125 0.01597222222222222
1 0.5276041666666667 0.4125 0.0140625 0.011805555555555555
2 0.484375 0.34652777777777777 0.0109375 0.01597222222222222