1 0.32135416666666666 0.6715277777777777 0.13229166666666667 0.2076388888888889
3 0.044270833333333336 0.2833333333333333 0.08802083333333334 0.10555555555555556
3 0.028125 0.25 0.05572916666666667 0.10555555555555556
1 0.8947916666666667 0.4708333333333333 0.121875 0.09652777777777778
1 0.9244791666666666 0.37569444444444444 0.115625 0.08263888888888889
1 0.975 0.29305555555555557 0.05 0.07777777777777778
1 0.9609375 0.25555555555555554 0.078125 0.07708333333333334
1 0.5770833333333333 0.39166666666666666 0.09270833333333334 0.13194444444444445
3 0.42864583333333334 0.2534722222222222 0.121875 0.12777777777777777
1 0.7036458333333333 0.2722222222222222 0.06770833333333333 0.09166666666666666
1 0.7307291666666667 0.18263888888888888 0.05 0.07708333333333334
1 0.5088541666666667 0.25625 0.0765625 0.07847222222222222
1 0.9619791666666667 0.0625 0.040625 0.052083333333333336
1 0.9515625 0.013888888888888888 0.03802083333333333 0.027777777777777776
3 0.9166666666666666 0.04236111111111111 0.0390625 0.06666666666666667
1 0.8755208333333333 0.09305555555555556 0.046875 0.06041666666666667
1 0.8151041666666666 0.1451388888888889 0.050520833333333334 0.06527777777777778
1 0.6552083333333333 0.10208333333333333 0.06197916666666667 0.05763888888888889
3 0.678125 0.07708333333333334 0.058854166666666666 0.06805555555555555
1 0.6958333333333333 0.05555555555555555 0.0625 0.059027777777777776
1 0.7369791666666666 0.02638888888888889 0.06041666666666667 0.052083333333333336
1 0.7598958333333333 0.020833333333333332 0.05677083333333333 0.041666666666666664
1 0.7755208333333333 0.014583333333333334 0.0484375 0.02847222222222222