3 0.9442708333333333 0.9493055555555555 0.1109375 0.09930555555555555
1 0.9625 0.8826388888888889 0.075 0.07361111111111111
1 0.9666666666666667 0.7951388888888888 0.06614583333333333 0.09513888888888888
1 0.9515625 0.725 0.071875 0.10069444444444445
1 0.878125 0.7847222222222222 0.0875 0.12430555555555556
1 0.7838541666666666 0.7694444444444445 0.05416666666666667 0.11388888888888889
3 0.703125 0.7506944444444444 0.052083333333333336 0.12430555555555556
3 0.6229166666666667 0.6 0.03697916666666667 0.08611111111111111
1 0.5671875 0.4986111111111111 0.03177083333333333 0.06111111111111111
1 0.49270833333333336 0.6118055555555556 0.03697916666666667 0.08125
1 0.4875 0.47291666666666665 0.030729166666666665 0.0625
1 0.48802083333333335 0.3729166666666667 0.025520833333333333 0.04861111111111111
1 0.47552083333333334 0.30486111111111114 0.0234375 0.044444444444444446
1 0.46458333333333335 0.25972222222222224 0.022916666666666665 0.03819444444444445
1 0.4354166666666667 0.24305555555555555 0.020833333333333332 0.041666666666666664
1 0.4953125 0.21458333333333332 0.021354166666666667 0.03125
1 0.4479166666666667 0.1388888888888889 0.014583333333333334 0.02847222222222222
1 0.4505208333333333 0.10138888888888889 0.014583333333333334 0.025
2 0.45208333333333334 0.06458333333333334 0.015625 0.03819444444444445
2 0.45416666666666666 0.027777777777777776 0.015625 0.03125
1 0.453125 0.01597222222222222 0.010416666666666666 0.01597222222222222
1 0.46927083333333336 0.013888888888888888 0.010416666666666666 0.016666666666666666
2 0.5307291666666667 0.2743055555555556 0.0359375 0.07847222222222222
2 0.5453125 0.31805555555555554 0.03333333333333333 0.07430555555555556
0 0.490625 0.8888888888888888 0.07916666666666666 0.2222222222222222
1 0.39479166666666665 0.8166666666666667 0.0484375 0.13958333333333334
1 0.3255208333333333 0.6951388888888889 0.046875 0.11527777777777778
1 0.4203125 0.5847222222222223 0.04479166666666667 0.1111111111111111
1 0.34739583333333335 0.5555555555555556 0.0375 0.10208333333333333
1 0.4088541666666667 0.41458333333333336 0.033854166666666664 0.07083333333333333
1 0.3770833333333333 0.33194444444444443 0.025 0.03888888888888889
1 0.5989583333333334 0.3729166666666667 0.049479166666666664 0.05347222222222222
1 0.5880208333333333 0.30972222222222223 0.053125 0.03888888888888889
3 0.5057291666666667 0.12638888888888888 0.017708333333333333 0.04027777777777778
1 0.525 0.11805555555555555 0.030729166666666665 0.029861111111111113
1 0.5067708333333333 0.10138888888888889 0.0140625 0.019444444444444445
1 0.5276041666666667 0.1 0.024479166666666666 0.022222222222222223
1 0.5239583333333333 0.08819444444444445 0.024479166666666666 0.019444444444444445
2 0.503125 0.013194444444444444 0.021875 0.02638888888888889
1 0.40572916666666664 0.1673611111111111 0.017708333333333333 0.034027777777777775
1 0.36614583333333334 0.15625 0.03958333333333333 0.027777777777777776
1 0.378125 0.14652777777777778 0.03802083333333333 0.02638888888888889
1 0.3723958333333333 0.13541666666666666 0.030208333333333334 0.019444444444444445
1 0.3885416666666667 0.13055555555555556 0.03333333333333333 0.02361111111111111
1 0.3958333333333333 0.12638888888888888 0.03229166666666667 0.025
1 0.38333333333333336 0.11527777777777778 0.03229166666666667 0.02638888888888889
1 0.3567708333333333 0.10972222222222222 0.033854166666666664 0.02361111111111111
1 0.384375 0.10555555555555556 0.03229166666666667 0.018055555555555554
3 0.38958333333333334 0.09791666666666667 0.034375 0.02847222222222222
1 0.4083333333333333 0.09583333333333334 0.028125 0.022222222222222223
2 0.3963541666666667 0.06875 0.03802083333333333 0.03263888888888889
1 0.396875 0.07777777777777778 0.029166666666666667 0.022222222222222223
1 0.3932291666666667 0.08472222222222223 0.030729166666666665 0.018055555555555554
1 0.3359375 0.08611111111111111 0.014583333333333334 0.02361111111111111
0 0.4234375 0.04236111111111111 0.016145833333333335 0.03263888888888889
3 0.11770833333333333 0.8347222222222223 0.075 0.13958333333333334
1 0.025 0.7388888888888889 0.05 0.12430555555555556
1 0.19270833333333334 0.5951388888888889 0.053125 0.10347222222222222
3 0.06927083333333334 0.13125 0.025520833333333333 0.035416666666666666
1 0.06458333333333334 0.08611111111111111 0.0375 0.02361111111111111
1 0.027083333333333334 0.09513888888888888 0.021875 0.02638888888888889
1 0.0296875 0.12083333333333333 0.021354166666666667 0.029861111111111113
1 0.008333333333333333 0.1486111111111111 0.016145833333333335 0.029861111111111113
1 0.008854166666666666 0.09722222222222222 0.017708333333333333 0.025
1 0.40208333333333335 0.04097222222222222 0.024479166666666666 0.016666666666666666
1 0.3953125 0.030555555555555555 0.019791666666666666 0.016666666666666666
1 0.4041666666666667 0.013888888888888888 0.021354166666666667 0.019444444444444445
2 0.428125 0.021527777777777778 0.015625 0.027777777777777776