1 0.9109375 0.8395833333333333 0.165625 0.11666666666666667
1 0.8505208333333333 0.7604166666666666 0.14479166666666668 0.10555555555555556
1 0.6635416666666667 0.7076388888888889 0.075 0.08125
2 0.5223958333333333 0.7034722222222223 0.059375 0.11458333333333333
1 0.7791666666666667 0.6694444444444444 0.1125 0.07569444444444444
1 0.9598958333333333 0.6638888888888889 0.08020833333333334 0.08333333333333333
1 0.049479166666666664 0.7972222222222223 0.096875 0.13541666666666666
1 0.46041666666666664 0.5111111111111111 0.027083333333333334 0.044444444444444446
1 0.7625 0.5416666666666666 0.041666666666666664 0.05
1 0.7203125 0.5444444444444444 0.040625 0.052083333333333336
2 0.6052083333333333 0.4270833333333333 0.0625 0.06111111111111111