1 0.5401041666666667 0.71875 0.15520833333333334 0.18541666666666667
1 0.4744791666666667 0.5229166666666667 0.13333333333333333 0.14930555555555555
3 0.7057291666666666 0.35555555555555557 0.096875 0.13333333333333333
1 0.146875 0.7361111111111112 0.21041666666666667 0.23541666666666666
3 0.2734375 0.8958333333333334 0.24114583333333334 0.2
1 0.7364583333333333 0.8236111111111111 0.17864583333333334 0.2222222222222222
1 0.7208333333333333 0.22847222222222222 0.090625 0.07291666666666667
1 0.028125 0.2152777777777778 0.05625 0.09166666666666666
1 0.018229166666666668 0.16875 0.036458333333333336 0.07916666666666666
1 0.2869791666666667 0.09305555555555556 0.046875 0.0625
1 0.9078125 0.26805555555555555 0.07708333333333334 0.08888888888888889
3 0.9369791666666667 0.1763888888888889 0.05572916666666667 0.06527777777777778
1 0.9838541666666667 0.15347222222222223 0.03229166666666667 0.07222222222222222
1 0.7395833333333334 0.14444444444444443 0.06041666666666667 0.06388888888888888
1 0.7244791666666667 0.11319444444444444 0.059375 0.050694444444444445