2 0.8411458333333334 0.5270833333333333 0.11302083333333333 0.10208333333333333
3 0.7828125 0.37916666666666665 0.09947916666666666 0.08888888888888889
3 0.690625 0.38333333333333336 0.08958333333333333 0.0798611111111111
1 0.41822916666666665 0.6666666666666666 0.128125 0.11736111111111111
3 0.21666666666666667 0.24166666666666667 0.08385416666666666 0.07291666666666667
1 0.6005208333333333 0.28888888888888886 0.07552083333333333 0.07569444444444444
1 0.10833333333333334 0.11388888888888889 0.06197916666666667 0.05763888888888889
1 0.24114583333333334 0.19166666666666668 0.08229166666666667 0.07222222222222222
3 0.3651041666666667 0.1840277777777778 0.0640625 0.07569444444444444
1 0.434375 0.014583333333333334 0.058333333333333334 0.02847222222222222
1 0.5807291666666666 0.1326388888888889 0.0734375 0.06111111111111111
1 0.8447916666666667 0.13125 0.0734375 0.050694444444444445
1 0.9234375 0.16805555555555557 0.078125 0.05625
1 0.6885416666666667 0.007638888888888889 0.052083333333333336 0.015277777777777777
1 0.6333333333333333 0.010416666666666666 0.04583333333333333 0.020833333333333332