1 0.146875 0.7298611111111111 0.0765625 0.10555555555555556
1 0.103125 0.6055555555555555 0.1234375 0.07083333333333333
1 0.12604166666666666 0.5576388888888889 0.1140625 0.07222222222222222
1 0.15833333333333333 0.49583333333333335 0.10520833333333333 0.050694444444444445
1 0.18958333333333333 0.45555555555555555 0.09635416666666667 0.050694444444444445
0 0.3307291666666667 0.26944444444444443 0.030729166666666665 0.06041666666666667
1 0.3333333333333333 0.22708333333333333 0.033854166666666664 0.025
1 0.4140625 0.23958333333333334 0.014583333333333334 0.025
1 0.36302083333333335 0.21944444444444444 0.0140625 0.02361111111111111
1 0.37395833333333334 0.19444444444444445 0.0140625 0.018055555555555554
1 0.3692708333333333 0.19027777777777777 0.028125 0.016666666666666666
1 0.36354166666666665 0.17291666666666666 0.024479166666666666 0.011805555555555555
1 0.3770833333333333 0.18611111111111112 0.010416666666666666 0.019444444444444445
1 0.9541666666666667 0.6229166666666667 0.09166666666666666 0.06666666666666667
3 0.9354166666666667 0.5652777777777778 0.0875 0.0798611111111111
1 0.8708333333333333 0.5034722222222222 0.08958333333333333 0.06041666666666667
2 0.85 0.5333333333333333 0.10729166666666666 0.07083333333333333
1 0.7598958333333333 0.48819444444444443 0.04635416666666667 0.059027777777777776
1 0.8255208333333334 0.4527777777777778 0.07447916666666667 0.05347222222222222
1 0.6505208333333333 0.3138888888888889 0.034375 0.03125
1 0.5270833333333333 0.24027777777777778 0.016145833333333335 0.02361111111111111
1 0.4244791666666667 0.15902777777777777 0.008854166666666666 0.014583333333333334
1 0.5067708333333333 0.20277777777777778 0.0125 0.018055555555555554
1 0.5015625 0.18888888888888888 0.011979166666666667 0.019444444444444445
1 0.48541666666666666 0.18680555555555556 0.011979166666666667 0.018055555555555554
1 0.4708333333333333 0.19791666666666666 0.011979166666666667 0.016666666666666666
1 0.425 0.1451388888888889 0.007291666666666667 0.013194444444444444
1 0.42916666666666664 0.1326388888888889 0.009375 0.011805555555555555
1 0.42916666666666664 0.12430555555555556 0.007291666666666667 0.010416666666666666
1 0.4390625 0.11527777777777778 0.005729166666666666 0.010416666666666666
3 0.45416666666666666 0.08333333333333333 0.0036458333333333334 0.00625
1 0.4895833333333333 0.15486111111111112 0.008854166666666666 0.014583333333333334
1 0.48125 0.13541666666666666 0.0067708333333333336 0.011805555555555555
1 0.46822916666666664 0.11388888888888889 0.004166666666666667 0.007638888888888889
1 0.4708333333333333 0.10555555555555556 0.0036458333333333334 0.00625
1 0.46822916666666664 0.15 0.008854166666666666 0.014583333333333334
1 0.46927083333333336 0.12638888888888888 0.007291666666666667 0.009027777777777777
3 0.4625 0.1423611111111111 0.007291666666666667 0.013194444444444444
3 0.4666666666666667 0.1388888888888889 0.0067708333333333336 0.013194444444444444
3 0.4630208333333333 0.13402777777777777 0.0067708333333333336 0.011805555555555555
1 0.459375 0.12569444444444444 0.005729166666666666 0.007638888888888889
1 0.625 0.2923611111111111 0.030729166666666665 0.03263888888888889
1 0.603125 0.26875 0.017708333333333333 0.025
1 0.5927083333333333 0.25555555555555554 0.017708333333333333 0.025
1 0.5833333333333334 0.24305555555555555 0.019270833333333334 0.02361111111111111
3 0.5786458333333333 0.22708333333333333 0.016145833333333335 0.027777777777777776
3 0.565625 0.2152777777777778 0.011979166666666667 0.025
3 0.5609375 0.20347222222222222 0.010416666666666666 0.022222222222222223
1 0.553125 0.2 0.011979166666666667 0.018055555555555554
3 0.546875 0.19027777777777777 0.0109375 0.022222222222222223
1 0.5307291666666667 0.14583333333333334 0.015625 0.011805555555555555
1 0.5182291666666666 0.14791666666666667 0.009375 0.013194444444444444
1 0.5432291666666667 0.18194444444444444 0.0234375 0.01597222222222222
1 0.5458333333333333 0.1763888888888889 0.021354166666666667 0.01597222222222222
1 0.534375 0.1701388888888889 0.009375 0.013194444444444444
1 0.5296875 0.16527777777777777 0.009375 0.014583333333333334
1 0.528125 0.15694444444444444 0.0140625 0.010416666666666666