2 0.2359375 0.7916666666666666 0.096875 0.4166666666666667
1 0.23697916666666666 0.5826388888888889 0.044270833333333336 0.0798611111111111
1 0.2890625 0.5166666666666667 0.03802083333333333 0.06111111111111111
1 0.2677083333333333 0.45 0.028125 0.04583333333333333
0 0.22083333333333333 0.45069444444444445 0.041666666666666664 0.10486111111111111
1 0.246875 0.3840277777777778 0.025520833333333333 0.03888888888888889
1 0.2526041666666667 0.3451388888888889 0.021354166666666667 0.034027777777777775
2 0.2015625 0.33611111111111114 0.03958333333333333 0.1361111111111111
1 0.240625 0.26875 0.022916666666666665 0.027777777777777776
1 0.23541666666666666 0.21944444444444444 0.013020833333333334 0.020833333333333332
2 0.11927083333333334 0.36736111111111114 0.0515625 0.12777777777777777
1 0.16354166666666667 0.23194444444444445 0.016666666666666666 0.019444444444444445
2 0.18177083333333333 0.20347222222222222 0.018229166666666668 0.029861111111111113
2 0.11041666666666666 0.19305555555555556 0.050520833333333334 0.04583333333333333
3 0.5322916666666667 0.5826388888888889 0.06770833333333333 0.07708333333333334
1 0.7333333333333333 0.4666666666666667 0.043229166666666666 0.04722222222222222
1 0.365625 0.3215277777777778 0.017708333333333333 0.02847222222222222
1 0.3567708333333333 0.29583333333333334 0.03229166666666667 0.027777777777777776
1 0.3421875 0.3263888888888889 0.027083333333333334 0.022222222222222223
3 0.34270833333333334 0.35 0.0234375 0.035416666666666666