3 0.51875 0.9395833333333333 0.018229166666666668 0.06041666666666667
1 0.3390625 0.9375 0.04583333333333333 0.03888888888888889
1 0.3828125 0.8951388888888889 0.025520833333333333 0.052083333333333336
3 0.39479166666666665 0.8430555555555556 0.021875 0.052083333333333336
1 0.37447916666666664 0.8090277777777778 0.04114583333333333 0.034027777777777775
1 0.5494791666666666 0.8798611111111111 0.04583333333333333 0.041666666666666664
1 0.5166666666666667 0.7256944444444444 0.0140625 0.02847222222222222
1 0.40260416666666665 0.7270833333333333 0.0375 0.02361111111111111
1 0.3880208333333333 0.7131944444444445 0.029166666666666667 0.025
1 0.39114583333333336 0.7013888888888888 0.0265625 0.027777777777777776
1 0.5192708333333333 0.6986111111111111 0.014583333333333334 0.027777777777777776
3 0.3953125 0.6819444444444445 0.022916666666666665 0.025
3 0.5182291666666666 0.6465277777777778 0.0125 0.027777777777777776
1 0.571875 0.6354166666666666 0.0265625 0.020833333333333332
1 0.6005208333333333 0.6375 0.018229166666666668 0.029861111111111113
1 0.5645833333333333 0.6256944444444444 0.030208333333333334 0.022222222222222223
1 0.6005208333333333 0.625 0.028645833333333332 0.018055555555555554
1 0.6072916666666667 0.6125 0.019270833333333334 0.019444444444444445
3 0.4015625 0.6604166666666667 0.028125 0.02638888888888889
3 0.40572916666666664 0.6298611111111111 0.024479166666666666 0.02638888888888889
1 0.44114583333333335 0.6027777777777777 0.013020833333333334 0.020833333333333332
1 0.42083333333333334 0.5979166666666667 0.022916666666666665 0.016666666666666666
1 0.5479166666666667 0.5611111111111111 0.021354166666666667 0.016666666666666666
1 0.446875 0.5569444444444445 0.018229166666666668 0.01597222222222222
1 0.440625 0.55 0.017708333333333333 0.01597222222222222
1 0.5385416666666667 0.5423611111111111 0.0109375 0.01597222222222222
1 0.5296875 0.5395833333333333 0.009375 0.01597222222222222
1 0.5458333333333333 0.5243055555555556 0.015625 0.013194444444444444
1 0.5484375 0.5194444444444445 0.020833333333333332 0.014583333333333334
1 0.45729166666666665 0.5305555555555556 0.010416666666666666 0.018055555555555554
1 0.4734375 0.5263888888888889 0.008854166666666666 0.016666666666666666
1 0.47708333333333336 0.5055555555555555 0.008333333333333333 0.01597222222222222
1 0.49322916666666666 0.5048611111111111 0.009375 0.01597222222222222
1 0.49270833333333336 0.4909722222222222 0.007291666666666667 0.014583333333333334
1 0.5052083333333334 0.48680555555555555 0.007291666666666667 0.011805555555555555
1 0.5041666666666667 0.47708333333333336 0.008854166666666666 0.013194444444444444
1 0.49322916666666666 0.4798611111111111 0.008854166666666666 0.013194444444444444
3 0.4395833333333333 0.5111111111111111 0.016145833333333335 0.018055555555555554
1 0.44427083333333334 0.4930555555555556 0.018229166666666668 0.01597222222222222
1 0.44635416666666666 0.5055555555555555 0.014583333333333334 0.014583333333333334
1 0.4583333333333333 0.48333333333333334 0.008333333333333333 0.014583333333333334
1 0.46979166666666666 0.47847222222222224 0.008854166666666666 0.01597222222222222
1 0.48541666666666666 0.46944444444444444 0.0125 0.013194444444444444
1 0.4942708333333333 0.44930555555555557 0.007291666666666667 0.011805555555555555
1 0.47760416666666666 0.45 0.008333333333333333 0.013194444444444444
1 0.46822916666666664 0.4486111111111111 0.007291666666666667 0.013194444444444444
1 0.4609375 0.44930555555555557 0.005729166666666666 0.011805555555555555
1 0.47760416666666666 0.4395833333333333 0.005208333333333333 0.011805555555555555
1 0.4765625 0.42777777777777776 0.005729166666666666 0.014583333333333334
1 0.48541666666666666 0.42777777777777776 0.005729166666666666 0.011805555555555555
1 0.4947916666666667 0.42986111111111114 0.007291666666666667 0.01597222222222222
1 0.5020833333333333 0.42986111111111114 0.008333333333333333 0.01597222222222222
1 0.4625 0.43333333333333335 0.007291666666666667 0.011805555555555555
1 0.58125 0.46597222222222223 0.016666666666666666 0.011805555555555555
1 0.5744791666666667 0.4597222222222222 0.009375 0.014583333333333334