1 0.10625 0.4423611111111111 0.0875 0.11388888888888889
1 0.3546875 0.6131944444444445 0.12447916666666667 0.11527777777777778
1 0.8755208333333333 0.15486111111111112 0.05364583333333333 0.06666666666666667
1 0.21822916666666667 0.9368055555555556 0.10729166666666666 0.12638888888888888
1 0.7645833333333333 0.55 0.09270833333333334 0.1111111111111111
1 0.8802083333333334 0.225 0.06302083333333333 0.06527777777777778
1 0.9078125 0.3215277777777778 0.06666666666666667 0.07847222222222222
1 0.8364583333333333 0.010416666666666666 0.041666666666666664 0.020833333333333332
1 0.9145833333333333 0.018055555555555554 0.0375 0.03611111111111111
1 0.628125 0.15 0.057291666666666664 0.07847222222222222
1 0.7583333333333333 0.04652777777777778 0.046875 0.043055555555555555
1 0.7838541666666666 0.08402777777777778 0.0484375 0.04861111111111111
1 0.7364583333333333 0.10277777777777777 0.052083333333333336 0.06111111111111111
1 0.6916666666666667 0.3597222222222222 0.071875 0.08125
1 0.6291666666666667 0.33541666666666664 0.07708333333333334 0.08472222222222223
1 0.5822916666666667 0.45 0.09114583333333333 0.10069444444444445