1 0.44583333333333336 0.8659722222222223 0.05260416666666667 0.11875
1 0.43645833333333334 0.6090277777777777 0.0328125 0.06319444444444444
1 0.44583333333333336 0.5284722222222222 0.0265625 0.049305555555555554
1 0.528125 0.46875 0.024479166666666666 0.03888888888888889
1 0.453125 0.47152777777777777 0.0234375 0.03958333333333333
1 0.4005208333333333 0.38055555555555554 0.01875 0.03333333333333333
1 0.46458333333333335 0.4111111111111111 0.019791666666666666 0.03333333333333333
1 0.49375 0.38472222222222224 0.018229166666666668 0.02847222222222222
1 0.5260416666666666 0.38055555555555554 0.019270833333333334 0.029861111111111113
1 0.5223958333333333 0.34930555555555554 0.015625 0.025
1 0.5432291666666667 0.33055555555555555 0.014583333333333334 0.022222222222222223
1 0.5484375 0.35694444444444445 0.016666666666666666 0.025
1 0.49635416666666665 0.35138888888888886 0.014583333333333334 0.022916666666666665
1 0.5390625 0.2798611111111111 0.0125 0.019444444444444445
1 0.44375 0.22777777777777777 0.009895833333333333 0.013194444444444444
1 0.45625 0.22916666666666666 0.008854166666666666 0.011805555555555555
1 0.46979166666666666 0.22847222222222222 0.008854166666666666 0.013888888888888888
1 0.46041666666666664 0.18055555555555555 0.00625 0.009027777777777777
1 0.534375 0.19652777777777777 0.008854166666666666 0.009027777777777777
3 0.490625 0.5729166666666666 0.03177083333333333 0.06180555555555556
3 0.48020833333333335 0.24375 0.022395833333333334 0.01875
3 0.51875 0.31180555555555556 0.0125 0.021527777777777778
3 0.49270833333333336 0.3333333333333333 0.0125 0.029861111111111113
3 0.46979166666666666 0.3423611111111111 0.015625 0.03333333333333333
3 0.4713541666666667 0.21458333333333332 0.007291666666666667 0.016666666666666666
3 0.528125 0.17152777777777778 0.005208333333333333 0.010416666666666666
3 0.9177083333333333 0.26944444444444443 0.0265625 0.01875
3 0.13541666666666666 0.2298611111111111 0.021354166666666667 0.02013888888888889
3 0.1625 0.2298611111111111 0.017708333333333333 0.016666666666666666
3 0.0765625 0.225 0.021875 0.016666666666666666
3 0.025 0.22291666666666668 0.018229166666666668 0.014583333333333334
3 0.020833333333333332 0.21388888888888888 0.016145833333333335 0.014583333333333334
1 0.4666666666666667 0.38333333333333336 0.018229166666666668 0.025694444444444443
1 0.4666666666666667 0.36180555555555555 0.016145833333333335 0.022916666666666665
1 0.47291666666666665 0.3326388888888889 0.013020833333333334 0.022222222222222223
1 0.4739583333333333 0.3194444444444444 0.011979166666666667 0.016666666666666666
1 0.4739583333333333 0.30833333333333335 0.013020833333333334 0.01875
1 0.475 0.2986111111111111 0.013020833333333334 0.01597222222222222
1 0.475 0.2861111111111111 0.010416666666666666 0.014583333333333334
1 0.47760416666666666 0.2798611111111111 0.010416666666666666 0.016666666666666666
1 0.4947916666666667 0.3229166666666667 0.011458333333333333 0.016666666666666666
1 0.496875 0.31319444444444444 0.011979166666666667 0.019444444444444445
1 0.4953125 0.3020833333333333 0.011458333333333333 0.01875
1 0.4979166666666667 0.2916666666666667 0.0109375 0.02013888888888889
1 0.4973958333333333 0.2798611111111111 0.011458333333333333 0.017361111111111112
1 0.5192708333333333 0.33055555555555555 0.014583333333333334 0.025694444444444443
1 0.540625 0.3125 0.013541666666666667 0.021527777777777778
1 0.5182291666666666 0.3055555555555556 0.0125 0.02013888888888889
1 0.5197916666666667 0.29375 0.013020833333333334 0.019444444444444445
1 0.5166666666666667 0.28125 0.011979166666666667 0.022222222222222223
1 0.5270833333333333 0.25763888888888886 0.0234375 0.014583333333333334
1 0.5182291666666666 0.2548611111111111 0.021875 0.016666666666666666
1 0.4390625 0.2465277777777778 0.019791666666666666 0.01597222222222222
1 0.9166666666666666 0.27569444444444446 0.0296875 0.016666666666666666
1 0.634375 0.2548611111111111 0.022395833333333334 0.017361111111111112
1 0.5697916666666667 0.24930555555555556 0.022395833333333334 0.013194444444444444
1 0.5791666666666667 0.25625 0.025520833333333333 0.01597222222222222
1 0.6104166666666667 0.2604166666666667 0.024479166666666666 0.01597222222222222
1 0.3963541666666667 0.24375 0.023958333333333335 0.017361111111111112
1 0.38125 0.24097222222222223 0.022395833333333334 0.013194444444444444
1 0.11927083333333334 0.22777777777777777 0.015625 0.013194444444444444
1 0.096875 0.22916666666666666 0.0140625 0.010416666666666666
1 0.08854166666666667 0.2222222222222222 0.015104166666666667 0.009027777777777777
1 0.09895833333333333 0.22430555555555556 0.015625 0.011805555555555555
1 0.14583333333333334 0.22847222222222222 0.016666666666666666 0.011805555555555555
1 0.030208333333333334 0.21666666666666667 0.013020833333333334 0.011111111111111112
1 0.044270833333333336 0.22569444444444445 0.01875 0.010416666666666666
1 0.6604166666666667 0.9597222222222223 0.06041666666666667 0.08055555555555556
2 0.4270833333333333 0.2520833333333333 0.022916666666666665 0.01875
2 0.5375 0.28541666666666665 0.016145833333333335 0.03333333333333333
0 0.44479166666666664 0.21458333333333332 0.015104166666666667 0.030555555555555555
1 0.45677083333333335 0.22430555555555556 0.007291666666666667 0.011111111111111112
1 0.4583333333333333 0.21736111111111112 0.008854166666666666 0.013194444444444444
1 0.4713541666666667 0.22152777777777777 0.007291666666666667 0.010416666666666666
1 0.4739583333333333 0.20972222222222223 0.0067708333333333336 0.010416666666666666
1 0.475 0.20347222222222222 0.00625 0.009027777777777777
1 0.4609375 0.2125 0.007291666666666667 0.011805555555555555
1 0.4635416666666667 0.19930555555555557 0.005729166666666666 0.009027777777777777
1 0.46770833333333334 0.19236111111111112 0.005729166666666666 0.010416666666666666
1 0.45364583333333336 0.20069444444444445 0.007291666666666667 0.009027777777777777
1 0.44479166666666664 0.19791666666666666 0.010416666666666666 0.008333333333333333
1 0.45 0.2111111111111111 0.0067708333333333336 0.013194444444444444
1 0.46197916666666666 0.20208333333333334 0.007291666666666667 0.011111111111111112
3 0.4744791666666667 0.19791666666666666 0.00625 0.011111111111111112
1 0.47239583333333335 0.17152777777777778 0.005208333333333333 0.008333333333333333