1 0.2942708333333333 0.2777777777777778 0.010416666666666666 0.009027777777777777
1 0.315625 0.2791666666666667 0.009375 0.00625
2 0.34791666666666665 0.24513888888888888 0.016145833333333335 0.019444444444444445
1 0.3614583333333333 0.2611111111111111 0.0067708333333333336 0.00625
1 0.3703125 0.2611111111111111 0.0067708333333333336 0.00625
2 0.31354166666666666 0.32569444444444445 0.0109375 0.02847222222222222
2 0.37083333333333335 0.36527777777777776 0.0234375 0.04583333333333333
1 0.39479166666666665 0.3659722222222222 0.010416666666666666 0.018055555555555554
1 0.33229166666666665 0.42777777777777776 0.016145833333333335 0.019444444444444445
1 0.25104166666666666 0.5402777777777777 0.022916666666666665 0.027777777777777776
1 0.46979166666666666 0.3972222222222222 0.011979166666666667 0.018055555555555554
1 0.284375 0.975 0.057291666666666664 0.05
1 0.24427083333333333 0.8388888888888889 0.035416666666666666 0.05347222222222222
0 0.32708333333333334 0.8298611111111112 0.07864583333333333 0.14930555555555555
3 0.384375 0.9076388888888889 0.049479166666666664 0.09027777777777778
1 0.43697916666666664 0.8972222222222223 0.03333333333333333 0.06666666666666667
1 0.44166666666666665 0.8020833333333334 0.030208333333333334 0.05347222222222222
1 0.3932291666666667 0.8125 0.035416666666666666 0.059027777777777776
1 0.38125 0.7458333333333333 0.03177083333333333 0.050694444444444445
1 0.4270833333333333 0.7277777777777777 0.028645833333333332 0.04583333333333333
1 0.45208333333333334 0.7354166666666667 0.035416666666666666 0.05347222222222222
1 0.41510416666666666 0.6805555555555556 0.025520833333333333 0.035416666666666666
3 0.4432291666666667 0.66875 0.030729166666666665 0.059027777777777776
1 0.4864583333333333 0.6729166666666667 0.025520833333333333 0.041666666666666664
0 0.3802083333333333 0.6652777777777777 0.05416666666666667 0.08611111111111111
1 0.4354166666666667 0.6243055555555556 0.028125 0.03263888888888889
1 0.46979166666666666 0.6347222222222222 0.0234375 0.035416666666666666
1 0.46197916666666666 0.5993055555555555 0.019791666666666666 0.029861111111111113
1 0.4671875 0.5548611111111111 0.021354166666666667 0.029861111111111113
1 0.4828125 0.6027777777777777 0.021354166666666667 0.03125
1 0.48333333333333334 0.5722222222222222 0.019791666666666666 0.02847222222222222
1 0.4973958333333333 0.6229166666666667 0.021354166666666667 0.03263888888888889
1 0.5140625 0.5854166666666667 0.019270833333333334 0.034027777777777775
1 0.49583333333333335 0.5458333333333333 0.019270833333333334 0.027777777777777776
1 0.49270833333333336 0.5277777777777778 0.020833333333333332 0.025
1 0.5098958333333333 0.5069444444444444 0.019791666666666666 0.02638888888888889
2 0.5291666666666667 0.5423611111111111 0.027083333333333334 0.0625
1 0.5119791666666667 0.47638888888888886 0.015625 0.022222222222222223
1 0.5213541666666667 0.4861111111111111 0.019270833333333334 0.02638888888888889
1 0.546875 0.5111111111111111 0.015625 0.02361111111111111
1 0.5333333333333333 0.4965277777777778 0.016145833333333335 0.02361111111111111
1 0.5526041666666667 0.48333333333333334 0.0140625 0.022222222222222223
1 0.5567708333333333 0.4652777777777778 0.013020833333333334 0.020833333333333332
1 0.5244791666666667 0.4395833333333333 0.013020833333333334 0.019444444444444445
1 0.5276041666666667 0.42777777777777776 0.0125 0.01597222222222222
0 0.5395833333333333 0.44722222222222224 0.0234375 0.052083333333333336
2 0.5473958333333333 0.4027777777777778 0.016666666666666666 0.04722222222222222
2 0.5520833333333334 0.3736111111111111 0.016145833333333335 0.044444444444444446
2 0.5640625 0.42777777777777776 0.019270833333333334 0.06041666666666667
2 0.5697916666666667 0.3923611111111111 0.013020833333333334 0.034027777777777775
1 0.5697916666666667 0.3701388888888889 0.010416666666666666 0.020833333333333332
1 0.5604166666666667 0.35555555555555557 0.008854166666666666 0.013194444444444444
1 0.5744791666666667 0.3611111111111111 0.009375 0.01597222222222222
1 0.5666666666666667 0.34375 0.007291666666666667 0.010416666666666666
1 0.578125 0.3472222222222222 0.0067708333333333336 0.011805555555555555
1 0.5828125 0.33819444444444446 0.0067708333333333336 0.011805555555555555
1 0.5869791666666667 0.32916666666666666 0.007291666666666667 0.010416666666666666
0 0.5708333333333333 0.3236111111111111 0.015625 0.029861111111111113
1 0.5880208333333333 0.3236111111111111 0.0067708333333333336 0.011805555555555555
1 0.590625 0.3173611111111111 0.005729166666666666 0.007638888888888889
1 0.578125 0.3138888888888889 0.0067708333333333336 0.010416666666666666
1 0.58125 0.30833333333333335 0.0067708333333333336 0.007638888888888889
1 0.5807291666666666 0.30416666666666664 0.007291666666666667 0.009027777777777777
1 0.584375 0.29791666666666666 0.005729166666666666 0.010416666666666666
1 0.5838541666666667 0.2923611111111111 0.005729166666666666 0.009027777777777777
1 0.5864583333333333 0.28888888888888886 0.005208333333333333 0.007638888888888889
1 0.5885416666666666 0.28402777777777777 0.005208333333333333 0.009027777777777777
1 0.590625 0.28055555555555556 0.005729166666666666 0.009027777777777777
1 0.5947916666666667 0.3 0.007291666666666667 0.009027777777777777
1 0.5932291666666667 0.3055555555555556 0.007291666666666667 0.007638888888888889
1 0.5916666666666667 0.31180555555555556 0.007291666666666667 0.009027777777777777
1 0.596875 0.29583333333333334 0.005729166666666666 0.009027777777777777
1 0.5979166666666667 0.2881944444444444 0.007291666666666667 0.009027777777777777
1 0.6005208333333333 0.2826388888888889 0.0067708333333333336 0.007638888888888889
1 0.8645833333333334 0.38680555555555557 0.015625 0.018055555555555554
1 0.8244791666666667 0.3763888888888889 0.025 0.01597222222222222
1 0.8942708333333333 0.3715277777777778 0.022916666666666665 0.01597222222222222
1 0.8890625 0.36527777777777776 0.021875 0.014583333333333334
1 0.8791666666666667 0.3611111111111111 0.021875 0.016666666666666666
1 0.8729166666666667 0.3590277777777778 0.017708333333333333 0.011805555555555555
1 0.8713541666666667 0.35347222222222224 0.017708333333333333 0.011805555555555555
1 0.7510416666666667 0.40347222222222223 0.024479166666666666 0.027777777777777776
1 0.7338541666666667 0.3798611111111111 0.025 0.016666666666666666
1 0.7276041666666667 0.36666666666666664 0.021354166666666667 0.014583333333333334
1 0.7244791666666667 0.36180555555555555 0.021875 0.013194444444444444
1 0.7208333333333333 0.35208333333333336 0.019270833333333334 0.014583333333333334
1 0.7145833333333333 0.3375 0.019270833333333334 0.013194444444444444
1 0.7885416666666667 0.38819444444444445 0.025520833333333333 0.01597222222222222
1 0.7864583333333334 0.3819444444444444 0.025520833333333333 0.013194444444444444
1 0.7833333333333333 0.3611111111111111 0.024479166666666666 0.018055555555555554
1 0.7833333333333333 0.37222222222222223 0.021875 0.01597222222222222
1 0.7729166666666667 0.34791666666666665 0.020833333333333332 0.013194444444444444
1 0.7859375 0.33055555555555555 0.019270833333333334 0.013194444444444444
1 0.7661458333333333 0.34375 0.019270833333333334 0.013194444444444444
1 0.7661458333333333 0.33819444444444446 0.020833333333333332 0.014583333333333334
1 0.7744791666666667 0.3111111111111111 0.017708333333333333 0.013194444444444444
1 0.7807291666666667 0.3215277777777778 0.016666666666666666 0.010416666666666666
1 0.78125 0.31805555555555554 0.016666666666666666 0.011805555555555555
1 0.7973958333333333 0.29791666666666666 0.015625 0.013194444444444444
1 0.8041666666666667 0.3020833333333333 0.015625 0.010416666666666666
1 0.8072916666666666 0.3034722222222222 0.014583333333333334 0.010416666666666666
1 0.8104166666666667 0.30625 0.016666666666666666 0.009027777777777777
1 0.8145833333333333 0.31319444444444444 0.015625 0.011805555555555555
3 0.825 0.31180555555555556 0.0234375 0.014583333333333334
3 0.8473958333333333 0.3347222222222222 0.027083333333333334 0.018055555555555554
3 0.8421875 0.32916666666666666 0.019791666666666666 0.01597222222222222
1 0.8359375 0.32708333333333334 0.019270833333333334 0.013194444444444444
1 0.8291666666666667 0.32083333333333336 0.017708333333333333 0.014583333333333334
1 0.8333333333333334 0.325 0.017708333333333333 0.011805555555555555
1 0.8255208333333334 0.3173611111111111 0.016666666666666666 0.013194444444444444