1 0.6020833333333333 0.625 0.04791666666666667 0.07569444444444444
1 0.5338541666666666 0.49166666666666664 0.03229166666666667 0.04236111111111111
1 0.4984375 0.4951388888888889 0.030208333333333334 0.04236111111111111
1 0.3578125 0.4222222222222222 0.019791666666666666 0.03680555555555556
1 0.35104166666666664 0.3729166666666667 0.014583333333333334 0.027777777777777776
1 0.3572916666666667 0.3423611111111111 0.0125 0.025694444444444443
1 0.3640625 0.3159722222222222 0.011458333333333333 0.016666666666666666
1 0.465625 0.3784722222222222 0.020833333333333332 0.027777777777777776
1 0.5098958333333333 0.4076388888888889 0.019791666666666666 0.025694444444444443
1 0.4427083333333333 0.3611111111111111 0.014583333333333334 0.025694444444444443
1 0.4203125 0.3194444444444444 0.015625 0.016666666666666666
1 0.3125 0.3854166666666667 0.016666666666666666 0.03333333333333333
1 0.49947916666666664 0.38958333333333334 0.019791666666666666 0.027777777777777776
1 0.4817708333333333 0.3611111111111111 0.015625 0.022222222222222223
1 0.4744791666666667 0.35208333333333336 0.015625 0.01875
1 0.4666666666666667 0.33611111111111114 0.0125 0.016666666666666666
1 0.45989583333333334 0.32430555555555557 0.013541666666666667 0.01875
1 0.4552083333333333 0.31666666666666665 0.0125 0.014583333333333334
1 0.44583333333333336 0.3055555555555556 0.010416666666666666 0.014583333333333334
1 0.4401041666666667 0.29444444444444445 0.009375 0.014583333333333334
1 0.4359375 0.28888888888888886 0.009375 0.011111111111111112
1 0.34375 0.32222222222222224 0.0125 0.014583333333333334
1 0.34375 0.29097222222222224 0.008333333333333333 0.011111111111111112
1 0.33541666666666664 0.30625 0.008333333333333333 0.013194444444444444
1 0.33645833333333336 0.3 0.010416666666666666 0.014583333333333334