3 0.6786458333333333 0.7944444444444444 0.078125 0.07777777777777778
1 0.44427083333333334 0.6722222222222223 0.030208333333333334 0.07013888888888889
1 0.40208333333333335 0.5756944444444444 0.025 0.052083333333333336
3 0.44635416666666666 0.5277777777777778 0.026041666666666668 0.04791666666666667
2 0.5260416666666666 0.5284722222222222 0.027083333333333334 0.06111111111111111
1 0.56875 0.54375 0.0375 0.03888888888888889
2 0.4276041666666667 0.47152777777777777 0.019791666666666666 0.04652777777777778
3 0.4401041666666667 0.39791666666666664 0.015625 0.022222222222222223
3 0.43854166666666666 0.37430555555555556 0.014583333333333334 0.022222222222222223
3 0.43020833333333336 0.35833333333333334 0.010416666666666666 0.02013888888888889
3 0.43072916666666666 0.3388888888888889 0.011458333333333333 0.022222222222222223
3 0.4270833333333333 0.30486111111111114 0.010416666666666666 0.013194444444444444
3 0.43072916666666666 0.3298611111111111 0.007291666666666667 0.014583333333333334
1 0.4317708333333333 0.3215277777777778 0.011458333333333333 0.013194444444444444
1 0.4296875 0.28055555555555556 0.017708333333333333 0.013194444444444444