1 0.1140625 0.5486111111111112 0.05416666666666667 0.08263888888888889
3 0.203125 0.5131944444444444 0.07083333333333333 0.08472222222222223
3 0.265625 0.46319444444444446 0.0625 0.06944444444444445
3 0.42291666666666666 0.4673611111111111 0.08541666666666667 0.07222222222222222
3 0.3572916666666667 0.37569444444444444 0.044270833333333336 0.06111111111111111
1 0.11041666666666666 0.75625 0.1 0.12916666666666668
1 0.228125 0.8625 0.12291666666666666 0.1701388888888889
1 0.34739583333333335 0.9423611111111111 0.134375 0.11527777777777778
1 0.5869791666666667 0.8972222222222223 0.10208333333333333 0.16111111111111112
1 0.6536458333333334 0.9340277777777778 0.11041666666666666 0.13194444444444445
1 0.4671875 0.8472222222222222 0.1109375 0.1597222222222222
1 0.4005208333333333 0.8034722222222223 0.11614583333333334 0.13958333333333334
3 0.3572916666666667 0.7368055555555556 0.09114583333333333 0.1423611111111111
1 0.9244791666666666 0.7291666666666666 0.0640625 0.12013888888888889
1 0.8421875 0.6729166666666667 0.06666666666666667 0.10486111111111111
1 0.6385416666666667 0.4201388888888889 0.05520833333333333 0.05625
1 0.5494791666666666 0.39791666666666664 0.04791666666666667 0.05625
1 0.5958333333333333 0.36875 0.028645833333333332 0.05486111111111111
1 0.6520833333333333 0.325 0.0390625 0.04861111111111111
1 0.6744791666666666 0.30694444444444446 0.042708333333333334 0.05763888888888889
1 0.44114583333333335 0.28402777777777777 0.0484375 0.043055555555555555
1 0.5072916666666667 0.24513888888888888 0.03802083333333333 0.03263888888888889
1 0.51875 0.23402777777777778 0.034375 0.03125
1 0.5666666666666667 0.30972222222222223 0.050520833333333334 0.041666666666666664
1 0.590625 0.29930555555555555 0.04479166666666667 0.03888888888888889
1 0.60625 0.19652777777777777 0.0390625 0.03263888888888889
1 0.6203125 0.19236111111111112 0.034375 0.02847222222222222
1 0.6520833333333333 0.175 0.0375 0.02638888888888889
1 0.6755208333333333 0.16458333333333333 0.035416666666666666 0.02638888888888889
1 0.6791666666666667 0.23680555555555555 0.0390625 0.02847222222222222
1 0.6479166666666667 0.2534722222222222 0.057291666666666664 0.041666666666666664