1 0.6572916666666667 0.12708333333333333 0.05 0.034027777777777775
3 0.6901041666666666 0.08194444444444444 0.050520833333333334 0.050694444444444445
1 0.05416666666666667 0.2604166666666667 0.06979166666666667 0.05763888888888889
1 0.178125 0.42430555555555555 0.08802083333333334 0.08472222222222223
1 0.38645833333333335 0.43819444444444444 0.09635416666666667 0.09166666666666666
1 0.44583333333333336 0.5347222222222222 0.11979166666666667 0.10486111111111111
1 0.9171875 0.53125 0.115625 0.10347222222222222
1 0.9588541666666667 0.49444444444444446 0.08229166666666667 0.09444444444444444
1 0.7541666666666667 0.1638888888888889 0.03177083333333333 0.059027777777777776
1 0.8635416666666667 0.0763888888888889 0.022916666666666665 0.035416666666666666
1 0.8359375 0.03888888888888889 0.017708333333333333 0.027777777777777776
1 0.8442708333333333 0.018055555555555554 0.017708333333333333 0.02638888888888889
1 0.196875 0.3013888888888889 0.07916666666666666 0.06388888888888888
1 0.41458333333333336 0.3034722222222222 0.0390625 0.06805555555555555
1 0.4739583333333333 0.29305555555555557 0.04635416666666667 0.06527777777777778