1 0.7270833333333333 0.9194444444444444 0.08385416666666666 0.16111111111111112
1 0.6807291666666667 0.6958333333333333 0.07083333333333333 0.16111111111111112
1 0.6463541666666667 0.5215277777777778 0.04583333333333333 0.09444444444444444
1 0.6265625 0.40208333333333335 0.046875 0.09513888888888888
1 0.6744791666666666 0.2722222222222222 0.07291666666666667 0.059027777777777776
1 0.5869791666666667 0.1909722222222222 0.030208333333333334 0.05763888888888889
1 0.5760416666666667 0.14305555555555555 0.03177083333333333 0.059027777777777776
1 0.425 0.48333333333333334 0.04114583333333333 0.11388888888888889
1 0.56875 0.1 0.028645833333333332 0.04861111111111111
1 0.5630208333333333 0.05416666666666667 0.025 0.04583333333333333
1 0.5546875 0.016666666666666666 0.025520833333333333 0.03263888888888889
1 0.3645833333333333 0.02013888888888889 0.025520833333333333 0.04027777777777778
1 0.3567708333333333 0.06041666666666667 0.025520833333333333 0.05486111111111111
1 0.353125 0.10208333333333333 0.028125 0.06041666666666667
3 0.3171875 0.2916666666666667 0.0390625 0.09444444444444444
1 0.30625 0.3923611111111111 0.040625 0.09930555555555555
1 0.2677083333333333 0.22569444444444445 0.06927083333333334 0.06666666666666667
1 0.24583333333333332 0.2833333333333333 0.06770833333333333 0.06666666666666667
1 0.2234375 0.4423611111111111 0.07916666666666666 0.0798611111111111
1 0.24270833333333333 0.7777777777777778 0.06927083333333334 0.18055555555555555
1 0.20052083333333334 0.9284722222222223 0.07083333333333333 0.1423611111111111
1 0.0984375 0.8027777777777778 0.10885416666666667 0.175