1 0.4588541666666667 0.075 0.013020833333333334 0.025
1 0.5302083333333333 0.06875 0.013020833333333334 0.016666666666666666
1 0.5348958333333333 0.08958333333333333 0.0140625 0.022222222222222223
1 0.5375 0.1 0.013020833333333334 0.022222222222222223
1 0.4244791666666667 0.11041666666666666 0.03229166666666667 0.025
1 0.41770833333333335 0.14027777777777778 0.033854166666666664 0.027777777777777776
2 0.43697916666666664 0.18819444444444444 0.019791666666666666 0.044444444444444446
1 0.4354166666666667 0.24513888888888888 0.025520833333333333 0.043055555555555555
1 0.5072916666666667 0.16666666666666666 0.017708333333333333 0.03263888888888889
3 0.5088541666666667 0.3277777777777778 0.0265625 0.06111111111111111
1 0.37395833333333334 0.5326388888888889 0.043229166666666666 0.07708333333333334
1 0.37083333333333335 0.625 0.05364583333333333 0.09930555555555555
1 0.5265625 0.6777777777777778 0.04583333333333333 0.10833333333333334
1 0.30052083333333335 0.9236111111111112 0.07083333333333333 0.1527777777777778
1 0.0609375 0.1388888888888889 0.03958333333333333 0.02847222222222222
3 0.09322916666666667 0.19652777777777777 0.034375 0.04583333333333333
1 0.01875 0.34791666666666665 0.0375 0.052083333333333336
1 0.033854166666666664 0.7458333333333333 0.06770833333333333 0.09305555555555556