1 0.5 0.5 0.020833333333333332 0.07222222222222222
1 0.3927083333333333 0.6465277777777778 0.03229166666666667 0.035416666666666666
1 0.07083333333333333 0.8368055555555556 0.0359375 0.05
1 0.13802083333333334 0.8743055555555556 0.03802083333333333 0.03125
1 0.03229166666666667 0.7805555555555556 0.020833333333333332 0.06805555555555555
2 0.18802083333333333 0.6548611111111111 0.020833333333333332 0.09444444444444444
1 0.21458333333333332 0.8291666666666667 0.021354166666666667 0.0798611111111111
1 0.4161458333333333 0.8263888888888888 0.019270833333333334 0.07291666666666667
1 0.38229166666666664 0.84375 0.03802083333333333 0.03819444444444445
1 0.3958333333333333 0.59375 0.03333333333333333 0.03888888888888889
1 0.5572916666666666 0.7736111111111111 0.04114583333333333 0.041666666666666664
1 0.5578125 0.7055555555555556 0.043229166666666666 0.035416666666666666
1 0.5567708333333333 0.6465277777777778 0.042708333333333334 0.035416666666666666
1 0.5520833333333334 0.9534722222222223 0.041666666666666664 0.035416666666666666
1 0.553125 0.9131944444444444 0.042708333333333334 0.035416666666666666
1 0.428125 0.25625 0.033854166666666664 0.09930555555555555
1 0.5651041666666666 0.41805555555555557 0.041666666666666664 0.06041666666666667
1 0.5692708333333333 0.5673611111111111 0.03802083333333333 0.03888888888888889
1 0.5713541666666667 0.1840277777777778 0.03958333333333333 0.03680555555555556
1 0.5760416666666667 0.1388888888888889 0.043229166666666666 0.04861111111111111
1 0.5583333333333333 0.8493055555555555 0.034375 0.027777777777777776
1 0.653125 0.09236111111111112 0.040625 0.029861111111111113