1 0.057291666666666664 0.71875 0.1140625 0.08263888888888889
1 0.058333333333333334 0.8493055555555555 0.07447916666666667 0.16875
1 0.23854166666666668 0.8055555555555556 0.07239583333333334 0.16111111111111112
1 0.36354166666666665 0.27847222222222223 0.015104166666666667 0.022222222222222223
1 0.37916666666666665 0.27847222222222223 0.0140625 0.02013888888888889
1 0.38333333333333336 0.32013888888888886 0.029166666666666667 0.025
2 0.6020833333333333 0.5798611111111112 0.06510416666666667 0.1
0 0.5651041666666666 0.4638888888888889 0.04895833333333333 0.11319444444444444
2 0.5427083333333333 0.39305555555555555 0.0421875 0.09166666666666666
2 0.5223958333333333 0.34930555555555554 0.022916666666666665 0.04791666666666667
0 0.5125 0.3159722222222222 0.030729166666666665 0.06597222222222222
2 0.49270833333333336 0.2590277777777778 0.018229166666666668 0.035416666666666666
1 0.465625 0.2423611111111111 0.010416666666666666 0.016666666666666666
1 0.4510416666666667 0.2048611111111111 0.0067708333333333336 0.011805555555555555
1 0.446875 0.19166666666666668 0.0067708333333333336 0.011111111111111112
2 0.48541666666666666 0.2423611111111111 0.013020833333333334 0.029861111111111113
1 0.46041666666666664 0.17569444444444443 0.005208333333333333 0.007638888888888889
1 0.4552083333333333 0.16944444444444445 0.005729166666666666 0.007638888888888889
3 0.45416666666666666 0.16597222222222222 0.004166666666666667 0.007638888888888889
3 0.44583333333333336 0.16666666666666666 0.0046875 0.009027777777777777
1 0.44479166666666664 0.1701388888888889 0.004166666666666667 0.007638888888888889
1 0.45208333333333334 0.18263888888888888 0.005208333333333333 0.008333333333333333
3 0.44479166666666664 0.17847222222222223 0.0046875 0.011111111111111112
1 0.44947916666666665 0.17569444444444443 0.005208333333333333 0.009027777777777777