1 0.28541666666666665 0.9618055555555556 0.0953125 0.07569444444444444
1 0.40208333333333335 0.7354166666666667 0.0390625 0.05763888888888889
1 0.4125 0.7104166666666667 0.03125 0.03958333333333333
1 0.4354166666666667 0.6618055555555555 0.025 0.03611111111111111
1 0.4635416666666667 0.6923611111111111 0.028125 0.04791666666666667
1 0.471875 0.6611111111111111 0.0234375 0.04236111111111111
1 0.46979166666666666 0.6368055555555555 0.019791666666666666 0.03125
1 0.47604166666666664 0.6284722222222222 0.016666666666666666 0.025
1 0.48020833333333335 0.6166666666666667 0.015104166666666667 0.024305555555555556
1 0.48333333333333334 0.6090277777777777 0.015104166666666667 0.022222222222222223
1 0.46822916666666664 0.5923611111111111 0.030208333333333334 0.021527777777777778
1 0.4890625 0.5909722222222222 0.026041666666666668 0.021527777777777778
1 0.5057291666666667 0.60625 0.014583333333333334 0.017361111111111112
1 0.5041666666666667 0.6173611111111111 0.019270833333333334 0.02847222222222222
1 0.7036458333333333 0.95625 0.06354166666666666 0.08680555555555555