3 0.9072916666666667 0.3951388888888889 0.0359375 0.034027777777777775
1 0.9848958333333333 0.43819444444444444 0.01875 0.027777777777777776
1 0.9739583333333334 0.4270833333333333 0.034895833333333334 0.03263888888888889
1 0.9541666666666667 0.4215277777777778 0.033854166666666664 0.030555555555555555
3 0.6916666666666667 0.8340277777777778 0.08697916666666666 0.10277777777777777
3 0.5552083333333333 0.8 0.053125 0.10208333333333333
1 0.4322916666666667 0.6131944444444445 0.034895833333333334 0.06111111111111111
3 0.5020833333333333 0.30486111111111114 0.027604166666666666 0.022222222222222223
1 0.4552083333333333 0.30486111111111114 0.028125 0.01875
1 0.4479166666666667 0.3770833333333333 0.017708333333333333 0.025694444444444443
1 0.4114583333333333 0.37569444444444444 0.0171875 0.024305555555555556
1 0.4390625 0.4305555555555556 0.021875 0.03680555555555556
1 0.3802083333333333 0.3729166666666667 0.018229166666666668 0.027777777777777776
1 0.3145833333333333 0.36736111111111114 0.017708333333333333 0.027777777777777776
1 0.30625 0.42083333333333334 0.017708333333333333 0.03958333333333333
1 0.42291666666666666 0.30486111111111114 0.013020833333333334 0.01875
0 0.3963541666666667 0.3090277777777778 0.025 0.050694444444444445
3 0.3802083333333333 0.2847222222222222 0.013020833333333334 0.021527777777777778
3 0.371875 0.26180555555555557 0.009895833333333333 0.01875
3 0.35104166666666664 0.26875 0.010416666666666666 0.019444444444444445
1 0.31927083333333334 0.2604166666666667 0.009375 0.013888888888888888
1 0.3072916666666667 0.2513888888888889 0.009895833333333333 0.01597222222222222
1 0.29791666666666666 0.2388888888888889 0.010416666666666666 0.014583333333333334
1 0.29270833333333335 0.22708333333333333 0.008854166666666666 0.010416666666666666
1 0.278125 0.2222222222222222 0.0078125 0.011111111111111112
1 0.271875 0.2111111111111111 0.008854166666666666 0.009027777777777777
1 0.28020833333333334 0.20069444444444445 0.008333333333333333 0.008333333333333333
1 0.28125 0.21041666666666667 0.008333333333333333 0.009027777777777777
1 0.290625 0.20208333333333334 0.0078125 0.007638888888888889
1 0.290625 0.21041666666666667 0.008854166666666666 0.009027777777777777
1 0.2921875 0.21805555555555556 0.008333333333333333 0.010416666666666666
1 0.303125 0.21041666666666667 0.008854166666666666 0.010416666666666666
1 0.3125 0.20833333333333334 0.008854166666666666 0.009027777777777777
3 0.3171875 0.21875 0.008333333333333333 0.014583333333333334
3 0.33645833333333336 0.23819444444444443 0.0109375 0.019444444444444445
3 0.34479166666666666 0.22361111111111112 0.005729166666666666 0.011805555555555555
1 0.35052083333333334 0.23819444444444443 0.009375 0.011805555555555555
1 0.3489583333333333 0.23125 0.0078125 0.010416666666666666
3 0.7677083333333333 0.34097222222222223 0.027604166666666666 0.03125