1 0.56875 0.14791666666666667 0.0036458333333333334 0.009027777777777777
1 0.5364583333333334 0.18611111111111112 0.008854166666666666 0.007638888888888889
1 0.5375 0.1840277777777778 0.009375 0.00625
1 0.5390625 0.18125 0.009375 0.005555555555555556
1 0.571875 0.2 0.005729166666666666 0.009027777777777777
3 0.5421875 0.2263888888888889 0.00625 0.013888888888888888
1 0.5625 0.2298611111111111 0.0067708333333333336 0.009027777777777777
1 0.5614583333333333 0.23819444444444443 0.00625 0.011111111111111112
1 0.5583333333333333 0.24375 0.0067708333333333336 0.011111111111111112
1 0.5557291666666667 0.2534722222222222 0.00625 0.010416666666666666
1 0.54375 0.2423611111111111 0.0067708333333333336 0.011805555555555555
1 0.525 0.2701388888888889 0.009375 0.014583333333333334
1 0.5708333333333333 0.3111111111111111 0.010416666666666666 0.02013888888888889
1 0.5520833333333334 0.3368055555555556 0.009895833333333333 0.017361111111111112
1 0.5416666666666666 0.32013888888888886 0.009375 0.01875
3 0.4375 0.31666666666666665 0.015104166666666667 0.016666666666666666
1 0.45416666666666666 0.32013888888888886 0.015104166666666667 0.013888888888888888
1 0.45364583333333336 0.30486111111111114 0.016666666666666666 0.01597222222222222
1 0.43333333333333335 0.30277777777777776 0.0140625 0.014583333333333334
1 0.478125 0.21666666666666667 0.013541666666666667 0.011111111111111112
1 0.5041666666666667 0.32916666666666666 0.011458333333333333 0.019444444444444445
1 0.48854166666666665 0.3875 0.011979166666666667 0.019444444444444445
1 0.5135416666666667 0.3951388888888889 0.013020833333333334 0.025694444444444443
3 0.4583333333333333 0.39861111111111114 0.022916666666666665 0.027083333333333334
3 0.48385416666666664 0.4201388888888889 0.014583333333333334 0.03125
1 0.55 0.4173611111111111 0.014583333333333334 0.025
1 0.5458333333333333 0.5208333333333334 0.019270833333333334 0.034027777777777775
1 0.43125 0.5659722222222222 0.019270833333333334 0.04097222222222222
1 0.4114583333333333 0.61875 0.021354166666666667 0.03958333333333333
3 0.36875 0.6083333333333333 0.024479166666666666 0.04652777777777778
1 0.38229166666666664 0.7152777777777778 0.034895833333333334 0.06736111111111111
1 0.3223958333333333 0.7118055555555556 0.025 0.04236111111111111
1 0.33697916666666666 0.8666666666666667 0.04479166666666667 0.09097222222222222
1 0.30625 0.9548611111111112 0.0484375 0.08958333333333333
1 0.521875 0.9506944444444444 0.0359375 0.09791666666666667
1 0.46145833333333336 0.9805555555555555 0.034895833333333334 0.03888888888888889