2 0.6520833333333333 0.7 0.4041666666666667 0.2916666666666667
2 0.45364583333333336 0.3659722222222222 0.32916666666666666 0.2298611111111111
2 0.40677083333333336 0.22291666666666668 0.21458333333333332 0.1527777777777778
2 0.4083333333333333 0.10902777777777778 0.09322916666666667 0.08263888888888889
2 0.36041666666666666 0.06875 0.13541666666666666 0.11666666666666667
2 0.346875 0.04513888888888889 0.13385416666666666 0.09027777777777778
1 0.6354166666666666 0.03194444444444444 0.05416666666666667 0.04583333333333333
3 0.6645833333333333 0.05 0.04791666666666667 0.04583333333333333
2 0.7083333333333334 0.06527777777777778 0.09583333333333334 0.09930555555555555
2 0.7338541666666667 0.10625 0.125 0.13194444444444445
3 0.7921875 0.14722222222222223 0.05520833333333333 0.06666666666666667
2 0.8286458333333333 0.15694444444444444 0.13385416666666666 0.1673611111111111
3 0.8765625 0.21319444444444444 0.058854166666666666 0.0625
1 0.9005208333333333 0.24166666666666667 0.06041666666666667 0.0625
1 0.9572916666666667 0.2902777777777778 0.057291666666666664 0.07291666666666667
1 0.9885416666666667 0.31875 0.022916666666666665 0.07083333333333333