3 0.41302083333333334 0.7805555555555556 0.041666666666666664 0.14097222222222222
1 0.5432291666666667 0.8291666666666667 0.041666666666666664 0.12152777777777778
1 0.6166666666666667 0.9006944444444445 0.049479166666666664 0.13333333333333333
1 0.4317708333333333 0.6215277777777778 0.0390625 0.09305555555555556
1 0.5255208333333333 0.6118055555555556 0.035416666666666666 0.08125
1 0.5671875 0.5243055555555556 0.03333333333333333 0.06805555555555555
3 0.5255208333333333 0.49375 0.028645833333333332 0.06666666666666667
1 0.4713541666666667 0.42916666666666664 0.028125 0.06944444444444445
1 0.42604166666666665 0.3590277777777778 0.03177083333333333 0.06388888888888888
1 0.4505208333333333 0.32222222222222224 0.021875 0.04583333333333333
1 0.4791666666666667 0.3020833333333333 0.021354166666666667 0.041666666666666664
1 0.33177083333333335 0.4736111111111111 0.06197916666666667 0.07222222222222222
1 0.6604166666666667 0.42916666666666664 0.059375 0.04583333333333333
1 0.571875 0.40555555555555556 0.0515625 0.04583333333333333
1 0.5854166666666667 0.37222222222222223 0.03697916666666667 0.044444444444444446
1 0.5098958333333333 0.2881944444444444 0.019791666666666666 0.043055555555555555
1 0.5317708333333333 0.30486111111111114 0.019791666666666666 0.03680555555555556
1 0.5583333333333333 0.31666666666666665 0.022916666666666665 0.04027777777777778
1 0.5401041666666667 0.2638888888888889 0.019791666666666666 0.03888888888888889
1 0.45416666666666666 0.2513888888888889 0.019270833333333334 0.04027777777777778
1 0.48333333333333334 0.2388888888888889 0.019270833333333334 0.03680555555555556
1 0.48125 0.19166666666666668 0.016666666666666666 0.03263888888888889
1 0.4583333333333333 0.17708333333333334 0.016145833333333335 0.029861111111111113
2 0.5104166666666666 0.19444444444444445 0.028645833333333332 0.10694444444444444
1 0.5479166666666667 0.12777777777777777 0.013020833333333334 0.02361111111111111
1 0.4895833333333333 0.14375 0.0140625 0.02847222222222222
0 0.4635416666666667 0.1326388888888889 0.021354166666666667 0.059027777777777776
1 0.48489583333333336 0.12152777777777778 0.0140625 0.02638888888888889
1 0.5151041666666667 0.11319444444444444 0.0125 0.022222222222222223
1 0.4666666666666667 0.09444444444444444 0.011979166666666667 0.020833333333333332
2 0.49114583333333334 0.08958333333333333 0.016145833333333335 0.04583333333333333
1 0.5125 0.09166666666666666 0.011979166666666667 0.020833333333333332
1 0.5291666666666667 0.09166666666666666 0.0125 0.020833333333333332
1 0.46770833333333334 0.06736111111111111 0.011979166666666667 0.022222222222222223
3 0.4744791666666667 0.05277777777777778 0.009375 0.025
1 0.5140625 0.075 0.011979166666666667 0.019444444444444445
1 0.5239583333333333 0.0625 0.0109375 0.018055555555555554
3 0.5395833333333333 0.05694444444444444 0.008333333333333333 0.019444444444444445
1 0.5098958333333333 0.06111111111111111 0.009375 0.016666666666666666
1 0.48802083333333335 0.05 0.010416666666666666 0.022222222222222223
1 0.5104166666666666 0.05 0.010416666666666666 0.01597222222222222
1 0.5229166666666667 0.04583333333333333 0.009375 0.018055555555555554
1 0.5364583333333334 0.03958333333333333 0.008333333333333333 0.014583333333333334
1 0.5317708333333333 0.027777777777777776 0.008333333333333333 0.014583333333333334
1 0.5197916666666667 0.03333333333333333 0.010416666666666666 0.014583333333333334
1 0.5083333333333333 0.03819444444444445 0.010416666666666666 0.018055555555555554
1 0.5098958333333333 0.025 0.008333333333333333 0.013194444444444444
1 0.5104166666666666 0.016666666666666666 0.008854166666666666 0.013194444444444444
1 0.4921875 0.03888888888888889 0.009375 0.018055555555555554
1 0.478125 0.03819444444444445 0.009375 0.020833333333333332
3 0.8541666666666666 0.7472222222222222 0.07447916666666667 0.09791666666666667
1 0.7942708333333334 0.5833333333333334 0.08541666666666667 0.06388888888888888
1 0.9765625 0.5923611111111111 0.046875 0.06041666666666667
1 0.8880208333333334 0.5298611111111111 0.06927083333333334 0.05347222222222222
1 0.8692708333333333 0.49027777777777776 0.0625 0.052083333333333336
1 0.8421875 0.4576388888888889 0.06666666666666667 0.05763888888888889
1 0.8572916666666667 0.42083333333333334 0.05572916666666667 0.044444444444444446
1 0.7604166666666666 0.44027777777777777 0.05677083333333333 0.04722222222222222
1 0.9473958333333333 0.4798611111111111 0.065625 0.05486111111111111
1 0.9270833333333334 0.44930555555555557 0.0609375 0.04861111111111111
1 0.9760416666666667 0.40347222222222223 0.04791666666666667 0.04861111111111111
1 0.98125 0.4340277777777778 0.0375 0.05
1 0.028645833333333332 0.6902777777777778 0.057291666666666664 0.06527777777777778
1 0.025520833333333333 0.7569444444444444 0.051041666666666666 0.06666666666666667
3 0.029166666666666667 0.8201388888888889 0.058333333333333334 0.0875
1 0.7791666666666667 0.14583333333333334 0.03229166666666667 0.025
1 0.7802083333333333 0.13819444444444445 0.03229166666666667 0.025
1 0.8276041666666667 0.08333333333333333 0.025520833333333333 0.016666666666666666
1 0.8302083333333333 0.07847222222222222 0.0234375 0.018055555555555554
1 0.036458333333333336 0.10972222222222222 0.027083333333333334 0.02638888888888889
1 0.05520833333333333 0.09375 0.03229166666666667 0.022222222222222223
1 0.07760416666666667 0.08055555555555556 0.016666666666666666 0.019444444444444445
1 0.09270833333333334 0.08472222222222223 0.020833333333333332 0.02361111111111111
1 0.13645833333333332 0.1111111111111111 0.025520833333333333 0.02638888888888889
1 0.134375 0.08819444444444445 0.018229166666666668 0.025
1 0.1546875 0.0875 0.015625 0.02361111111111111
1 0.159375 0.06527777777777778 0.030208333333333334 0.02361111111111111
1 0.18489583333333334 0.11458333333333333 0.019791666666666666 0.027777777777777776
1 0.21197916666666666 0.1111111111111111 0.020833333333333332 0.02638888888888889
1 0.23541666666666666 0.11041666666666666 0.018229166666666668 0.027777777777777776
1 0.2546875 0.10972222222222222 0.015625 0.02638888888888889
1 0.27291666666666664 0.11388888888888889 0.019270833333333334 0.02638888888888889
2 0.23854166666666668 0.07222222222222222 0.0390625 0.03263888888888889
1 0.30520833333333336 0.07222222222222222 0.013020833333333334 0.022222222222222223
1 0.9369791666666667 0.18333333333333332 0.034375 0.027777777777777776
1 0.9588541666666667 0.19930555555555557 0.03802083333333333 0.03263888888888889
1 0.853125 0.1798611111111111 0.03229166666666667 0.025