2 0.32083333333333336 0.68125 0.05364583333333333 0.12013888888888889
1 0.36302083333333335 0.76875 0.025 0.044444444444444446
1 0.3619791666666667 0.5715277777777777 0.016145833333333335 0.034027777777777775
2 0.08697916666666666 0.44930555555555557 0.046875 0.029861111111111113
1 0.32135416666666666 0.45208333333333334 0.021875 0.018055555555555554
3 0.49583333333333335 0.5902777777777778 0.017708333333333333 0.04027777777777778
1 0.4354166666666667 0.37569444444444444 0.011979166666666667 0.019444444444444445
1 0.5171875 0.36527777777777776 0.0109375 0.014583333333333334
1 0.4791666666666667 0.3055555555555556 0.008333333333333333 0.01597222222222222
1 0.44635416666666666 0.3111111111111111 0.010416666666666666 0.01597222222222222
1 0.465625 0.31319444444444444 0.009375 0.014583333333333334
1 0.9369791666666667 0.5354166666666667 0.028125 0.027777777777777776