1 0.4041666666666667 0.6319444444444444 0.052083333333333336 0.12152777777777778
3 0.15208333333333332 0.9638888888888889 0.15885416666666666 0.07222222222222222
1 0.23333333333333334 0.6972222222222222 0.11614583333333334 0.11875
3 0.3098958333333333 0.6 0.065625 0.13055555555555556
3 0.2682291666666667 0.5256944444444445 0.09427083333333333 0.10486111111111111
0 0.27760416666666665 0.44166666666666665 0.1609375 0.15694444444444444
3 0.30104166666666665 0.39444444444444443 0.09479166666666666 0.09444444444444444
1 0.5010416666666667 0.4375 0.040625 0.06388888888888888
1 0.53125 0.3486111111111111 0.034375 0.05347222222222222
1 0.31666666666666665 0.31666666666666665 0.058854166666666666 0.04722222222222222
1 0.32395833333333335 0.2861111111111111 0.034375 0.04722222222222222
1 0.36302083333333335 0.2611111111111111 0.025 0.03819444444444445
1 0.32708333333333334 0.25833333333333336 0.0265625 0.035416666666666666
1 0.34791666666666665 0.23819444444444443 0.030729166666666665 0.03888888888888889
1 0.34479166666666666 0.21666666666666667 0.021875 0.027777777777777776
1 0.3489583333333333 0.1951388888888889 0.016666666666666666 0.025
1 0.35208333333333336 0.18333333333333332 0.018229166666666668 0.022222222222222223
1 0.35833333333333334 0.17222222222222222 0.016666666666666666 0.02361111111111111
1 0.33645833333333336 0.15069444444444444 0.028645833333333332 0.019444444444444445
1 0.3536458333333333 0.14375 0.028125 0.018055555555555554
1 0.36041666666666666 0.16319444444444445 0.013020833333333334 0.018055555555555554
1 0.3609375 0.15416666666666667 0.013020833333333334 0.01597222222222222
1 0.4546875 0.15138888888888888 0.025520833333333333 0.018055555555555554
3 0.46145833333333336 0.1527777777777778 0.0109375 0.02361111111111111
1 0.4583333333333333 0.1625 0.020833333333333332 0.022222222222222223
1 0.48489583333333336 0.225 0.018229166666666668 0.02847222222222222
1 0.4708333333333333 0.18333333333333332 0.015625 0.025
1 0.484375 0.20972222222222223 0.019270833333333334 0.025
1 0.4666666666666667 0.17430555555555555 0.0140625 0.022222222222222223
1 0.4666666666666667 0.1673611111111111 0.0140625 0.020833333333333332