1 0.7364583333333333 0.15486111111111112 0.025520833333333333 0.025
1 0.7083333333333334 0.18333333333333332 0.03802083333333333 0.02847222222222222
2 0.66875 0.17916666666666667 0.0390625 0.03680555555555556
1 0.6807291666666667 0.22777777777777777 0.029166666666666667 0.04722222222222222
1 0.659375 0.27361111111111114 0.040625 0.04583333333333333
1 0.8979166666666667 0.0798611111111111 0.008854166666666666 0.013194444444444444
1 0.8932291666666666 0.09791666666666667 0.010416666666666666 0.018055555555555554
1 0.8526041666666667 0.12152777777777778 0.0140625 0.018055555555555554
1 0.8869791666666667 0.14027777777777778 0.015625 0.019444444444444445
1 0.8484375 0.16111111111111112 0.016145833333333335 0.02361111111111111
1 0.8520833333333333 0.16944444444444445 0.017708333333333333 0.029861111111111113
1 0.8557291666666667 0.18125 0.019791666666666666 0.035416666666666666
1 0.6994791666666667 0.36180555555555555 0.0625 0.06527777777777778
1 0.8515625 0.19444444444444445 0.019270833333333334 0.027777777777777776
1 0.853125 0.2111111111111111 0.021875 0.035416666666666666
1 0.853125 0.2298611111111111 0.024479166666666666 0.044444444444444446
1 0.853125 0.2520833333333333 0.025 0.03888888888888889
1 0.8442708333333333 0.27291666666666664 0.029166666666666667 0.052083333333333336
1 0.840625 0.30972222222222223 0.034375 0.05486111111111111
1 0.8432291666666667 0.3451388888888889 0.03802083333333333 0.06805555555555555
1 0.834375 0.39444444444444443 0.04114583333333333 0.06805555555555555
1 0.846875 0.4548611111111111 0.04791666666666667 0.08611111111111111
1 0.7807291666666667 0.3611111111111111 0.0359375 0.06666666666666667
1 0.765625 0.39791666666666664 0.043229166666666666 0.08472222222222223
1 0.7484375 0.4638888888888889 0.05 0.09652777777777778
3 0.8239583333333333 0.4979166666666667 0.050520833333333334 0.12777777777777777
1 0.659375 0.4513888888888889 0.0515625 0.08472222222222223
1 0.08125 0.4638888888888889 0.084375 0.08888888888888889
1 0.19479166666666667 0.46875 0.08541666666666667 0.0875
1 0.26145833333333335 0.45 0.07291666666666667 0.07708333333333334
3 0.5083333333333333 0.3763888888888889 0.07916666666666666 0.08125