1 0.4010416666666667 0.9090277777777778 0.07864583333333333 0.13541666666666666
1 0.2755208333333333 0.8645833333333334 0.0875 0.11736111111111111
1 0.3885416666666667 0.7895833333333333 0.05677083333333333 0.09513888888888888
1 0.40208333333333335 0.7048611111111112 0.04010416666666667 0.06597222222222222
1 0.46979166666666666 0.6868055555555556 0.036458333333333336 0.06388888888888888
1 0.3854166666666667 0.6472222222222223 0.028645833333333332 0.04236111111111111
1 0.27708333333333335 0.7236111111111111 0.096875 0.06944444444444445
1 0.5791666666666667 0.9722222222222222 0.10208333333333333 0.05
1 0.5604166666666667 0.9034722222222222 0.08177083333333333 0.11597222222222223
1 0.5375 0.8145833333333333 0.06197916666666667 0.09166666666666666
1 0.5291666666666667 0.7555555555555555 0.050520833333333334 0.06666666666666667
1 0.5229166666666667 0.7125 0.0390625 0.058333333333333334
1 0.5078125 0.6465277777777778 0.026041666666666668 0.04097222222222222
1 0.47760416666666666 0.6034722222222222 0.019791666666666666 0.02847222222222222
1 0.43020833333333336 0.6722222222222223 0.033854166666666664 0.04791666666666667
1 0.434375 0.6409722222222223 0.030729166666666665 0.03888888888888889
1 0.4427083333333333 0.6159722222222223 0.0234375 0.034027777777777775
1 0.44895833333333335 0.5951388888888889 0.016666666666666666 0.029861111111111113
1 0.4578125 0.5791666666666667 0.0125 0.022916666666666665
1 0.45416666666666666 0.5659722222222222 0.013020833333333334 0.022916666666666665
1 0.4744791666666667 0.5604166666666667 0.0125 0.01875
1 0.4010416666666667 0.6215277777777778 0.024479166666666666 0.03125
1 0.4239583333333333 0.5756944444444444 0.016145833333333335 0.025694444444444443
1 0.4322916666666667 0.5618055555555556 0.0140625 0.021527777777777778
1 0.40520833333333334 0.6076388888888888 0.024479166666666666 0.03125