3 0.3494791666666667 0.7347222222222223 0.08385416666666666 0.07847222222222222
1 0.2864583333333333 0.94375 0.05364583333333333 0.10694444444444444
1 0.1578125 0.9416666666666667 0.07135416666666666 0.11666666666666667
1 0.21614583333333334 0.66875 0.08802083333333334 0.06944444444444445
3 0.2947916666666667 0.6104166666666667 0.03697916666666667 0.09444444444444444
1 0.3671875 0.6451388888888889 0.0359375 0.09305555555555556
1 0.403125 0.6118055555555556 0.033854166666666664 0.08333333333333333
3 0.5692708333333333 0.6631944444444444 0.08958333333333333 0.08263888888888889
1 0.66875 0.66875 0.08020833333333334 0.06388888888888888
1 0.7682291666666666 0.675 0.084375 0.06388888888888888
1 0.9942708333333333 0.6111111111111112 0.009375 0.04583333333333333
2 0.9395833333333333 0.6819444444444445 0.10416666666666667 0.07222222222222222
1 0.9380208333333333 0.9611111111111111 0.08177083333333333 0.07569444444444444
1 0.8744791666666667 0.9527777777777777 0.08020833333333334 0.08888888888888889
1 0.7140625 0.9659722222222222 0.04583333333333333 0.06805555555555555
3 0.6364583333333333 0.8722222222222222 0.06979166666666667 0.12152777777777778
1 0.8166666666666667 0.7895833333333333 0.09635416666666667 0.07847222222222222