1 0.16770833333333332 0.5076388888888889 0.06927083333333334 0.04097222222222222
1 0.25729166666666664 0.5493055555555556 0.07135416666666666 0.05347222222222222
1 0.39114583333333336 0.49722222222222223 0.06145833333333333 0.04236111111111111
1 0.4010416666666667 0.6784722222222223 0.07447916666666667 0.0798611111111111
3 0.5791666666666667 0.6847222222222222 0.052083333333333336 0.10277777777777777
1 0.671875 0.6659722222222222 0.05677083333333333 0.07569444444444444
3 0.715625 0.7354166666666667 0.04479166666666667 0.11180555555555556
3 0.690625 0.8354166666666667 0.050520833333333334 0.12222222222222222
3 0.6989583333333333 0.9625 0.07239583333333334 0.075
2 0.7770833333333333 0.8625 0.12760416666666666 0.275
1 0.7083333333333334 0.5423611111111111 0.06510416666666667 0.044444444444444446
1 0.42604166666666665 0.5798611111111112 0.06614583333333333 0.06180555555555556
1 0.46875 0.5472222222222223 0.06510416666666667 0.044444444444444446
3 0.5489583333333333 0.49236111111111114 0.050520833333333334 0.04513888888888889
3 0.6911458333333333 0.5034722222222222 0.065625 0.06597222222222222
3 0.7520833333333333 0.4826388888888889 0.06145833333333333 0.049305555555555554
3 0.7833333333333333 0.4486111111111111 0.04635416666666667 0.05486111111111111
3 0.8979166666666667 0.5076388888888889 0.0640625 0.052083333333333336
0 0.9395833333333333 0.46458333333333335 0.1203125 0.08125
1 0.8572916666666667 0.41875 0.0359375 0.03263888888888889
2 0.7270833333333333 0.33125 0.030729166666666665 0.04791666666666667
1 0.7 0.32430555555555557 0.018229166666666668 0.021527777777777778
2 0.8885416666666667 0.29791666666666666 0.022395833333333334 0.027083333333333334
1 0.8729166666666667 0.29791666666666666 0.0171875 0.01597222222222222
1 0.865625 0.29097222222222224 0.01875 0.01875
1 0.846875 0.29097222222222224 0.0171875 0.01597222222222222
1 0.8364583333333333 0.28680555555555554 0.019270833333333334 0.014583333333333334
3 0.8552083333333333 0.28541666666666665 0.016145833333333335 0.017361111111111112
1 0.8203125 0.2833333333333333 0.016666666666666666 0.014583333333333334
1 0.8052083333333333 0.28055555555555556 0.016145833333333335 0.014583333333333334
1 0.7927083333333333 0.27847222222222223 0.015104166666666667 0.014583333333333334
1 0.815625 0.27291666666666664 0.019270833333333334 0.014583333333333334
1 0.80625 0.27152777777777776 0.018229166666666668 0.01597222222222222
1 0.7932291666666667 0.2652777777777778 0.01875 0.01597222222222222
1 0.7713541666666667 0.26319444444444445 0.019791666666666666 0.013888888888888888
1 0.7864583333333334 0.25555555555555554 0.015625 0.013194444444444444
2 0.8307291666666666 0.26319444444444445 0.015625 0.022916666666666665
3 0.825 0.25625 0.01875 0.014583333333333334
1 0.8322916666666667 0.2611111111111111 0.023958333333333335 0.013194444444444444
1 0.809375 0.25 0.0203125 0.011111111111111112
1 0.8203125 0.25625 0.016666666666666666 0.011805555555555555
1 0.7635416666666667 0.2590277777777778 0.017708333333333333 0.011805555555555555
1 0.7677083333333333 0.25555555555555554 0.019270833333333334 0.011111111111111112
1 0.771875 0.24791666666666667 0.0171875 0.011111111111111112
3 0.7885416666666667 0.2388888888888889 0.0140625 0.013194444444444444
1 0.7817708333333333 0.23819444444444443 0.014583333333333334 0.010416666666666666
1 0.7666666666666667 0.2826388888888889 0.016666666666666666 0.014583333333333334
1 0.7520833333333333 0.28888888888888886 0.021354166666666667 0.013194444444444444
1 0.75625 0.2916666666666667 0.021354166666666667 0.014583333333333334
3 0.7625 0.29305555555555557 0.03333333333333333 0.022916666666666665
3 0.75625 0.3 0.018229166666666668 0.02013888888888889
1 0.7432291666666667 0.3034722222222222 0.015625 0.019444444444444445
1 0.728125 0.3034722222222222 0.01875 0.01875
1 0.7151041666666667 0.30486111111111114 0.017708333333333333 0.019444444444444445
3 0.7010416666666667 0.3020833333333333 0.016145833333333335 0.022222222222222223
1 0.6875 0.3034722222222222 0.0171875 0.016666666666666666
1 0.671875 0.3034722222222222 0.018229166666666668 0.01875
1 0.65625 0.3034722222222222 0.016666666666666666 0.01875
1 0.6291666666666667 0.3034722222222222 0.016145833333333335 0.016666666666666666
3 0.615625 0.3506944444444444 0.03697916666666667 0.041666666666666664
1 0.50625 0.30416666666666664 0.013541666666666667 0.017361111111111112
3 0.49270833333333336 0.30069444444444443 0.011979166666666667 0.024305555555555556
1 0.47708333333333336 0.30416666666666664 0.0140625 0.017361111111111112
1 0.5192708333333333 0.32708333333333334 0.015625 0.025694444444444443
1 0.4869791666666667 0.3263888888888889 0.011458333333333333 0.019444444444444445
1 0.42916666666666664 0.3034722222222222 0.0109375 0.017361111111111112
1 0.4083333333333333 0.3034722222222222 0.011458333333333333 0.01875
1 0.39166666666666666 0.3034722222222222 0.011979166666666667 0.01875
1 0.3578125 0.30069444444444443 0.017708333333333333 0.02013888888888889
1 0.340625 0.29930555555555555 0.011979166666666667 0.019444444444444445
1 0.32395833333333335 0.3020833333333333 0.011979166666666667 0.019444444444444445
3 0.30572916666666666 0.29930555555555555 0.013541666666666667 0.024305555555555556
1 0.43125 0.3263888888888889 0.0140625 0.021527777777777778
3 0.37604166666666666 0.33125 0.013020833333333334 0.022916666666666665
1 0.3609375 0.32430555555555557 0.013541666666666667 0.02013888888888889
1 0.3416666666666667 0.33125 0.016145833333333335 0.022222222222222223
1 0.34375 0.3215277777777778 0.013020833333333334 0.01875
1 0.32083333333333336 0.3326388888888889 0.016145833333333335 0.021527777777777778
1 0.32708333333333334 0.32013888888888886 0.0140625 0.024305555555555556
1 0.309375 0.32083333333333336 0.016145833333333335 0.022916666666666665
1 0.3 0.3347222222222222 0.0171875 0.022916666666666665
3 0.24479166666666666 0.32708333333333334 0.015104166666666667 0.022222222222222223
3 0.21197916666666666 0.3159722222222222 0.015625 0.025
1 0.046875 0.31875 0.022395833333333334 0.025694444444444443
3 0.053125 0.29583333333333334 0.016145833333333335 0.022916666666666665
3 0.10989583333333333 0.2972222222222222 0.014583333333333334 0.022222222222222223
1 0.12760416666666666 0.3013888888888889 0.010416666666666666 0.019444444444444445
1 0.1484375 0.3 0.016666666666666666 0.016666666666666666
1 0.017708333333333333 0.29930555555555555 0.022395833333333334 0.022222222222222223