1 0.3802083333333333 0.8590277777777777 0.06197916666666667 0.13333333333333333
1 0.49583333333333335 0.7395833333333334 0.0453125 0.08333333333333333
1 0.49270833333333336 0.5465277777777777 0.0375 0.058333333333333334
1 0.39791666666666664 0.44722222222222224 0.024479166666666666 0.035416666666666666
1 0.5078125 0.4340277777777778 0.022916666666666665 0.03125
1 0.4739583333333333 0.3854166666666667 0.0171875 0.027083333333333334
1 0.43802083333333336 0.37430555555555556 0.016666666666666666 0.024305555555555556
1 0.4203125 0.3576388888888889 0.014583333333333334 0.025694444444444443
1 0.49375 0.35138888888888886 0.015625 0.025
1 0.5104166666666666 0.3138888888888889 0.013020833333333334 0.02013888888888889
3 0.4817708333333333 0.29791666666666666 0.011458333333333333 0.017361111111111112
3 0.4640625 0.2951388888888889 0.0125 0.021527777777777778
1 0.484375 0.28402777777777777 0.008854166666666666 0.011111111111111112
1 0.4796875 0.27291666666666664 0.009375 0.011111111111111112
1 0.4635416666666667 0.2590277777777778 0.008854166666666666 0.014583333333333334
2 0.4791666666666667 0.25625 0.008854166666666666 0.021527777777777778
1 0.47604166666666664 0.2548611111111111 0.008333333333333333 0.013194444444444444
1 0.475 0.2423611111111111 0.0067708333333333336 0.011805555555555555