2 0.415625 0.1486111111111111 0.024479166666666666 0.12430555555555556
1 0.5359375 0.21944444444444444 0.028125 0.09652777777777778
1 0.4578125 0.26666666666666666 0.021354166666666667 0.07847222222222222
1 0.428125 0.41805555555555557 0.0234375 0.08611111111111111
1 0.5015625 0.3159722222222222 0.020833333333333332 0.09027777777777778
1 0.5421875 0.3451388888888889 0.024479166666666666 0.08611111111111111
1 0.5052083333333334 0.4826388888888889 0.0234375 0.09444444444444444
1 0.5395833333333333 0.4861111111111111 0.021875 0.08333333333333333
1 0.5953125 0.34305555555555556 0.05677083333333333 0.04583333333333333
3 0.6369791666666667 0.10277777777777777 0.0390625 0.03819444444444445
1 0.2625 0.4826388888888889 0.05 0.044444444444444446
1 0.19947916666666668 0.48333333333333334 0.05416666666666667 0.044444444444444446
1 0.1078125 0.48680555555555555 0.058333333333333334 0.043055555555555555
1 0.3645833333333333 0.7486111111111111 0.020833333333333332 0.0798611111111111
1 0.378125 0.9375 0.05572916666666667 0.06041666666666667
0 0.459375 0.6326388888888889 0.034375 0.18055555555555555
1 0.5447916666666667 0.6222222222222222 0.0234375 0.09166666666666666
1 0.5166666666666667 0.8944444444444445 0.024479166666666666 0.10347222222222222
1 0.5546875 0.8930555555555556 0.024479166666666666 0.10694444444444444
1 0.6244791666666667 0.8909722222222223 0.021875 0.09791666666666667
3 0.6854166666666667 0.40625 0.0640625 0.03680555555555556
3 0.7557291666666667 0.40902777777777777 0.04583333333333333 0.03125
1 0.75625 0.3472222222222222 0.049479166666666664 0.04027777777777778
1 0.8432291666666667 0.6680555555555555 0.04635416666666667 0.08611111111111111
1 0.8567708333333334 0.5930555555555556 0.050520833333333334 0.04027777777777778
1 0.8828125 0.68125 0.041666666666666664 0.08333333333333333
1 0.9130208333333333 0.6611111111111111 0.040625 0.09444444444444444
1 0.9505208333333334 0.6569444444444444 0.03697916666666667 0.0875
1 0.9817708333333334 0.6555555555555556 0.0359375 0.09027777777777778
1 0.9421875 0.2826388888888889 0.04635416666666667 0.06527777777777778
1 0.9864583333333333 0.22569444444444445 0.027083333333333334 0.059722222222222225