1 0.634375 0.9666666666666667 0.019791666666666666 0.043055555555555555
1 0.5942708333333333 0.9611111111111111 0.016666666666666666 0.050694444444444445
1 0.5739583333333333 0.9666666666666667 0.016666666666666666 0.043055555555555555
1 0.5869791666666667 0.8979166666666667 0.018229166666666668 0.044444444444444446
1 0.5989583333333334 0.8388888888888889 0.015625 0.03263888888888889
1 0.5755208333333334 0.8493055555555555 0.015625 0.035416666666666666
1 0.5635416666666667 0.8006944444444445 0.0140625 0.035416666666666666
1 0.5666666666666667 0.9298611111111111 0.016666666666666666 0.04027777777777778
1 0.5666666666666667 0.8944444444444445 0.016666666666666666 0.03888888888888889
1 0.5583333333333333 0.8659722222222223 0.014583333333333334 0.03263888888888889
1 0.5515625 0.8368055555555556 0.014583333333333334 0.03125
1 0.546875 0.8069444444444445 0.014583333333333334 0.03263888888888889
1 0.5427083333333333 0.7791666666666667 0.014583333333333334 0.03125
1 0.5291666666666667 0.7069444444444445 0.0125 0.02638888888888889
2 0.5182291666666666 0.6479166666666667 0.020833333333333332 0.06111111111111111
1 0.55 0.7277777777777777 0.013020833333333334 0.03125
1 0.5307291666666667 0.7277777777777777 0.013020833333333334 0.025
1 0.5375 0.7506944444444444 0.011979166666666667 0.027777777777777776
3 0.5395833333333333 0.6777777777777778 0.011979166666666667 0.029861111111111113
1 0.5291666666666667 0.6479166666666667 0.010416666666666666 0.019444444444444445
0 0.546875 0.63125 0.017708333333333333 0.044444444444444446
2 0.5098958333333333 0.6034722222222222 0.019791666666666666 0.059027777777777776
1 0.5192708333333333 0.5861111111111111 0.008854166666666666 0.022222222222222223
1 0.5302083333333333 0.5798611111111112 0.010416666666666666 0.019444444444444445
1 0.5119791666666667 0.55625 0.008333333333333333 0.016666666666666666
3 0.4979166666666667 0.5708333333333333 0.010416666666666666 0.019444444444444445
1 0.5005208333333333 0.5611111111111111 0.008333333333333333 0.016666666666666666
1 0.49583333333333335 0.5465277777777777 0.008333333333333333 0.018055555555555554
1 0.5145833333333333 0.5138888888888888 0.008333333333333333 0.01597222222222222
1 0.496875 0.5319444444444444 0.007291666666666667 0.01597222222222222
2 0.4895833333333333 0.5048611111111111 0.014583333333333334 0.044444444444444446
1 0.503125 0.50625 0.007291666666666667 0.014583333333333334
0 0.4979166666666667 0.45 0.009375 0.02361111111111111
1 0.5104166666666666 0.43472222222222223 0.005729166666666666 0.011805555555555555
2 0.5395833333333333 0.4083333333333333 0.0125 0.027777777777777776
1 0.5317708333333333 0.47291666666666665 0.007291666666666667 0.013194444444444444
3 0.5239583333333333 0.48541666666666666 0.008333333333333333 0.016666666666666666
3 0.5458333333333333 0.50625 0.007291666666666667 0.016666666666666666
1 0.6104166666666667 0.5513888888888889 0.009375 0.013194444444444444
1 0.5729166666666666 0.46875 0.007291666666666667 0.011805555555555555
3 0.6369791666666667 0.6048611111111111 0.010416666666666666 0.016666666666666666
1 0.6541666666666667 0.6416666666666667 0.0140625 0.018055555555555554
2 0.6932291666666667 0.7416666666666667 0.03802083333333333 0.08472222222222223
3 0.7557291666666667 0.8458333333333333 0.019270833333333334 0.02847222222222222