1 0.44479166666666664 0.6680555555555555 0.05260416666666667 0.08402777777777778
1 0.6078125 0.8361111111111111 0.08541666666666667 0.14444444444444443
1 0.46458333333333335 0.6152777777777778 0.03697916666666667 0.04722222222222222
1 0.59375 0.7534722222222222 0.0625 0.10277777777777777
1 0.575 0.6979166666666666 0.049479166666666664 0.07777777777777778
1 0.5744791666666667 0.6520833333333333 0.04375 0.05
1 0.5723958333333333 0.6277777777777778 0.036458333333333336 0.044444444444444446
1 0.5692708333333333 0.6131944444444445 0.028125 0.03958333333333333
1 0.565625 0.5965277777777778 0.028645833333333332 0.052083333333333336
1 0.51875 0.5284722222222222 0.015104166666666667 0.021527777777777778
1 0.325 0.6555555555555556 0.059895833333333336 0.07777777777777778
1 0.43854166666666666 0.56875 0.022395833333333334 0.035416666666666666
1 0.4630208333333333 0.5625 0.022916666666666665 0.027083333333333334
1 0.4739583333333333 0.5506944444444445 0.019791666666666666 0.025
1 0.4895833333333333 0.5284722222222222 0.0140625 0.014583333333333334
1 0.4947916666666667 0.5229166666666667 0.011458333333333333 0.016666666666666666
1 0.5552083333333333 0.5784722222222223 0.020833333333333332 0.029861111111111113
1 0.5541666666666667 0.56875 0.022395833333333334 0.03263888888888889
1 0.553125 0.5631944444444444 0.022395833333333334 0.03263888888888889
1 0.5510416666666667 0.5486111111111112 0.021875 0.03263888888888889
1 0.6375 0.9486111111111111 0.12760416666666666 0.10277777777777777