2 0.5932291666666667 0.8576388888888888 0.10677083333333333 0.2847222222222222
1 0.4796875 0.6173611111111111 0.043229166666666666 0.11666666666666667
1 0.540625 0.5638888888888889 0.044270833333333336 0.10069444444444445
1 0.46458333333333335 0.48680555555555555 0.04114583333333333 0.09027777777777778
1 0.4791666666666667 0.40625 0.034375 0.07291666666666667
1 0.5432291666666667 0.3034722222222222 0.029166666666666667 0.05763888888888889
1 0.48020833333333335 0.30486111111111114 0.03229166666666667 0.0625
1 0.5307291666666667 0.21944444444444444 0.0234375 0.04722222222222222
1 0.5255208333333333 0.17430555555555555 0.022916666666666665 0.035416666666666666
2 0.5354166666666667 0.10555555555555556 0.030729166666666665 0.10833333333333334
0 0.4869791666666667 0.18888888888888888 0.034375 0.11388888888888889
2 0.49583333333333335 0.0798611111111111 0.025520833333333333 0.07569444444444444
2 0.321875 0.06319444444444444 0.0390625 0.09027777777777778
3 0.3645833333333333 0.024305555555555556 0.021354166666666667 0.04861111111111111
1 0.28958333333333336 0.049305555555555554 0.018229166666666668 0.027777777777777776
1 0.14010416666666667 0.30486111111111114 0.043229166666666666 0.0625
1 0.08229166666666667 0.29791666666666666 0.042708333333333334 0.0625
2 0.0921875 0.6430555555555556 0.184375 0.4861111111111111
1 0.4859375 0.9583333333333334 0.06770833333333333 0.08333333333333333
1 0.0765625 0.11388888888888889 0.025 0.03680555555555556
1 0.0171875 0.20347222222222222 0.034375 0.04861111111111111
1 0.013541666666666667 0.1527777777777778 0.027083333333333334 0.03888888888888889
1 0.9567708333333333 0.21458333333333332 0.0640625 0.05
1 0.8833333333333333 0.1451388888888889 0.05572916666666667 0.03680555555555556
1 0.8796875 0.13333333333333333 0.05520833333333333 0.03125
1 0.8755208333333333 0.12638888888888888 0.05520833333333333 0.03263888888888889
1 0.8458333333333333 0.10902777777777778 0.04479166666666667 0.027777777777777776
1 0.8375 0.09652777777777778 0.03958333333333333 0.02847222222222222
1 0.8255208333333334 0.08680555555555555 0.0390625 0.027777777777777776
1 0.8177083333333334 0.07916666666666666 0.04114583333333333 0.025
1 0.8026041666666667 0.07152777777777777 0.0375 0.022222222222222223
1 0.8020833333333334 0.06319444444444444 0.0359375 0.022222222222222223
1 0.7994791666666666 0.05555555555555555 0.0359375 0.019444444444444445
1 0.7942708333333334 0.04861111111111111 0.04583333333333333 0.020833333333333332
1 0.7744791666666667 0.04027777777777778 0.03229166666666667 0.01597222222222222
1 0.771875 0.03611111111111111 0.030729166666666665 0.019444444444444445
1 0.7651041666666667 0.029166666666666667 0.030208333333333334 0.019444444444444445
1 0.7604166666666666 0.021527777777777778 0.028125 0.016666666666666666
1 0.7541666666666667 0.016666666666666666 0.028125 0.022222222222222223
1 0.9854166666666667 0.12916666666666668 0.029166666666666667 0.03680555555555556
1 0.9739583333333334 0.10833333333333334 0.052083333333333336 0.030555555555555555
1 0.9588541666666667 0.09861111111111111 0.03802083333333333 0.029861111111111113
1 0.9489583333333333 0.09305555555555556 0.041666666666666664 0.02638888888888889
1 0.9385416666666667 0.08125 0.049479166666666664 0.03125
1 0.9229166666666667 0.07361111111111111 0.042708333333333334 0.029861111111111113
1 0.8890625 0.05416666666666667 0.04114583333333333 0.022222222222222223
1 0.9708333333333333 0.07430555555555556 0.042708333333333334 0.02847222222222222
1 0.9604166666666667 0.06180555555555556 0.042708333333333334 0.025
3 0.9182291666666667 0.03888888888888889 0.04114583333333333 0.029861111111111113
1 0.8838541666666667 0.04861111111111111 0.03802083333333333 0.02361111111111111
1 0.871875 0.043055555555555555 0.03802083333333333 0.02361111111111111
1 0.865625 0.03333333333333333 0.0359375 0.019444444444444445
1 0.8583333333333333 0.029166666666666667 0.03802083333333333 0.025
1 0.8255208333333334 0.013888888888888888 0.03958333333333333 0.019444444444444445
1 0.840625 0.020833333333333332 0.0375 0.02638888888888889
1 0.89375 0.030555555555555555 0.030208333333333334 0.019444444444444445
1 0.8817708333333333 0.025 0.028125 0.018055555555555554
1 0.8765625 0.016666666666666666 0.035416666666666666 0.022222222222222223
1 0.8479166666666667 0.007638888888888889 0.03125 0.015277777777777777
1 0.8098958333333334 0.007638888888888889 0.03229166666666667 0.015277777777777777
1 0.990625 0.0375 0.018229166666666668 0.025
1 0.9885416666666667 0.02847222222222222 0.022916666666666665 0.020833333333333332
1 0.9682291666666667 0.02013888888888889 0.03802083333333333 0.022222222222222223
1 0.9557291666666666 0.013194444444444444 0.034375 0.020833333333333332
3 0.9416666666666667 0.010416666666666666 0.030729166666666665 0.020833333333333332
1 0.9223958333333333 0.007638888888888889 0.03229166666666667 0.015277777777777777