1 0.49895833333333334 0.6791666666666667 0.0515625 0.08402777777777778
1 0.621875 0.925 0.0546875 0.10555555555555556
1 0.2 0.5215277777777778 0.0484375 0.07291666666666667
1 0.24166666666666667 0.49166666666666664 0.0515625 0.059027777777777776
1 0.265625 0.45555555555555555 0.043229166666666666 0.04097222222222222
1 0.26666666666666666 0.43680555555555556 0.03125 0.03958333333333333
1 0.740625 0.6993055555555555 0.0546875 0.08541666666666667
1 0.6802083333333333 0.5895833333333333 0.05572916666666667 0.075
1 0.653125 0.5270833333333333 0.03854166666666667 0.06736111111111111
1 0.6114583333333333 0.4638888888888889 0.028645833333333332 0.05763888888888889
1 0.58125 0.4388888888888889 0.030208333333333334 0.04652777777777778
1 0.5395833333333333 0.4215277777777778 0.0296875 0.04791666666666667
1 0.5 0.41597222222222224 0.03229166666666667 0.05486111111111111
1 0.2989583333333333 0.4173611111111111 0.027604166666666666 0.050694444444444445
1 0.14479166666666668 0.5993055555555555 0.0578125 0.09236111111111112