1 0.190625 0.9027777777777778 0.11822916666666666 0.1763888888888889
1 0.3463541666666667 0.6902777777777778 0.058854166666666666 0.14652777777777778
3 0.39479166666666665 0.48333333333333334 0.0484375 0.07847222222222222
1 0.396875 0.41805555555555557 0.0375 0.05763888888888889
1 0.03125 0.7638888888888888 0.0625 0.10347222222222222
1 0.03802083333333333 0.7034722222222223 0.07552083333333333 0.09930555555555555
1 0.0375 0.7020833333333333 0.075 0.09930555555555555
1 0.0421875 0.6166666666666667 0.084375 0.10069444444444445
1 0.08072916666666667 0.5569444444444445 0.11302083333333333 0.07569444444444444
1 0.5135416666666667 0.2722222222222222 0.028645833333333332 0.04861111111111111
1 0.44583333333333336 0.19930555555555557 0.025520833333333333 0.04027777777777778
1 0.0234375 0.33055555555555555 0.046875 0.06041666666666667
1 0.0390625 0.30972222222222223 0.06041666666666667 0.052083333333333336
1 0.0578125 0.27847222222222223 0.0609375 0.041666666666666664
3 0.12760416666666666 0.1597222222222222 0.030208333333333334 0.044444444444444446
1 0.83125 0.5006944444444444 0.09635416666666667 0.07847222222222222