1 0.8604166666666667 0.3506944444444444 0.04791666666666667 0.04027777777777778
1 0.8880208333333334 0.4875 0.053125 0.041666666666666664
1 0.9640625 0.48680555555555555 0.05 0.04027777777777778
1 0.875 0.5854166666666667 0.0515625 0.03888888888888889
3 0.8130208333333333 0.48333333333333334 0.06302083333333333 0.041666666666666664
1 0.646875 0.42083333333333334 0.053125 0.041666666666666664
1 0.5484375 0.36041666666666666 0.05 0.04583333333333333
1 0.5239583333333333 0.4083333333333333 0.058333333333333334 0.04583333333333333
1 0.4354166666666667 0.4013888888888889 0.050520833333333334 0.041666666666666664
1 0.3078125 0.40902777777777777 0.050520833333333334 0.041666666666666664
1 0.3255208333333333 0.7319444444444444 0.049479166666666664 0.07083333333333333
1 0.4 0.93125 0.021875 0.09791666666666667
1 0.13958333333333334 0.6743055555555556 0.058854166666666666 0.044444444444444446
1 0.18177083333333333 0.6104166666666667 0.0484375 0.03888888888888889
1 0.059375 0.6083333333333333 0.05572916666666667 0.03819444444444445
1 0.22239583333333332 0.48333333333333334 0.052083333333333336 0.04027777777777778
3 0.21822916666666667 0.4013888888888889 0.04791666666666667 0.03680555555555556
3 0.16302083333333334 0.4756944444444444 0.0484375 0.03888888888888889
1 0.08125 0.48055555555555557 0.058333333333333334 0.043055555555555555
1 0.14114583333333333 0.3993055555555556 0.05 0.04027777777777778
1 0.035416666666666666 0.3951388888888889 0.0515625 0.043055555555555555