1 0.4046875 0.8423611111111111 0.0640625 0.12430555555555556
1 0.5369791666666667 0.6833333333333333 0.05364583333333333 0.08472222222222223
1 0.465625 0.6229166666666667 0.0625 0.08263888888888889
1 0.35833333333333334 0.41180555555555554 0.028645833333333332 0.044444444444444446
1 0.21041666666666667 0.5965277777777778 0.04479166666666667 0.09305555555555556
3 0.23697916666666666 0.4756944444444444 0.03177083333333333 0.06805555555555555
1 0.22552083333333334 0.5333333333333333 0.03229166666666667 0.05486111111111111
1 0.653125 0.9631944444444445 0.07291666666666667 0.07291666666666667
3 0.11614583333333334 0.9166666666666666 0.12916666666666668 0.16597222222222222
1 0.0171875 0.6444444444444445 0.034375 0.04722222222222222
3 0.08020833333333334 0.5180555555555556 0.06041666666666667 0.07708333333333334
3 0.034375 0.48333333333333334 0.06875 0.06388888888888888
1 0.06666666666666667 0.45694444444444443 0.06927083333333334 0.043055555555555555
1 0.07291666666666667 0.43125 0.0609375 0.034027777777777775
1 0.03177083333333333 0.4027777777777778 0.028645833333333332 0.03888888888888889
1 0.014583333333333334 0.35555555555555557 0.027083333333333334 0.02847222222222222
1 0.04791666666666667 0.38125 0.035416666666666666 0.027777777777777776
1 0.04583333333333333 0.3611111111111111 0.028645833333333332 0.02638888888888889
1 0.0671875 0.3659722222222222 0.030208333333333334 0.02361111111111111
1 0.10052083333333334 0.3472222222222222 0.027083333333333334 0.025
1 0.10416666666666667 0.3347222222222222 0.025 0.018055555555555554
1 0.12447916666666667 0.31805555555555554 0.025 0.025
3 0.15 0.29444444444444445 0.019270833333333334 0.03680555555555556
3 0.13541666666666666 0.2701388888888889 0.015625 0.022222222222222223
1 0.23385416666666667 0.2861111111111111 0.017708333333333333 0.020833333333333332
1 0.3145833333333333 0.3263888888888889 0.021354166666666667 0.035416666666666666
1 0.3489583333333333 0.31666666666666665 0.015625 0.02638888888888889
1 0.428125 0.43125 0.03177083333333333 0.044444444444444446
1 0.4119791666666667 0.3770833333333333 0.021354166666666667 0.03263888888888889
1 0.4083333333333333 0.3597222222222222 0.022916666666666665 0.02638888888888889
1 0.4 0.33402777777777776 0.019270833333333334 0.025
1 0.3848958333333333 0.3055555555555556 0.016666666666666666 0.020833333333333332
1 0.390625 0.31527777777777777 0.016145833333333335 0.020833333333333332
3 0.38177083333333334 0.28888888888888886 0.016666666666666666 0.018055555555555554
1 0.3770833333333333 0.2791666666666667 0.013020833333333334 0.016666666666666666
1 0.3692708333333333 0.26875 0.0109375 0.014583333333333334
1 0.3692708333333333 0.25625 0.013020833333333334 0.013194444444444444
1 0.34427083333333336 0.29444444444444445 0.015625 0.025
1 0.34270833333333334 0.28194444444444444 0.014583333333333334 0.025
1 0.3458333333333333 0.26666666666666666 0.011979166666666667 0.018055555555555554
1 0.490625 0.5743055555555555 0.028125 0.05625