1 0.7317708333333334 0.9451388888888889 0.19479166666666667 0.10972222222222222
1 0.9567708333333333 0.9583333333333334 0.08229166666666667 0.08333333333333333
2 0.36770833333333336 0.9416666666666667 0.20885416666666667 0.11666666666666667
1 0.14427083333333332 0.9319444444444445 0.20208333333333334 0.1361111111111111
1 0.9541666666666667 0.7430555555555556 0.09166666666666666 0.21805555555555556
3 0.85625 0.6881944444444444 0.08177083333333333 0.18680555555555556
1 0.7442708333333333 0.7479166666666667 0.0859375 0.21666666666666667
1 0.6484375 0.6958333333333333 0.06041666666666667 0.16875
1 0.5416666666666666 0.7020833333333333 0.075 0.21458333333333332
1 0.465625 0.6881944444444444 0.06614583333333333 0.19444444444444445
1 0.36666666666666664 0.7472222222222222 0.06822916666666666 0.15833333333333333
1 0.28177083333333336 0.7013888888888888 0.08385416666666666 0.2
1 0.12083333333333333 0.7215277777777778 0.0734375 0.14930555555555555
3 0.8739583333333333 0.35555555555555557 0.06979166666666667 0.09444444444444444
1 0.796875 0.36180555555555555 0.06458333333333334 0.09444444444444444
1 0.7416666666666667 0.36666666666666664 0.0640625 0.10347222222222222
1 0.6578125 0.3472222222222222 0.090625 0.08472222222222223
1 0.5666666666666667 0.3277777777777778 0.07864583333333333 0.08611111111111111
1 0.9380208333333333 0.36180555555555555 0.07291666666666667 0.08611111111111111
1 0.9760416666666667 0.3645833333333333 0.034375 0.08125
1 0.3770833333333333 0.24722222222222223 0.0140625 0.03680555555555556
1 0.30833333333333335 0.22361111111111112 0.08072916666666667 0.06527777777777778
1 0.2640625 0.08333333333333333 0.03958333333333333 0.05486111111111111
1 0.28489583333333335 0.04722222222222222 0.0609375 0.034027777777777775
1 0.28958333333333336 0.02361111111111111 0.052083333333333336 0.034027777777777775
1 0.121875 0.3034722222222222 0.06302083333333333 0.08333333333333333
1 0.06197916666666667 0.2986111111111111 0.0765625 0.0875
1 0.15833333333333333 0.10555555555555556 0.05677083333333333 0.043055555555555555
1 0.18072916666666666 0.08194444444444444 0.06302083333333333 0.03819444444444445
1 0.190625 0.06319444444444444 0.06458333333333334 0.04027777777777778
1 0.20729166666666668 0.035416666666666666 0.05572916666666667 0.02847222222222222
1 0.21145833333333333 0.022222222222222223 0.04479166666666667 0.02361111111111111
1 0.024479166666666666 0.0625 0.0484375 0.04722222222222222
1 0.03802083333333333 0.029166666666666667 0.0515625 0.035416666666666666
1 0.05364583333333333 0.016666666666666666 0.057291666666666664 0.03263888888888889