1 0.44635416666666666 0.9402777777777778 0.165625 0.11944444444444445
1 0.39166666666666666 0.8006944444444445 0.10677083333333333 0.15833333333333333
1 0.1125 0.6361111111111111 0.0796875 0.09791666666666667
1 0.23541666666666666 0.5965277777777778 0.04635416666666667 0.059027777777777776
1 0.275 0.5340277777777778 0.022916666666666665 0.02847222222222222
1 0.18229166666666666 0.5465277777777777 0.0328125 0.052083333333333336
1 0.37083333333333335 0.6895833333333333 0.0703125 0.09444444444444444
1 0.36354166666666665 0.6423611111111112 0.05677083333333333 0.09166666666666666
1 0.353125 0.6131944444444445 0.04114583333333333 0.06875
1 0.346875 0.5895833333333333 0.0359375 0.052083333333333336
1 0.346875 0.5756944444444444 0.03125 0.05486111111111111
1 0.3421875 0.5631944444444444 0.027083333333333334 0.05
1 0.34270833333333334 0.5381944444444444 0.025520833333333333 0.025694444444444443
1 0.3 0.5006944444444444 0.011979166666666667 0.014583333333333334
1 0.23854166666666668 0.5159722222222223 0.018229166666666668 0.027777777777777776
1 0.25833333333333336 0.5173611111111112 0.015104166666666667 0.021527777777777778
1 0.26979166666666665 0.5069444444444444 0.016145833333333335 0.013888888888888888
1 0.2791666666666667 0.49722222222222223 0.011979166666666667 0.011111111111111112