3 0.42239583333333336 0.7055555555555556 0.052083333333333336 0.11736111111111111
1 0.5760416666666667 0.5555555555555556 0.06770833333333333 0.12013888888888889
1 0.33125 0.7340277777777777 0.0984375 0.15347222222222223
1 0.2791666666666667 0.7041666666666667 0.11354166666666667 0.15138888888888888
1 0.8151041666666666 0.3923611111111111 0.03854166666666667 0.07777777777777778
1 0.8177083333333334 0.29583333333333334 0.03229166666666667 0.059722222222222225
1 0.8177083333333334 0.21875 0.029166666666666667 0.04583333333333333
1 0.8375 0.15902777777777777 0.025 0.03263888888888889
1 0.8427083333333333 0.13472222222222222 0.021354166666666667 0.029861111111111113
1 0.8359375 0.10486111111111111 0.0234375 0.03819444444444445
1 0.8645833333333334 0.02013888888888889 0.016666666666666666 0.025
1 0.9901041666666667 0.024305555555555556 0.019791666666666666 0.022222222222222223
1 0.99375 0.20555555555555555 0.011979166666666667 0.03263888888888889
1 0.6083333333333333 0.4486111111111111 0.0578125 0.08194444444444444
1 0.4947916666666667 0.32013888888888886 0.06666666666666667 0.052083333333333336
1 0.49166666666666664 0.28541666666666665 0.06666666666666667 0.043055555555555555
1 0.5145833333333333 0.2604166666666667 0.06354166666666666 0.044444444444444446
1 0.43802083333333336 0.24305555555555555 0.05 0.04583333333333333
1 0.40260416666666665 0.9263888888888889 0.11927083333333334 0.14583333333333334
1 0.044270833333333336 0.5638888888888889 0.08854166666666667 0.10486111111111111
1 0.018229166666666668 0.5340277777777778 0.036458333333333336 0.08125
1 0.6557291666666667 0.08888888888888889 0.04739583333333333 0.03680555555555556