0 0.45416666666666666 0.09930555555555555 0.017708333333333333 0.10416666666666667
1 0.47291666666666665 0.08888888888888889 0.011458333333333333 0.03333333333333333
1 0.471875 0.12569444444444444 0.011979166666666667 0.03819444444444445
1 0.4734375 0.1673611111111111 0.013020833333333334 0.03819444444444445
1 0.4921875 0.15902777777777777 0.013020833333333334 0.034027777777777775
1 0.4901041666666667 0.09444444444444444 0.011979166666666667 0.03194444444444444
1 0.3776041666666667 0.7527777777777778 0.022916666666666665 0.0763888888888889
1 0.38125 0.6506944444444445 0.019791666666666666 0.06597222222222222
3 0.3848958333333333 0.5625 0.01875 0.0625
3 0.3578125 0.5673611111111111 0.019791666666666666 0.06111111111111111
3 0.38958333333333334 0.48194444444444445 0.019270833333333334 0.06111111111111111
1 0.3619791666666667 0.4798611111111111 0.017708333333333333 0.05347222222222222
1 0.3927083333333333 0.40694444444444444 0.0171875 0.049305555555555554
1 0.36822916666666666 0.3958333333333333 0.016666666666666666 0.04583333333333333
3 0.3458333333333333 0.3701388888888889 0.017708333333333333 0.052083333333333336
1 0.3515625 0.31180555555555556 0.015625 0.041666666666666664
1 0.3734375 0.3298611111111111 0.015104166666666667 0.03819444444444445
1 0.3984375 0.32708333333333334 0.015625 0.044444444444444446
3 0.9286458333333333 0.027083333333333334 0.01875 0.029166666666666667
1 0.9416666666666667 0.09652777777777778 0.020833333333333332 0.03333333333333333