1 0.6869791666666667 0.8888888888888888 0.11979166666666667 0.2222222222222222
1 0.4171875 0.9333333333333333 0.09583333333333334 0.1326388888888889
1 0.30833333333333335 0.9097222222222222 0.13645833333333332 0.18055555555555555
1 0.6723958333333333 0.6736111111111112 0.0625 0.13958333333333334
3 0.6708333333333333 0.55 0.040625 0.08194444444444444
1 0.49375 0.5173611111111112 0.052083333333333336 0.09861111111111111
3 0.6666666666666666 0.44583333333333336 0.04635416666666667 0.10833333333333334
1 0.6598958333333333 0.37430555555555556 0.040625 0.059722222222222225
1 0.5458333333333333 0.34930555555555554 0.0328125 0.06111111111111111
1 0.6572916666666667 0.31805555555555554 0.03177083333333333 0.04791666666666667
1 0.6552083333333333 0.2701388888888889 0.027604166666666666 0.04097222222222222
1 0.6510416666666666 0.23472222222222222 0.026041666666666668 0.0375
1 0.6515625 0.20416666666666666 0.023958333333333335 0.034027777777777775
1 0.6515625 0.18125 0.019791666666666666 0.025694444444444443
1 0.5536458333333333 0.2951388888888889 0.030729166666666665 0.05277777777777778
1 0.5635416666666667 0.2534722222222222 0.030729166666666665 0.044444444444444446
3 0.56875 0.21180555555555555 0.024479166666666666 0.041666666666666664
3 0.5723958333333333 0.19027777777777777 0.01875 0.02638888888888889
1 0.5807291666666666 0.16944444444444445 0.022395833333333334 0.03888888888888889
1 0.5838541666666667 0.15208333333333332 0.017708333333333333 0.025
1 0.5848958333333333 0.13402777777777777 0.016145833333333335 0.02013888888888889
1 0.65 0.14583333333333334 0.0171875 0.025694444444444443
1 0.6458333333333334 0.11597222222222223 0.015104166666666667 0.022916666666666665
1 0.6416666666666667 0.09236111111111112 0.025 0.017361111111111112
1 0.5697916666666667 0.10347222222222222 0.034895833333333334 0.024305555555555556
3 0.49270833333333336 0.12777777777777777 0.0390625 0.02847222222222222
1 0.4354166666666667 0.21319444444444444 0.059895833333333336 0.03263888888888889
1 0.678125 0.07569444444444444 0.0296875 0.018055555555555554
1 0.8057291666666667 0.0875 0.0328125 0.017361111111111112
1 0.7682291666666666 0.05277777777777778 0.020833333333333332 0.013194444444444444
1 0.7567708333333333 0.04791666666666667 0.021354166666666667 0.011805555555555555
1 0.7395833333333334 0.03888888888888889 0.01875 0.011111111111111112
3 0.75 0.06875 0.0296875 0.019444444444444445
3 0.2390625 0.3451388888888889 0.06666666666666667 0.058333333333333334