1 0.6572916666666667 0.8618055555555556 0.05260416666666667 0.06319444444444444
1 0.3984375 0.8590277777777777 0.0234375 0.08402777777777778
1 0.31197916666666664 0.8840277777777777 0.029166666666666667 0.0875
1 0.4161458333333333 0.34652777777777777 0.016666666666666666 0.04791666666666667
1 0.5072916666666667 0.2861111111111111 0.016666666666666666 0.05694444444444444
1 0.5458333333333333 0.46597222222222223 0.019791666666666666 0.058333333333333334
1 0.5828125 0.5625 0.034375 0.05555555555555555
1 0.8854166666666666 0.5333333333333333 0.0421875 0.03958333333333333
1 0.9427083333333334 0.5270833333333333 0.041666666666666664 0.03680555555555556
1 0.44895833333333335 0.95 0.022395833333333334 0.09791666666666667
1 0.9890625 0.5069444444444444 0.021354166666666667 0.03680555555555556
3 0.7401041666666667 0.5680555555555555 0.05 0.049305555555555554
3 0.8286458333333333 0.5493055555555556 0.05 0.04583333333333333
1 0.5338541666666666 0.6819444444444445 0.0234375 0.08263888888888889
3 0.4859375 0.85625 0.022395833333333334 0.1
1 0.45364583333333336 0.010416666666666666 0.0140625 0.018055555555555554