1 0.43802083333333336 0.9534722222222223 0.04010416666666667 0.08888888888888889
1 0.43072916666666666 0.8208333333333333 0.042708333333333334 0.11805555555555555
1 0.42864583333333334 0.7041666666666667 0.042708333333333334 0.11319444444444444
1 0.4296875 0.5791666666666667 0.030729166666666665 0.09513888888888888
1 0.4296875 0.4534722222222222 0.029166666666666667 0.08125
1 0.42552083333333335 0.37083333333333335 0.029166666666666667 0.07361111111111111
1 0.4244791666666667 0.2902777777777778 0.022916666666666665 0.06111111111111111
1 0.425 0.24305555555555555 0.021354166666666667 0.035416666666666666
1 0.4244791666666667 0.2076388888888889 0.019270833333333334 0.02638888888888889
1 0.46875 0.23819444444444443 0.022916666666666665 0.06319444444444444
1 0.5541666666666667 0.35625 0.029166666666666667 0.06458333333333334
1 0.49166666666666664 0.024305555555555556 0.022395833333333334 0.03680555555555556
1 0.7651041666666667 0.04375 0.017708333333333333 0.04027777777777778
1 0.6208333333333333 0.006944444444444444 0.04791666666666667 0.013194444444444444
1 0.6244791666666667 0.01875 0.042708333333333334 0.02013888888888889
1 0.6223958333333334 0.04097222222222222 0.040625 0.020833333333333332
1 0.6359375 0.05694444444444444 0.03854166666666667 0.025
1 0.6380208333333334 0.08125 0.04791666666666667 0.02361111111111111
1 0.6416666666666667 0.10555555555555556 0.04375 0.025
1 0.6520833333333333 0.12777777777777777 0.04583333333333333 0.020833333333333332
1 0.6536458333333334 0.1451388888888889 0.04739583333333333 0.022222222222222223
1 0.6604166666666667 0.1673611111111111 0.05520833333333333 0.03333333333333333
1 0.6723958333333333 0.19652777777777777 0.05572916666666667 0.03819444444444445
1 0.671875 0.22708333333333333 0.052083333333333336 0.03125
1 0.68125 0.2569444444444444 0.052083333333333336 0.029861111111111113
1 0.6901041666666666 0.28194444444444444 0.0515625 0.03611111111111111
1 0.6984375 0.3194444444444444 0.05625 0.03680555555555556
1 0.70625 0.34791666666666665 0.06197916666666667 0.04027777777777778
1 0.7098958333333333 0.38263888888888886 0.06510416666666667 0.043055555555555555
1 0.7125 0.4222222222222222 0.06770833333333333 0.043055555555555555
3 0.7265625 0.4597222222222222 0.0609375 0.043055555555555555
1 0.7291666666666666 0.5083333333333333 0.0671875 0.04861111111111111
1 0.7354166666666667 0.5569444444444445 0.07083333333333333 0.043055555555555555
1 0.7473958333333334 0.6 0.07291666666666667 0.04791666666666667
1 0.6354166666666666 0.7340277777777777 0.036458333333333336 0.09305555555555556
1 0.6598958333333333 0.9361111111111111 0.0484375 0.12777777777777777
1 0.7864583333333334 0.02013888888888889 0.01875 0.022222222222222223
3 0.8453125 0.3645833333333333 0.03333333333333333 0.06944444444444445
1 0.8463541666666666 0.4131944444444444 0.06145833333333333 0.05416666666666667
1 0.7578125 0.6611111111111111 0.07864583333333333 0.059027777777777776
1 0.771875 0.71875 0.08229166666666667 0.05694444444444444
1 0.7880208333333333 0.7715277777777778 0.08489583333333334 0.06111111111111111
1 0.8005208333333333 0.825 0.08020833333333334 0.06111111111111111
1 0.8072916666666666 0.8944444444444445 0.0984375 0.07013888888888889
1 0.8338541666666667 0.9652777777777778 0.09791666666666667 0.06736111111111111
1 0.9463541666666667 0.7 0.05416666666666667 0.1125
1 0.978125 0.8361111111111111 0.04375 0.1125