1 0.2552083333333333 0.9708333333333333 0.1625 0.058333333333333334
1 0.37395833333333334 0.7777777777777778 0.11927083333333334 0.11597222222222223
1 0.37916666666666665 0.6270833333333333 0.11875 0.09027777777777778
2 0.3489583333333333 0.43680555555555556 0.1375 0.0798611111111111
2 0.33229166666666665 0.3541666666666667 0.16875 0.10972222222222222
3 0.428125 0.28541666666666665 0.03229166666666667 0.08333333333333333
2 0.3421875 0.26319444444444445 0.1140625 0.0798611111111111
3 0.40260416666666665 0.22361111111111112 0.08125 0.05416666666666667
3 0.3796875 0.18888888888888888 0.06197916666666667 0.04652777777777778
3 0.340625 0.15555555555555556 0.05625 0.04513888888888889
1 0.35260416666666666 0.12708333333333333 0.06458333333333334 0.04375
2 0.37083333333333335 0.06666666666666667 0.08125 0.06180555555555556
1 0.35 0.03194444444444444 0.05572916666666667 0.035416666666666666
3 0.37135416666666665 0.01875 0.04635416666666667 0.0375
1 0.4895833333333333 0.07013888888888889 0.025520833333333333 0.0375
3 0.6453125 0.5375 0.08541666666666667 0.10208333333333333
3 0.5942708333333333 0.3715277777777778 0.06979166666666667 0.07569444444444444
1 0.584375 0.32430555555555557 0.0765625 0.05763888888888889
3 0.6171875 0.25972222222222224 0.08854166666666667 0.07291666666666667
2 0.5901041666666667 0.21597222222222223 0.10625 0.09305555555555556
2 0.5552083333333333 0.15208333333333332 0.06302083333333333 0.04861111111111111
1 0.553125 0.12638888888888888 0.0609375 0.04027777777777778
1 0.55 0.10486111111111111 0.05625 0.029861111111111113
3 0.5463541666666667 0.08194444444444444 0.05364583333333333 0.03611111111111111
1 0.5421875 0.06180555555555556 0.04895833333333333 0.030555555555555555
1 0.5302083333333333 0.04513888888888889 0.05 0.03333333333333333
1 0.5328125 0.025 0.052083333333333336 0.03194444444444444
3 0.5307291666666667 0.009722222222222222 0.040625 0.019444444444444445
1 0.8583333333333333 0.3416666666666667 0.04479166666666667 0.07222222222222222
1 0.8161458333333333 0.21736111111111112 0.06614583333333333 0.04652777777777778
2 0.7833333333333333 0.1597222222222222 0.10833333333333334 0.07777777777777778
1 0.7552083333333334 0.1111111111111111 0.0609375 0.04722222222222222
1 0.7307291666666667 0.09444444444444444 0.044270833333333336 0.034027777777777775
1 0.9828125 0.5201388888888889 0.033854166666666664 0.10069444444444445
3 0.3223958333333333 0.4909722222222222 0.08958333333333333 0.06666666666666667
1 0.36875 0.1111111111111111 0.06510416666666667 0.03680555555555556