1 0.17604166666666668 0.9631944444444445 0.15625 0.07361111111111111
1 0.11979166666666667 0.8826388888888889 0.14322916666666666 0.11666666666666667
1 0.2859375 0.8708333333333333 0.1359375 0.17916666666666667
3 0.42916666666666664 0.8201388888888889 0.12760416666666666 0.14375
1 0.22708333333333333 0.6847222222222222 0.12083333333333333 0.11666666666666667
1 0.39375 0.65 0.12552083333333333 0.10833333333333334
1 0.078125 0.7291666666666666 0.11979166666666667 0.13680555555555557
3 0.090625 0.4 0.08697916666666666 0.10416666666666667
1 0.021354166666666667 0.6201388888888889 0.042708333333333334 0.12083333333333333
2 0.2 0.5097222222222222 0.125 0.14722222222222223
2 0.2760416666666667 0.47708333333333336 0.09739583333333333 0.11458333333333333
1 0.08958333333333333 0.017361111111111112 0.06145833333333333 0.034722222222222224
3 0.7020833333333333 0.8743055555555556 0.13177083333333334 0.1763888888888889
2 0.4703125 0.47708333333333336 0.1125 0.11180555555555556
2 0.615625 0.27152777777777776 0.10989583333333333 0.09444444444444444
2 0.7864583333333334 0.5277777777777778 0.12708333333333333 0.09722222222222222
2 0.9109375 0.4083333333333333 0.05677083333333333 0.08819444444444445
1 0.7161458333333334 0.08680555555555555 0.058854166666666666 0.05694444444444444