0 0.025520833333333333 0.9083333333333333 0.051041666666666666 0.06944444444444445
0 0.09427083333333333 0.8548611111111111 0.09739583333333333 0.09236111111111112
1 0.0328125 0.8569444444444444 0.030208333333333334 0.03680555555555556
1 0.0734375 0.8263888888888888 0.04010416666666667 0.04583333333333333
1 0.12291666666666666 0.7972222222222223 0.0328125 0.04027777777777778
1 0.18385416666666668 0.7979166666666667 0.036458333333333336 0.043055555555555555
1 0.18229166666666666 0.7513888888888889 0.036458333333333336 0.043055555555555555
1 0.23489583333333333 0.7138888888888889 0.03854166666666667 0.044444444444444446
2 0.246875 0.7555555555555555 0.050520833333333334 0.059722222222222225
1 0.30104166666666665 0.7118055555555556 0.036458333333333336 0.043055555555555555
1 0.31197916666666664 0.6652777777777777 0.034375 0.041666666666666664
1 0.34375 0.6805555555555556 0.029166666666666667 0.034027777777777775
1 0.38697916666666665 0.6534722222222222 0.03697916666666667 0.043055555555555555
1 0.38645833333333335 0.6076388888888888 0.03697916666666667 0.043055555555555555
1 0.4630208333333333 0.5541666666666667 0.03854166666666667 0.044444444444444446
2 0.484375 0.5847222222222223 0.05260416666666667 0.058333333333333334
1 0.528125 0.5076388888888889 0.034895833333333334 0.04027777777777778
2 0.5822916666666667 0.5194444444444445 0.0921875 0.0875
1 0.6005208333333333 0.4618055555555556 0.036458333333333336 0.04583333333333333
1 0.6802083333333333 0.4076388888888889 0.0390625 0.04583333333333333
1 0.6848958333333334 0.44930555555555557 0.0328125 0.04027777777777778
1 0.7333333333333333 0.4166666666666667 0.0421875 0.049305555555555554
1 0.7817708333333333 0.3784722222222222 0.0390625 0.04583333333333333
1 0.7802083333333333 0.33611111111111114 0.034375 0.04027777777777778
1 0.8348958333333333 0.2951388888888889 0.03333333333333333 0.03958333333333333
0 0.859375 0.33194444444444443 0.042708333333333334 0.04722222222222222
1 0.9322916666666666 0.28055555555555556 0.042708333333333334 0.04791666666666667
1 0.8901041666666667 0.25625 0.03229166666666667 0.03819444444444445
1 0.9473958333333333 0.22291666666666668 0.04375 0.04722222222222222
2 0.9817708333333334 0.24097222222222223 0.036458333333333336 0.04791666666666667
1 0.7859375 0.24513888888888888 0.028645833333333332 0.035416666666666666
2 0.4744791666666667 0.36944444444444446 0.09375 0.09652777777777778
1 0.228125 0.6409722222222223 0.03802083333333333 0.043055555555555555
1 0.18333333333333332 0.6215277777777778 0.03802083333333333 0.04583333333333333
1 0.1453125 0.7013888888888888 0.036458333333333336 0.041666666666666664
1 0.027604166666666666 0.7638888888888888 0.0328125 0.043055555555555555