1 0.5505208333333333 0.7541666666666667 0.04479166666666667 0.06111111111111111
1 0.6052083333333333 0.09305555555555556 0.0171875 0.027777777777777776
3 0.6484375 0.19027777777777777 0.019791666666666666 0.03263888888888889
1 0.63125 0.013194444444444444 0.0140625 0.022222222222222223
3 0.6208333333333333 0.4340277777777778 0.03333333333333333 0.044444444444444446
1 0.6385416666666667 0.5576388888888889 0.0328125 0.052083333333333336
1 0.6072916666666667 0.7229166666666667 0.0359375 0.06111111111111111
3 0.7546875 0.004861111111111111 0.020833333333333332 0.009722222222222222
3 0.8197916666666667 0.02638888888888889 0.019791666666666666 0.022916666666666665
1 0.775 0.1111111111111111 0.019791666666666666 0.022916666666666665
1 0.8427083333333333 0.11666666666666667 0.0234375 0.018055555555555554
1 0.825 0.09097222222222222 0.01875 0.01597222222222222
1 0.7932291666666667 0.04583333333333333 0.0109375 0.009722222222222222
1 0.8114583333333333 0.06597222222222222 0.013020833333333334 0.0125
1 0.8723958333333334 0.09444444444444444 0.020833333333333332 0.02013888888888889
1 0.8848958333333333 0.1736111111111111 0.025 0.018055555555555554
1 0.9375 0.1625 0.030729166666666665 0.02013888888888889
1 0.8927083333333333 0.11944444444444445 0.025 0.02361111111111111
1 0.85625 0.13125 0.024479166666666666 0.01875
1 0.834375 0.10347222222222222 0.022916666666666665 0.011111111111111112