1 0.09739583333333333 0.58125 0.07916666666666666 0.04652777777777778
3 0.18333333333333332 0.5854166666666667 0.06145833333333333 0.04027777777777778
1 0.25416666666666665 0.6006944444444444 0.07447916666666667 0.04097222222222222
1 0.022395833333333334 0.6881944444444444 0.04479166666666667 0.075
1 0.03958333333333333 0.7006944444444444 0.06770833333333333 0.058333333333333334
1 0.0890625 0.7083333333333334 0.075 0.07222222222222222
1 0.16770833333333332 0.7388888888888889 0.07552083333333333 0.08402777777777778
1 0.26510416666666664 0.5145833333333333 0.06666666666666667 0.03680555555555556
0 0.4166666666666667 0.6194444444444445 0.07760416666666667 0.17777777777777778
1 0.6177083333333333 0.42291666666666666 0.020833333333333332 0.034027777777777775
1 0.4119791666666667 0.5138888888888888 0.030208333333333334 0.044444444444444446
3 0.4270833333333333 0.4673611111111111 0.034375 0.05694444444444444
1 0.5463541666666667 0.3993055555555556 0.019791666666666666 0.025
3 0.38333333333333336 0.3763888888888889 0.034375 0.022222222222222223
3 0.41510416666666666 0.38819444444444445 0.022916666666666665 0.03333333333333333
1 0.4942708333333333 0.33125 0.0171875 0.027777777777777776
1 0.5651041666666666 0.2520833333333333 0.007291666666666667 0.009722222222222222
1 0.5838541666666667 0.31180555555555556 0.011979166666666667 0.02013888888888889
1 0.534375 0.3416666666666667 0.015625 0.02361111111111111
1 0.5411458333333333 0.30972222222222223 0.011979166666666667 0.01597222222222222
1 0.5546875 0.3138888888888889 0.0109375 0.018055555555555554
1 0.5338541666666666 0.28888888888888886 0.0109375 0.013194444444444444
1 0.5515625 0.28541666666666665 0.0109375 0.015277777777777777
1 0.5401041666666667 0.275 0.011979166666666667 0.0125
1 0.5645833333333333 0.2798611111111111 0.009375 0.01597222222222222
1 0.5796875 0.26805555555555555 0.0078125 0.014583333333333334
1 0.5791666666666667 0.25972222222222224 0.009895833333333333 0.013194444444444444
1 0.5916666666666667 0.26319444444444445 0.00625 0.008333333333333333
1 0.6057291666666667 0.28194444444444444 0.008333333333333333 0.013194444444444444
1 0.6098958333333333 0.2569444444444444 0.007291666666666667 0.008333333333333333
1 0.6005208333333333 0.25972222222222224 0.007291666666666667 0.006944444444444444
1 0.60625 0.24791666666666667 0.007291666666666667 0.008333333333333333
1 0.6083333333333333 0.2375 0.0078125 0.008333333333333333
1 0.5979166666666667 0.24861111111111112 0.007291666666666667 0.009722222222222222
1 0.5770833333333333 0.2326388888888889 0.005729166666666666 0.006944444444444444
1 0.5802083333333333 0.2388888888888889 0.007291666666666667 0.006944444444444444
1 0.5822916666666667 0.24375 0.007291666666666667 0.007638888888888889
1 0.5671875 0.23194444444444445 0.007291666666666667 0.010416666666666666
2 0.5890625 0.25069444444444444 0.009895833333333333 0.015277777777777777
1 0.5973958333333333 0.24930555555555556 0.007291666666666667 0.008333333333333333
1 0.5822916666666667 0.20416666666666666 0.005208333333333333 0.004861111111111111
1 0.35989583333333336 0.9291666666666667 0.09375 0.14166666666666666
1 0.4984375 0.40555555555555556 0.015625 0.027777777777777776
1 0.6036458333333333 0.26666666666666666 0.008333333333333333 0.005555555555555556
1 0.6145833333333334 0.2652777777777778 0.0078125 0.008333333333333333
1 0.59375 0.27152777777777776 0.008333333333333333 0.009722222222222222
1 0.6932291666666667 0.29444444444444445 0.0109375 0.013194444444444444
1 0.8229166666666666 0.525 0.028645833333333332 0.03611111111111111
1 0.9765625 0.6340277777777777 0.04635416666666667 0.06180555555555556