2 0.013020833333333334 0.15138888888888888 0.026041666666666668 0.05555555555555555
2 0.030208333333333334 0.16875 0.028645833333333332 0.044444444444444446
2 0.050520833333333334 0.17222222222222222 0.027083333333333334 0.049305555555555554
2 0.08229166666666667 0.1798611111111111 0.028645833333333332 0.04791666666666667
2 0.10052083333333334 0.22569444444444445 0.027604166666666666 0.06111111111111111
2 0.0640625 0.03680555555555556 0.0265625 0.04791666666666667
2 0.0828125 0.050694444444444445 0.022916666666666665 0.044444444444444446
2 0.10833333333333334 0.07222222222222222 0.0234375 0.04097222222222222
2 0.14375 0.09097222222222222 0.03854166666666667 0.029861111111111113
2 0.28802083333333334 0.14930555555555555 0.034895833333333334 0.02361111111111111
1 0.30104166666666665 0.32430555555555557 0.027604166666666666 0.018055555555555554
1 0.2984375 0.3729166666666667 0.027083333333333334 0.022222222222222223
1 0.43072916666666666 0.38958333333333334 0.013020833333333334 0.03819444444444445
1 0.4322916666666667 0.4444444444444444 0.0109375 0.030555555555555555
1 0.43333333333333335 0.53125 0.0171875 0.03263888888888889
1 0.42916666666666664 0.48541666666666666 0.011458333333333333 0.03680555555555556
3 0.3458333333333333 0.18680555555555556 0.036458333333333336 0.022222222222222223