2 0.04479166666666667 0.6513888888888889 0.08958333333333333 0.10347222222222222
1 0.3885416666666667 0.6284722222222222 0.09739583333333333 0.09583333333333334
1 0.29375 0.6291666666666667 0.10104166666666667 0.07569444444444444
3 0.24479166666666666 0.7104166666666667 0.13125 0.14583333333333334
1 0.6119791666666666 0.4131944444444444 0.0578125 0.044444444444444446
3 0.8401041666666667 0.5868055555555556 0.06458333333333334 0.07430555555555556
3 0.8916666666666667 0.5326388888888889 0.06614583333333333 0.07291666666666667
1 0.7109375 0.3013888888888889 0.05625 0.03958333333333333
1 0.7270833333333333 0.2777777777777778 0.04114583333333333 0.027777777777777776
1 0.8098958333333334 0.2847222222222222 0.03697916666666667 0.02638888888888889
1 0.8484375 0.2708333333333333 0.022395833333333334 0.02847222222222222
1 0.875 0.25833333333333336 0.04739583333333333 0.022916666666666665
1 0.890625 0.24791666666666667 0.030729166666666665 0.021527777777777778
1 0.9104166666666667 0.2375 0.03125 0.02361111111111111
1 0.9927083333333333 0.20625 0.014583333333333334 0.02013888888888889
1 0.98125 0.21319444444444444 0.029166666666666667 0.02013888888888889
3 0.9390625 0.1673611111111111 0.0328125 0.022222222222222223
1 0.8744791666666667 0.16319444444444445 0.024479166666666666 0.016666666666666666
1 0.9255208333333333 0.15833333333333333 0.0296875 0.017361111111111112
1 0.934375 0.15694444444444444 0.022916666666666665 0.018055555555555554
1 0.94375 0.15486111111111112 0.0234375 0.017361111111111112
1 0.9526041666666667 0.15138888888888888 0.027083333333333334 0.013888888888888888
1 0.9229166666666667 0.13402777777777777 0.0171875 0.013888888888888888
1 0.596875 0.25833333333333336 0.043229166666666666 0.020833333333333332
3 0.6526041666666667 0.23819444444444443 0.035416666666666666 0.027777777777777776
1 0.6677083333333333 0.23472222222222222 0.043229166666666666 0.027777777777777776
1 0.6796875 0.22777777777777777 0.03958333333333333 0.02638888888888889
1 0.7052083333333333 0.225 0.034895833333333334 0.022916666666666665
1 0.6390625 0.20555555555555555 0.0328125 0.019444444444444445
0 0.18125 0.08055555555555556 0.0453125 0.01875
0 0.2526041666666667 0.08472222222222223 0.03958333333333333 0.01875
0 0.24583333333333332 0.08263888888888889 0.042708333333333334 0.019444444444444445
0 0.2359375 0.08194444444444444 0.04791666666666667 0.020833333333333332
0 0.22760416666666666 0.07916666666666666 0.04114583333333333 0.021527777777777778