1 0.81875 0.6791666666666667 0.042708333333333334 0.035416666666666666
1 0.8010416666666667 0.6159722222222223 0.0421875 0.029166666666666667
0 0.8098958333333334 0.4826388888888889 0.08854166666666667 0.07013888888888889
1 0.6786458333333333 0.54375 0.03854166666666667 0.03194444444444444
1 0.6229166666666667 0.6590277777777778 0.034375 0.029166666666666667
0 0.5979166666666667 0.6277777777777778 0.05 0.044444444444444446
1 0.4671875 0.5506944444444445 0.019791666666666666 0.04791666666666667
1 0.5458333333333333 0.5395833333333333 0.034895833333333334 0.03333333333333333
1 0.48489583333333336 0.42569444444444443 0.013541666666666667 0.03958333333333333
1 0.4630208333333333 0.3958333333333333 0.013020833333333334 0.03333333333333333
1 0.47760416666666666 0.34652777777777777 0.013020833333333334 0.030555555555555555
3 0.4234375 0.3145833333333333 0.017708333333333333 0.050694444444444445
1 0.4239583333333333 0.2625 0.0109375 0.027777777777777776
1 0.44947916666666665 0.09513888888888888 0.009895833333333333 0.022916666666666665
1 0.428125 0.09861111111111111 0.0109375 0.01875
1 0.42604166666666665 0.0625 0.009375 0.018055555555555554
1 0.45416666666666666 0.04791666666666667 0.013541666666666667 0.02013888888888889
1 0.4239583333333333 0.03611111111111111 0.0078125 0.016666666666666666
1 0.43645833333333334 0.03125 0.008333333333333333 0.01875
1 0.48020833333333335 0.025694444444444443 0.0171875 0.01875
1 0.44114583333333335 0.007638888888888889 0.011979166666666667 0.015277777777777777
1 0.30833333333333335 0.6951388888888889 0.04010416666666667 0.044444444444444446
1 0.29010416666666666 0.6152777777777778 0.0390625 0.03333333333333333
1 0.29270833333333335 0.5923611111111111 0.03802083333333333 0.030555555555555555
1 0.3098958333333333 0.5409722222222222 0.034895833333333334 0.029166666666666667
1 0.2421875 0.5965277777777778 0.04010416666666667 0.030555555555555555
0 0.2515625 0.55 0.09583333333333334 0.059722222222222225
1 0.20208333333333334 0.5916666666666667 0.034375 0.029166666666666667
2 0.2015625 0.5333333333333333 0.06145833333333333 0.041666666666666664
3 0.16822916666666668 0.5701388888888889 0.0390625 0.034027777777777775
0 0.13489583333333333 0.5944444444444444 0.0640625 0.041666666666666664
0 0.0828125 0.5583333333333333 0.1 0.06597222222222222