3 0.38229166666666664 0.3548611111111111 0.030729166666666665 0.022222222222222223
1 0.4005208333333333 0.36736111111111114 0.011458333333333333 0.007638888888888889
1 0.12239583333333333 0.4722222222222222 0.016666666666666666 0.014583333333333334
1 0.13802083333333334 0.48055555555555557 0.021354166666666667 0.01597222222222222
1 0.0109375 0.5201388888888889 0.020833333333333332 0.01875
3 0.21302083333333333 0.5618055555555556 0.0171875 0.01875
3 0.20885416666666667 0.6243055555555556 0.03333333333333333 0.043055555555555555
1 0.19947916666666668 0.6597222222222222 0.03229166666666667 0.03333333333333333
3 0.10989583333333333 0.9791666666666666 0.07239583333333334 0.041666666666666664
1 0.265625 0.825 0.04583333333333333 0.06111111111111111
1 0.3078125 0.8208333333333333 0.04010416666666667 0.05555555555555555
1 0.43125 0.6034722222222222 0.022916666666666665 0.029861111111111113
3 0.38958333333333334 0.6472222222222223 0.029166666666666667 0.03125
3 0.35833333333333334 0.7027777777777777 0.044270833333333336 0.05694444444444444
1 0.4895833333333333 0.5354166666666667 0.020833333333333332 0.020833333333333332
1 0.48802083333333335 0.5125 0.01875 0.020833333333333332
1 0.521875 0.49930555555555556 0.017708333333333333 0.02013888888888889
1 0.5171875 0.48541666666666666 0.01875 0.02013888888888889
1 0.5401041666666667 0.45625 0.0140625 0.01875
1 0.5677083333333334 0.4409722222222222 0.013020833333333334 0.01875
1 0.5822916666666667 0.4215277777777778 0.015625 0.01597222222222222
3 0.5578125 0.42569444444444443 0.019791666666666666 0.02847222222222222
3 0.5994791666666667 0.5979166666666667 0.044270833333333336 0.03680555555555556
1 0.7552083333333334 0.2076388888888889 0.004166666666666667 0.003472222222222222
3 0.7067708333333333 0.2423611111111111 0.00625 0.010416666666666666
3 0.6958333333333333 0.2569444444444444 0.008333333333333333 0.01597222222222222
1 0.69375 0.23472222222222222 0.00625 0.008333333333333333
3 0.6848958333333334 0.275 0.00625 0.008333333333333333
3 0.6630208333333333 0.2986111111111111 0.00625 0.010416666666666666
3 0.6442708333333333 0.32430555555555557 0.009895833333333333 0.01597222222222222
3 0.6546875 0.30972222222222223 0.0078125 0.014583333333333334
3 0.63125 0.34375 0.015104166666666667 0.025
1 0.6776041666666667 0.27361111111111114 0.00625 0.008333333333333333
1 0.6770833333333334 0.28680555555555554 0.004166666666666667 0.005555555555555556
1 0.6729166666666667 0.29305555555555557 0.005729166666666666 0.007638888888888889
3 0.6114583333333333 0.3659722222222222 0.007291666666666667 0.014583333333333334
0 0.5947916666666667 0.3902777777777778 0.025 0.030555555555555555