2 0.4713541666666667 0.9541666666666667 0.025520833333333333 0.08888888888888889
1 0.5015625 0.9055555555555556 0.022395833333333334 0.08263888888888889
2 0.46822916666666664 0.7388888888888889 0.027604166666666666 0.175
1 0.4901041666666667 0.6888888888888889 0.01875 0.06875
1 0.4625 0.5291666666666667 0.015104166666666667 0.05347222222222222
2 0.4828125 0.5798611111111112 0.022916666666666665 0.08888888888888889
1 0.5239583333333333 0.49375 0.015104166666666667 0.06597222222222222
3 0.4817708333333333 0.47430555555555554 0.015104166666666667 0.05694444444444444
1 0.4583333333333333 0.4375 0.015104166666666667 0.052083333333333336
1 0.5177083333333333 0.3638888888888889 0.0171875 0.06111111111111111
1 0.4744791666666667 0.3284722222222222 0.013541666666666667 0.04791666666666667
1 0.45416666666666666 0.3034722222222222 0.015625 0.050694444444444445
1 0.4671875 0.2465277777777778 0.0140625 0.04722222222222222
1 0.44895833333333335 0.225 0.015104166666666667 0.049305555555555554
3 0.44583333333333336 0.15416666666666667 0.0140625 0.04722222222222222
2 0.46510416666666665 0.15 0.019791666666666666 0.09652777777777778
1 0.4427083333333333 0.08958333333333333 0.013541666666666667 0.044444444444444446
2 0.459375 0.01875 0.016666666666666666 0.0375
0 0.5296875 0.10694444444444444 0.027604166666666666 0.1361111111111111
2 0.44166666666666665 0.02013888888888889 0.0171875 0.04027777777777778