2 0.8130208333333333 0.7993055555555556 0.14166666666666666 0.1951388888888889
1 0.42604166666666665 0.90625 0.08229166666666667 0.14166666666666666
1 0.4510416666666667 0.7736111111111111 0.06927083333333334 0.1125
1 0.696875 0.5916666666666667 0.04635416666666667 0.05416666666666667
1 0.4744791666666667 0.6805555555555556 0.05416666666666667 0.09791666666666667
3 0.5015625 0.5465277777777777 0.030729166666666665 0.05138888888888889
1 0.5734375 0.5125 0.028645833333333332 0.041666666666666664
1 0.6442708333333333 0.49930555555555556 0.030208333333333334 0.04027777777777778
1 0.6119791666666666 0.45902777777777776 0.027083333333333334 0.02847222222222222
1 0.5083333333333333 0.4951388888888889 0.027083333333333334 0.02847222222222222
1 0.5041666666666667 0.47638888888888886 0.0234375 0.025694444444444443
1 0.4953125 0.4722222222222222 0.0234375 0.02361111111111111
1 0.5854166666666667 0.43125 0.019270833333333334 0.022222222222222223
1 0.5776041666666667 0.41944444444444445 0.0171875 0.02013888888888889
1 0.5677083333333334 0.41597222222222224 0.019270833333333334 0.02013888888888889
1 0.49166666666666664 0.4173611111111111 0.015625 0.017361111111111112
1 0.4869791666666667 0.4097222222222222 0.013541666666666667 0.014583333333333334
1 0.484375 0.40347222222222223 0.011458333333333333 0.013194444444444444
1 0.48072916666666665 0.3993055555555556 0.011458333333333333 0.014583333333333334
1 0.465625 0.4131944444444444 0.013020833333333334 0.017361111111111112
1 0.44635416666666666 0.4388888888888889 0.03125 0.020833333333333332