3 0.5052083333333334 0.9743055555555555 0.019791666666666666 0.04791666666666667
1 0.58125 0.9131944444444444 0.016666666666666666 0.049305555555555554
3 0.553125 0.8729166666666667 0.017708333333333333 0.05555555555555555
1 0.5645833333333333 0.8048611111111111 0.015104166666666667 0.044444444444444446
1 0.5291666666666667 0.8298611111111112 0.015625 0.050694444444444445
2 0.47239583333333335 0.8409722222222222 0.025 0.10555555555555556
1 0.465625 0.6513888888888889 0.013020833333333334 0.03680555555555556
3 0.5072916666666667 0.525 0.011979166666666667 0.03958333333333333
1 0.45416666666666666 0.5166666666666667 0.0109375 0.025694444444444443
3 0.44166666666666665 0.40902777777777777 0.013020833333333334 0.029166666666666667
1 0.4432291666666667 0.36736111111111114 0.0109375 0.021527777777777778
1 0.42291666666666666 0.30833333333333335 0.009895833333333333 0.02013888888888889
1 0.43802083333333336 0.3090277777777778 0.008333333333333333 0.01875
1 0.46510416666666665 0.2701388888888889 0.008333333333333333 0.02013888888888889
1 0.44635416666666666 0.25972222222222224 0.008333333333333333 0.01875
1 0.43385416666666665 0.2652777777777778 0.009375 0.02013888888888889
1 0.4119791666666667 0.25833333333333336 0.009375 0.016666666666666666
1 0.4328125 0.23333333333333334 0.008333333333333333 0.018055555555555554
1 0.46875 0.22013888888888888 0.0078125 0.01875
1 0.45625 0.20555555555555555 0.0078125 0.018055555555555554
1 0.42083333333333334 0.21597222222222223 0.0078125 0.018055555555555554
1 0.43020833333333336 0.20416666666666666 0.0078125 0.018055555555555554
1 0.4192708333333333 0.19652777777777777 0.008333333333333333 0.018055555555555554
1 0.41875 0.18263888888888888 0.0078125 0.015277777777777777
1 0.42916666666666664 0.1798611111111111 0.0078125 0.015277777777777777
1 0.46510416666666665 0.18125 0.008333333333333333 0.018055555555555554
2 0.48020833333333335 0.20625 0.015625 0.04722222222222222
1 0.39947916666666666 0.15902777777777777 0.00625 0.016666666666666666
1 0.4083333333333333 0.15763888888888888 0.007291666666666667 0.015277777777777777
1 0.41875 0.16666666666666666 0.0078125 0.013888888888888888
1 0.4171875 0.15069444444444444 0.007291666666666667 0.013888888888888888
1 0.46197916666666666 0.14166666666666666 0.0078125 0.021527777777777778
1 0.44947916666666665 0.13541666666666666 0.0078125 0.016666666666666666
1 0.4583333333333333 0.12152777777777778 0.008333333333333333 0.018055555555555554
2 0.446875 0.10833333333333334 0.009375 0.029166666666666667
3 0.4552083333333333 0.09027777777777778 0.009375 0.018055555555555554
1 0.44427083333333334 0.0763888888888889 0.007291666666666667 0.018055555555555554
1 0.45260416666666664 0.06736111111111111 0.00625 0.015277777777777777
1 0.4421875 0.04722222222222222 0.007291666666666667 0.018055555555555554
1 0.49947916666666664 0.11458333333333333 0.013541666666666667 0.011111111111111112
0 0.5109375 0.10138888888888889 0.03802083333333333 0.030555555555555555
2 0.5432291666666667 0.10138888888888889 0.016666666666666666 0.022916666666666665
0 0.528125 0.08958333333333333 0.034895833333333334 0.024305555555555556
2 0.49375 0.09861111111111111 0.019791666666666666 0.024305555555555556
1 0.3484375 0.1111111111111111 0.011979166666666667 0.013888888888888888
1 0.3541666666666667 0.10694444444444444 0.013541666666666667 0.0125
1 0.3703125 0.10833333333333334 0.015104166666666667 0.013888888888888888
1 0.37135416666666665 0.10416666666666667 0.0140625 0.010416666666666666
1 0.3692708333333333 0.1 0.013020833333333334 0.0125
1 0.3723958333333333 0.09583333333333334 0.013541666666666667 0.011111111111111112
1 0.35 0.09652777777777778 0.0140625 0.0125
1 0.3328125 0.10833333333333334 0.015625 0.013888888888888888
1 0.3260416666666667 0.09930555555555555 0.015104166666666667 0.0125
1 0.1328125 0.7743055555555556 0.01875 0.04027777777777778