1 0.9015625 0.8708333333333333 0.1265625 0.2388888888888889
1 0.8052083333333333 0.8097222222222222 0.10260416666666666 0.19930555555555557
1 0.22552083333333334 0.425 0.0609375 0.09305555555555556
1 0.27239583333333334 0.63125 0.13229166666666667 0.15902777777777777
1 0.28541666666666665 0.21458333333333332 0.04375 0.041666666666666664
1 0.37395833333333334 0.31875 0.06770833333333333 0.06875
1 0.6072916666666667 0.16041666666666668 0.04635416666666667 0.04097222222222222
1 0.3171875 0.1701388888888889 0.0515625 0.02847222222222222
3 0.24947916666666667 0.21875 0.0421875 0.05138888888888889
1 0.346875 0.9333333333333333 0.15208333333333332 0.13333333333333333
1 0.24010416666666667 0.9076388888888889 0.18229166666666666 0.18472222222222223
1 0.21145833333333333 0.5881944444444445 0.13854166666666667 0.1076388888888889
1 0.19010416666666666 0.5277777777777778 0.125 0.08680555555555555
1 0.23645833333333333 0.34930555555555554 0.042708333333333334 0.06111111111111111
1 0.21979166666666666 0.3013888888888889 0.04479166666666667 0.06388888888888888
1 0.07395833333333333 0.7416666666666667 0.1421875 0.18263888888888888
1 0.11770833333333333 0.7916666666666666 0.19166666666666668 0.19444444444444445
1 0.16875 0.8472222222222222 0.19010416666666666 0.21041666666666667
1 0.6640625 0.47847222222222224 0.1171875 0.06944444444444445
1 0.6666666666666666 0.4354166666666667 0.10989583333333333 0.05555555555555555
1 0.6494791666666667 0.3993055555555556 0.09947916666666666 0.05416666666666667
1 0.6651041666666667 0.3659722222222222 0.10625 0.04583333333333333
1 0.6671875 0.33402777777777776 0.09427083333333333 0.03611111111111111
1 0.6776041666666667 0.30833333333333335 0.08125 0.04097222222222222
3 0.6869791666666667 0.28055555555555556 0.08229166666666667 0.05625
1 0.7265625 0.2743055555555556 0.06979166666666667 0.05138888888888889
1 0.7213541666666666 0.24930555555555556 0.0640625 0.03888888888888889
3 0.7421875 0.2111111111111111 0.065625 0.05138888888888889
1 0.7380208333333333 0.16111111111111112 0.034895833333333334 0.03125
1 0.7416666666666667 0.07916666666666666 0.028645833333333332 0.025
1 0.71875 0.125 0.03333333333333333 0.03819444444444445
3 0.7354166666666667 0.11736111111111111 0.03333333333333333 0.04097222222222222
3 0.6927083333333334 0.12708333333333333 0.04479166666666667 0.052083333333333336
1 0.6723958333333333 0.1326388888888889 0.05 0.04861111111111111
3 0.6458333333333334 0.14027777777777778 0.04375 0.04583333333333333
1 0.5848958333333333 0.09652777777777778 0.04010416666666667 0.020833333333333332
1 0.5770833333333333 0.11527777777777778 0.03854166666666667 0.022916666666666665
1 0.5463541666666667 0.10972222222222222 0.03697916666666667 0.02638888888888889
1 0.5390625 0.0763888888888889 0.04010416666666667 0.030555555555555555
1 0.5515625 0.18055555555555555 0.0578125 0.043055555555555555
1 0.6947916666666667 0.17152777777777778 0.044270833333333336 0.030555555555555555
1 0.6697916666666667 0.18680555555555556 0.05416666666666667 0.04097222222222222
1 0.65 0.19791666666666666 0.0515625 0.035416666666666666
1 0.6182291666666667 0.20694444444444443 0.052083333333333336 0.03888888888888889
1 0.5895833333333333 0.21736111111111112 0.04479166666666667 0.04027777777777778
1 0.5609375 0.22430555555555556 0.052083333333333336 0.04652777777777778
1 0.5635416666666667 0.2520833333333333 0.04739583333333333 0.04375
1 0.5244791666666667 0.225 0.044270833333333336 0.03611111111111111
3 0.48333333333333334 0.225 0.04791666666666667 0.041666666666666664
1 0.5286458333333334 0.2611111111111111 0.065625 0.06458333333333334
1 0.49635416666666665 0.2798611111111111 0.057291666666666664 0.058333333333333334
1 0.4484375 0.24583333333333332 0.04635416666666667 0.034027777777777775
1 0.45625 0.28888888888888886 0.04739583333333333 0.05416666666666667
1 0.4140625 0.24791666666666667 0.044270833333333336 0.04097222222222222
1 0.42083333333333334 0.30069444444444443 0.0484375 0.059722222222222225
1 0.37916666666666665 0.26458333333333334 0.05520833333333333 0.04861111111111111
1 0.3328125 0.275 0.0671875 0.06111111111111111
1 0.4401041666666667 0.175 0.042708333333333334 0.04097222222222222
1 0.4140625 0.18125 0.040625 0.043055555555555555
1 0.3859375 0.18958333333333333 0.041666666666666664 0.041666666666666664
1 0.35260416666666666 0.19652777777777777 0.04583333333333333 0.041666666666666664
1 0.3229166666666667 0.20694444444444443 0.04739583333333333 0.04097222222222222
1 0.24010416666666667 0.18680555555555556 0.06875 0.034027777777777775
1 0.19166666666666668 0.14027777777777778 0.06666666666666667 0.03333333333333333
1 0.32083333333333336 0.07083333333333333 0.04739583333333333 0.025694444444444443
1 0.37552083333333336 0.06319444444444444 0.04375 0.025694444444444443
1 0.4432291666666667 0.12638888888888888 0.050520833333333334 0.030555555555555555
0 0.4390625 0.08819444444444445 0.15729166666666666 0.052083333333333336
1 0.1390625 0.09513888888888888 0.057291666666666664 0.020833333333333332
3 0.13125 0.09166666666666666 0.04479166666666667 0.025
1 0.1390625 0.08402777777777778 0.041666666666666664 0.01875
1 0.25833333333333336 0.08125 0.05 0.02361111111111111
1 0.0828125 0.18888888888888888 0.07447916666666667 0.04027777777777778
1 0.7244791666666667 0.07152777777777777 0.028645833333333332 0.020833333333333332
1 0.6119791666666666 0.03263888888888889 0.0359375 0.025
2 0.2859375 0.13680555555555557 0.06510416666666667 0.034027777777777775