1 0.46510416666666665 0.4597222222222222 0.024479166666666666 0.024305555555555556
1 0.5895833333333333 0.45 0.027604166666666666 0.02638888888888889
1 0.575 0.44305555555555554 0.022916666666666665 0.022916666666666665
0 0.5947916666666667 0.41041666666666665 0.059895833333333336 0.052083333333333336
1 0.6760416666666667 0.4340277777777778 0.025 0.02013888888888889
2 0.6645833333333333 0.3951388888888889 0.05364583333333333 0.049305555555555554
1 0.6208333333333333 0.38055555555555554 0.025520833333333333 0.02013888888888889
1 0.7104166666666667 0.3597222222222222 0.025 0.021527777777777778
1 0.7463541666666667 0.34097222222222223 0.025520833333333333 0.021527777777777778
1 0.4901041666666667 0.31805555555555554 0.013541666666666667 0.024305555555555556
2 0.4401041666666667 0.26875 0.015104166666666667 0.03819444444444445
1 0.45729166666666665 0.2076388888888889 0.009375 0.016666666666666666
1 0.45 0.18333333333333332 0.009895833333333333 0.01875
1 0.41875 0.15416666666666667 0.009895833333333333 0.01875
1 0.42916666666666664 0.10694444444444444 0.009375 0.016666666666666666
2 0.42916666666666664 0.08125 0.0140625 0.025694444444444443
1 0.3640625 0.43125 0.025 0.02013888888888889
2 0.31979166666666664 0.4083333333333333 0.04375 0.034027777777777775