1 0.30052083333333335 0.1451388888888889 0.015104166666666667 0.024305555555555556
1 0.41510416666666666 0.029166666666666667 0.007291666666666667 0.015277777777777777
2 0.41875 0.06736111111111111 0.011979166666666667 0.06111111111111111
1 0.42135416666666664 0.10347222222222222 0.008333333333333333 0.016666666666666666
1 0.421875 0.14027777777777778 0.009375 0.01875
1 0.42604166666666665 0.1673611111111111 0.009375 0.02013888888888889
1 0.42239583333333336 0.1951388888888889 0.009895833333333333 0.021527777777777778
1 0.42916666666666664 0.22013888888888888 0.008333333333333333 0.021527777777777778
1 0.4265625 0.2423611111111111 0.009375 0.022916666666666665
1 0.4348958333333333 0.26805555555555555 0.009375 0.021527777777777778
3 0.42552083333333335 0.2881944444444444 0.009895833333333333 0.027777777777777776
1 0.43802083333333336 0.3125 0.009895833333333333 0.024305555555555556
1 0.4270833333333333 0.33958333333333335 0.009895833333333333 0.029166666666666667
2 0.428125 0.37222222222222223 0.011979166666666667 0.04722222222222222
1 0.44166666666666665 0.3541666666666667 0.009895833333333333 0.022916666666666665
1 0.4421875 0.4027777777777778 0.011458333333333333 0.029166666666666667
0 0.4317708333333333 0.45208333333333334 0.016666666666666666 0.09652777777777778
2 0.4484375 0.46597222222222223 0.015625 0.05555555555555555
1 0.43333333333333335 0.5402777777777777 0.011458333333333333 0.03819444444444445
1 0.48489583333333336 0.36180555555555555 0.011458333333333333 0.03819444444444445
1 0.46041666666666664 0.25555555555555554 0.009375 0.024305555555555556
1 0.4703125 0.2048611111111111 0.009375 0.02638888888888889
3 0.4354166666666667 0.6 0.013541666666666667 0.04027777777777778
2 0.45416666666666666 0.59375 0.01875 0.08402777777777778
1 0.4375 0.6611111111111111 0.011979166666666667 0.04583333333333333
1 0.4557291666666667 0.6902777777777778 0.013020833333333334 0.043055555555555555
1 0.44166666666666665 0.7305555555555555 0.015104166666666667 0.04722222222222222
1 0.46197916666666666 0.7659722222222223 0.0140625 0.04722222222222222
1 0.4453125 0.8805555555555555 0.015104166666666667 0.05347222222222222
3 0.46875 0.9215277777777777 0.015625 0.058333333333333334
1 0.45 0.9756944444444444 0.015625 0.04583333333333333
1 0.48072916666666665 0.5020833333333333 0.013020833333333334 0.041666666666666664
1 0.4546875 0.175 0.009375 0.025694444444444443
2 0.46041666666666664 0.08958333333333333 0.013541666666666667 0.049305555555555554