3 0.7494791666666667 0.04791666666666667 0.065625 0.09375
3 0.9479166666666666 0.03611111111111111 0.07239583333333334 0.07222222222222222
3 0.36875 0.14305555555555555 0.0390625 0.0763888888888889
1 0.4119791666666667 0.13333333333333333 0.0453125 0.1375
1 0.5869791666666667 0.28055555555555556 0.11041666666666666 0.08055555555555556
2 0.48489583333333336 0.3194444444444444 0.09322916666666667 0.075
1 0.036458333333333336 0.25 0.07239583333333334 0.14097222222222222
3 0.12135416666666667 0.25625 0.10416666666666667 0.11944444444444445
3 0.071875 0.47430555555555554 0.1109375 0.06666666666666667
2 0.23854166666666668 0.5118055555555555 0.1140625 0.125
3 0.24947916666666667 0.8993055555555556 0.10260416666666666 0.08611111111111111
3 0.5130208333333334 0.49166666666666664 0.08125 0.06180555555555556
2 0.6359375 0.4486111111111111 0.11875 0.08680555555555555
1 0.8802083333333334 0.5833333333333334 0.10572916666666667 0.07708333333333334
1 0.6 0.5708333333333333 0.11145833333333334 0.075
1 0.6963541666666667 0.6527777777777778 0.09791666666666667 0.0798611111111111