1 0.03229166666666667 0.6888888888888889 0.022916666666666665 0.011805555555555555
1 0.0067708333333333336 0.6625 0.013020833333333334 0.013194444444444444
3 0.059375 0.6923611111111111 0.021875 0.011111111111111112
1 0.06458333333333334 0.6895833333333333 0.024479166666666666 0.011805555555555555
1 0.08229166666666667 0.6597222222222222 0.013541666666666667 0.011111111111111112
2 0.10104166666666667 0.6541666666666667 0.016666666666666666 0.014583333333333334
1 0.11614583333333334 0.6513888888888889 0.014583333333333334 0.011805555555555555
1 0.09947916666666666 0.69375 0.021875 0.013888888888888888
1 0.128125 0.6895833333333333 0.021875 0.013888888888888888
0 0.15833333333333333 0.6875 0.05 0.025694444444444443
1 0.07760416666666667 0.6493055555555556 0.017708333333333333 0.013194444444444444
1 0.33541666666666664 0.6895833333333333 0.016666666666666666 0.011111111111111112
1 0.4 0.7034722222222223 0.019270833333333334 0.013888888888888888
1 0.3953125 0.6916666666666667 0.018229166666666668 0.011805555555555555
1 0.453125 0.6958333333333333 0.0171875 0.011111111111111112
1 0.44114583333333335 0.7076388888888889 0.01875 0.014583333333333334
1 0.5005208333333333 0.7090277777777778 0.019270833333333334 0.011805555555555555
1 0.5114583333333333 0.7069444444444445 0.0203125 0.013194444444444444
1 0.5036458333333333 0.6979166666666666 0.018229166666666668 0.011805555555555555
1 0.6578125 0.6680555555555555 0.0109375 0.009027777777777777
0 0.6385416666666667 0.7152777777777778 0.03697916666666667 0.03125
0 0.6125 0.6930555555555555 0.04010416666666667 0.024305555555555556
1 0.5880208333333333 0.7111111111111111 0.019270833333333334 0.011805555555555555
1 0.5557291666666667 0.6979166666666666 0.019270833333333334 0.011805555555555555
3 0.6890625 0.6694444444444444 0.011458333333333333 0.011111111111111112
1 0.7135416666666666 0.6791666666666667 0.011979166666666667 0.010416666666666666
1 0.7286458333333333 0.6798611111111111 0.013541666666666667 0.009027777777777777
1 0.7666666666666667 0.7340277777777777 0.013020833333333334 0.016666666666666666
3 0.7447916666666666 0.7409722222222223 0.0125 0.027777777777777776
1 0.7416666666666667 0.7736111111111111 0.013020833333333334 0.024305555555555556
1 0.75625 0.7631944444444444 0.0109375 0.02013888888888889
1 0.7651041666666667 0.7951388888888888 0.0140625 0.025
0 0.7541666666666667 0.8166666666666667 0.027083333333333334 0.05
1 0.7921875 0.7465277777777778 0.017708333333333333 0.01597222222222222
1 0.8135416666666667 0.9298611111111111 0.029166666666666667 0.041666666666666664
1 0.809375 0.8951388888888889 0.0234375 0.029861111111111113
1 0.7994791666666666 0.96875 0.03229166666666667 0.03819444444444445
3 0.7744791666666667 0.93125 0.027604166666666666 0.04236111111111111
1 0.7583333333333333 0.9083333333333333 0.021354166666666667 0.03263888888888889
1 0.7317708333333334 0.8597222222222223 0.021875 0.029861111111111113
3 0.7270833333333333 0.7784722222222222 0.0125 0.024305555555555556
0 0.8119791666666667 0.8555555555555555 0.0453125 0.06944444444444445
2 0.928125 0.9868055555555556 0.03802083333333333 0.024305555555555556
3 0.7713541666666667 0.6895833333333333 0.0203125 0.017361111111111112
1 0.490625 0.5826388888888889 0.0036458333333333334 0.007638888888888889
1 0.4942708333333333 0.5805555555555556 0.0036458333333333334 0.007638888888888889
1 0.2515625 0.6958333333333333 0.021875 0.011111111111111112