1 0.23854166666666668 0.5513888888888889 0.16145833333333334 0.09513888888888888
1 0.9192708333333334 0.9180555555555555 0.16145833333333334 0.15555555555555556
1 0.8880208333333334 0.7111111111111111 0.10989583333333333 0.22291666666666668
3 0.27395833333333336 0.33958333333333335 0.08333333333333333 0.1111111111111111
1 0.3619791666666667 0.35694444444444445 0.07447916666666667 0.09722222222222222
3 0.5401041666666667 0.3611111111111111 0.10364583333333334 0.08888888888888889
3 0.9567708333333333 0.48055555555555557 0.075 0.1326388888888889
1 0.8234375 0.39166666666666666 0.065625 0.09930555555555555
1 0.8572916666666667 0.5263888888888889 0.08854166666666667 0.13680555555555557
1 0.9151041666666667 0.36319444444444443 0.07135416666666666 0.10694444444444444
1 0.8916666666666667 0.24375 0.042708333333333334 0.08194444444444444
1 0.8015625 0.29444444444444445 0.05364583333333333 0.0763888888888889
3 0.7927083333333333 0.22847222222222222 0.04583333333333333 0.06319444444444444
1 0.7359375 0.18263888888888888 0.05 0.05416666666666667
1 0.7833333333333333 0.17222222222222222 0.03854166666666667 0.05347222222222222
1 0.7770833333333333 0.12430555555555556 0.0328125 0.043055555555555555
1 0.7302083333333333 0.09027777777777778 0.03125 0.043055555555555555
3 0.7661458333333333 0.0763888888888889 0.03229166666666667 0.04652777777777778
3 0.7614583333333333 0.02013888888888889 0.025520833333333333 0.03819444444444445
1 0.7625 0.049305555555555554 0.027604166666666666 0.03611111111111111
1 0.6244791666666667 0.1076388888888889 0.034895833333333334 0.04791666666666667
1 0.5479166666666667 0.2722222222222222 0.05 0.07916666666666666
3 0.5666666666666667 0.18680555555555556 0.0359375 0.07708333333333334
1 0.4786458333333333 0.11736111111111111 0.03854166666666667 0.058333333333333334
1 0.5083333333333333 0.06875 0.03229166666666667 0.03680555555555556
3 0.5848958333333333 0.1388888888888889 0.034375 0.04861111111111111
3 0.5927083333333333 0.09583333333333334 0.0328125 0.03888888888888889
1 0.6036458333333333 0.06180555555555556 0.028645833333333332 0.041666666666666664
1 0.6109375 0.03611111111111111 0.027083333333333334 0.03819444444444445
1 0.6192708333333333 0.013194444444444444 0.022916666666666665 0.02361111111111111