1 0.8088541666666667 0.8291666666666667 0.0578125 0.058333333333333334
1 0.6010416666666667 0.74375 0.058333333333333334 0.058333333333333334
1 0.5536458333333333 0.49236111111111114 0.024479166666666666 0.06388888888888888
3 0.5671875 0.4236111111111111 0.025520833333333333 0.06666666666666667
1 0.5791666666666667 0.33819444444444446 0.022395833333333334 0.05486111111111111
1 0.5927083333333333 0.1597222222222222 0.0109375 0.03819444444444445
1 0.5630208333333333 0.14305555555555555 0.0171875 0.03611111111111111
1 0.5765625 0.0763888888888889 0.015104166666666667 0.030555555555555555
1 0.31875 0.9361111111111111 0.06302083333333333 0.07222222222222222
2 0.2609375 0.8965277777777778 0.043229166666666666 0.050694444444444445
1 0.23854166666666668 0.95 0.06354166666666666 0.06875
1 0.18489583333333334 0.9847222222222223 0.029166666666666667 0.02847222222222222
1 0.1109375 0.9777777777777777 0.0359375 0.04236111111111111
1 0.07552083333333333 0.9673611111111111 0.052083333333333336 0.06388888888888888
1 0.03125 0.8902777777777777 0.0625 0.06666666666666667
2 0.011458333333333333 0.2604166666666667 0.022395833333333334 0.06597222222222222
3 0.024479166666666666 0.21944444444444444 0.03229166666666667 0.04375
3 0.0453125 0.1673611111111111 0.022395833333333334 0.04513888888888889
1 0.015625 0.15555555555555556 0.028645833333333332 0.04375