2 0.5354166666666667 0.6993055555555555 0.03229166666666667 0.10555555555555556
2 0.5276041666666667 0.5520833333333334 0.0234375 0.10486111111111111
2 0.5369791666666667 0.4236111111111111 0.017708333333333333 0.05416666666666667
2 0.45989583333333334 0.34791666666666665 0.017708333333333333 0.03680555555555556
2 0.5276041666666667 0.9555555555555556 0.034895833333333334 0.08402777777777778
1 0.35989583333333336 0.31180555555555556 0.015104166666666667 0.008333333333333333
1 0.36302083333333335 0.30833333333333335 0.015625 0.009722222222222222
1 0.4786458333333333 0.35694444444444445 0.008333333333333333 0.013194444444444444
1 0.5375 0.47291666666666665 0.011979166666666667 0.02013888888888889
1 0.5390625 0.32083333333333336 0.007291666666666667 0.009722222222222222
1 0.4953125 0.2652777777777778 0.009375 0.008333333333333333
1 0.5192708333333333 0.2659722222222222 0.009895833333333333 0.008333333333333333
2 0.5364583333333334 0.36527777777777776 0.011458333333333333 0.04861111111111111
2 0.5369791666666667 0.2861111111111111 0.009895833333333333 0.027777777777777776
2 0.5260416666666666 0.23958333333333334 0.00625 0.010416666666666666
2 0.5005208333333333 0.20555555555555555 0.005729166666666666 0.010416666666666666
1 0.4875 0.20625 0.0036458333333333334 0.004861111111111111
1 0.4359375 0.23402777777777778 0.0036458333333333334 0.005555555555555556
1 0.4354166666666667 0.2611111111111111 0.0109375 0.009722222222222222
1 0.7364583333333333 0.47152777777777777 0.028645833333333332 0.015277777777777777
1 0.7307291666666667 0.4638888888888889 0.024479166666666666 0.011111111111111112
1 0.7317708333333334 0.45208333333333334 0.022395833333333334 0.011111111111111112
3 0.7260416666666667 0.44305555555555554 0.030729166666666665 0.017361111111111112
1 0.6302083333333334 0.23125 0.005729166666666666 0.005555555555555556
1 0.6739583333333333 0.31527777777777777 0.011979166666666667 0.007638888888888889
1 0.6473958333333333 0.2652777777777778 0.011458333333333333 0.006944444444444444
1 0.6708333333333333 0.30833333333333335 0.015104166666666667 0.007638888888888889
1 0.6671875 0.3034722222222222 0.011458333333333333 0.007638888888888889
1 0.6661458333333333 0.3020833333333333 0.011979166666666667 0.009722222222222222
1 0.665625 0.29791666666666666 0.013020833333333334 0.008333333333333333
1 0.6526041666666667 0.2777777777777778 0.009375 0.008333333333333333
1 0.6479166666666667 0.2701388888888889 0.009895833333333333 0.006944444444444444
1 0.30625 0.3326388888888889 0.013541666666666667 0.010416666666666666
1 0.3098958333333333 0.3284722222222222 0.011979166666666667 0.009722222222222222
1 0.31302083333333336 0.32222222222222224 0.0140625 0.010416666666666666
1 0.3177083333333333 0.31527777777777777 0.009895833333333333 0.007638888888888889
1 0.321875 0.3104166666666667 0.009375 0.009722222222222222
1 0.3265625 0.3020833333333333 0.011458333333333333 0.008333333333333333
1 0.3182291666666667 0.28125 0.015104166666666667 0.006944444444444444