1 0.4583333333333333 0.5590277777777778 0.025 0.05694444444444444
1 0.6494791666666667 0.6861111111111111 0.052083333333333336 0.06944444444444445
1 0.7895833333333333 0.6361111111111111 0.06666666666666667 0.034027777777777775
1 0.5880208333333333 0.25069444444444444 0.013541666666666667 0.030555555555555555
1 0.4984375 0.28888888888888886 0.021354166666666667 0.035416666666666666
1 0.49895833333333334 0.5486111111111112 0.020833333333333332 0.06458333333333334
1 0.3229166666666667 0.7527777777777778 0.0359375 0.07361111111111111
1 0.31302083333333336 0.6881944444444444 0.050520833333333334 0.03680555555555556
1 0.37916666666666665 0.5145833333333333 0.027083333333333334 0.05625
1 0.3958333333333333 0.44583333333333336 0.0234375 0.049305555555555554
1 0.4192708333333333 0.34444444444444444 0.024479166666666666 0.041666666666666664
3 0.5677083333333334 0.38819444444444445 0.0171875 0.04097222222222222
1 0.5348958333333333 0.2263888888888889 0.013541666666666667 0.030555555555555555
1 0.5848958333333333 0.1125 0.011979166666666667 0.020833333333333332
1 0.5322916666666667 0.10486111111111111 0.0140625 0.025
1 0.5291666666666667 0.06736111111111111 0.011458333333333333 0.020833333333333332
1 0.45364583333333336 0.19444444444444445 0.01875 0.030555555555555555
3 0.4666666666666667 0.1326388888888889 0.013541666666666667 0.02847222222222222
1 0.49166666666666664 0.06111111111111111 0.016666666666666666 0.01875
3 0.5536458333333333 0.034722222222222224 0.009895833333333333 0.018055555555555554
3 0.5395833333333333 0.16805555555555557 0.015104166666666667 0.03125
1 0.6526041666666667 0.31319444444444444 0.015104166666666667 0.03263888888888889
1 0.6427083333333333 0.19444444444444445 0.016666666666666666 0.02638888888888889
1 0.6380208333333334 0.125 0.015104166666666667 0.02013888888888889
1 0.6328125 0.06527777777777778 0.013020833333333334 0.018055555555555554