3 0.6864583333333333 0.5777777777777777 0.08958333333333333 0.08333333333333333
3 0.56875 0.45 0.027083333333333334 0.04861111111111111
1 0.38333333333333336 0.3055555555555556 0.015104166666666667 0.022916666666666665
1 0.41510416666666666 0.2604166666666667 0.013541666666666667 0.014583333333333334
1 0.4036458333333333 0.24444444444444444 0.011979166666666667 0.013194444444444444
1 0.4005208333333333 0.23680555555555555 0.010416666666666666 0.009722222222222222
3 0.3671875 0.65625 0.049479166666666664 0.1076388888888889
3 0.3489583333333333 0.5069444444444444 0.035416666666666666 0.07569444444444444
3 0.3567708333333333 0.42083333333333334 0.029166666666666667 0.05138888888888889
3 0.3302083333333333 0.38819444444444445 0.0515625 0.04236111111111111
3 0.30833333333333335 0.3645833333333333 0.04583333333333333 0.03333333333333333
1 0.23697916666666666 0.3729166666666667 0.0484375 0.025694444444444443
1 0.28229166666666666 0.3423611111111111 0.04635416666666667 0.025
2 0.14791666666666667 0.38263888888888886 0.07083333333333333 0.034722222222222224
1 0.17604166666666668 0.3763888888888889 0.04635416666666667 0.025
1 0.12604166666666666 0.3590277777777778 0.0515625 0.02638888888888889
1 0.0546875 0.36527777777777776 0.050520833333333334 0.02847222222222222
1 0.021875 0.32916666666666666 0.0234375 0.029861111111111113
1 0.10625 0.3194444444444444 0.034375 0.025
1 0.11614583333333334 0.3076388888888889 0.0359375 0.025
1 0.12239583333333333 0.29930555555555555 0.03854166666666667 0.022222222222222223
1 0.0859375 0.3013888888888889 0.026041666666666668 0.022222222222222223
1 0.0953125 0.29305555555555557 0.025 0.01875
3 0.1109375 0.28680555555555554 0.026041666666666668 0.022916666666666665
1 0.12135416666666667 0.2833333333333333 0.025 0.018055555555555554
1 0.065625 0.2847222222222222 0.022916666666666665 0.01875
1 0.0796875 0.27708333333333335 0.022395833333333334 0.018055555555555554
3 0.023958333333333335 0.3034722222222222 0.03802083333333333 0.02847222222222222
1 0.1234375 0.2722222222222222 0.0265625 0.018055555555555554
3 0.15364583333333334 0.2763888888888889 0.028125 0.021527777777777778
1 0.13541666666666666 0.2708333333333333 0.024479166666666666 0.018055555555555554
1 0.1421875 0.2652777777777778 0.022395833333333334 0.014583333333333334
1 0.14739583333333334 0.2604166666666667 0.0234375 0.017361111111111112
1 0.12239583333333333 0.25 0.017708333333333333 0.018055555555555554
1 0.1375 0.2465277777777778 0.015625 0.013888888888888888
1 0.15 0.23958333333333334 0.015625 0.013194444444444444