1 0.019270833333333334 0.6125 0.03854166666666667 0.041666666666666664
2 0.6015625 0.6354166666666666 0.034895833333333334 0.10555555555555556
1 0.5432291666666667 0.55625 0.025 0.07013888888888889
1 0.5854166666666667 0.4013888888888889 0.0234375 0.059722222222222225
1 0.4609375 0.24097222222222223 0.027604166666666666 0.04791666666666667
1 0.5552083333333333 0.22013888888888888 0.01875 0.043055555555555555
1 0.5973958333333333 0.13680555555555557 0.0171875 0.044444444444444446
1 0.44895833333333335 0.06944444444444445 0.017708333333333333 0.034027777777777775
2 0.5197916666666667 0.050694444444444445 0.0234375 0.03680555555555556
2 0.6744791666666666 0.013194444444444444 0.019791666666666666 0.02638888888888889
1 0.9255208333333333 0.30069444444444443 0.0265625 0.044444444444444446
1 0.9416666666666667 0.35833333333333334 0.03802083333333333 0.05138888888888889
1 0.9828125 0.48333333333333334 0.034375 0.06388888888888888