1 0.5713541666666667 0.9701388888888889 0.03854166666666667 0.05694444444444444
1 0.5520833333333334 0.8833333333333333 0.034375 0.13472222222222222
1 0.6005208333333333 0.8048611111111111 0.057291666666666664 0.050694444444444445
1 0.5994791666666667 0.7631944444444444 0.06197916666666667 0.05486111111111111
3 0.6036458333333333 0.7138888888888889 0.0640625 0.05486111111111111
1 0.6052083333333333 0.6791666666666667 0.059375 0.050694444444444445
3 0.5609375 0.6138888888888889 0.022395833333333334 0.09513888888888888
1 0.5359375 0.6076388888888888 0.024479166666666666 0.07361111111111111
2 0.5098958333333333 0.5944444444444444 0.0328125 0.11041666666666666
1 0.45729166666666665 0.6284722222222222 0.0421875 0.0763888888888889
1 0.4359375 0.6479166666666667 0.04479166666666667 0.0875
1 0.4140625 0.6680555555555555 0.040625 0.0798611111111111
1 0.39010416666666664 0.6951388888888889 0.0390625 0.075
3 0.18020833333333333 0.23125 0.0328125 0.027777777777777776