1 0.509375 0.7666666666666667 0.019791666666666666 0.04583333333333333
1 0.4786458333333333 0.7354166666666667 0.015625 0.03680555555555556
1 0.55 0.7041666666666667 0.015625 0.043055555555555555
0 0.5645833333333333 0.5944444444444444 0.027604166666666666 0.09027777777777778
1 0.5015625 0.5173611111111112 0.011458333333333333 0.021527777777777778
1 0.5255208333333333 0.4895833333333333 0.011458333333333333 0.022916666666666665
1 0.5416666666666666 0.4791666666666667 0.011458333333333333 0.024305555555555556
1 0.5322916666666667 0.45 0.0109375 0.01875
1 0.4947916666666667 0.45902777777777776 0.0109375 0.01875
2 0.48020833333333335 0.4840277777777778 0.016666666666666666 0.041666666666666664
0 0.40260416666666665 0.6645833333333333 0.017708333333333333 0.04722222222222222
3 0.415625 0.6041666666666666 0.013020833333333334 0.027777777777777776
1 0.4359375 0.5840277777777778 0.011979166666666667 0.02013888888888889
0 0.44947916666666665 0.5041666666666667 0.015625 0.04722222222222222
1 0.44375 0.4708333333333333 0.009895833333333333 0.018055555555555554
1 0.4708333333333333 0.44305555555555554 0.009375 0.018055555555555554
1 0.4765625 0.41805555555555557 0.011458333333333333 0.016666666666666666
3 0.4869791666666667 0.39791666666666664 0.0140625 0.021527777777777778
1 0.4583333333333333 0.39305555555555555 0.0109375 0.016666666666666666
1 0.43125 0.3541666666666667 0.011458333333333333 0.015277777777777777
1 0.41510416666666666 0.3625 0.011979166666666667 0.013888888888888888
1 0.38697916666666665 0.34305555555555556 0.013020833333333334 0.016666666666666666
1 0.3651041666666667 0.3347222222222222 0.009895833333333333 0.016666666666666666
1 0.3609375 0.31805555555555554 0.011458333333333333 0.011111111111111112
1 0.3385416666666667 0.3229166666666667 0.011458333333333333 0.011111111111111112
1 0.3140625 0.31875 0.009895833333333333 0.0125
1 0.3067708333333333 0.29930555555555555 0.0109375 0.010416666666666666
1 0.29010416666666666 0.30416666666666664 0.008333333333333333 0.011111111111111112
1 0.2755208333333333 0.29791666666666666 0.009375 0.011111111111111112
1 0.25729166666666664 0.28055555555555556 0.008333333333333333 0.010416666666666666
1 0.25104166666666666 0.28888888888888886 0.0078125 0.009027777777777777
3 0.209375 0.26805555555555555 0.007291666666666667 0.010416666666666666
2 0.3828125 0.46041666666666664 0.011458333333333333 0.025694444444444443
2 0.3734375 0.45902777777777776 0.009375 0.024305555555555556
2 0.3640625 0.45902777777777776 0.013541666666666667 0.024305555555555556
2 0.3546875 0.45902777777777776 0.0078125 0.029166666666666667
2 0.34270833333333334 0.45555555555555555 0.011458333333333333 0.022916666666666665
2 0.3333333333333333 0.4583333333333333 0.009895833333333333 0.030555555555555555
2 0.3125 0.46041666666666664 0.013541666666666667 0.030555555555555555
0 0.3609375 0.4798611111111111 0.013541666666666667 0.025694444444444443
2 0.34010416666666665 0.4798611111111111 0.015625 0.022916666666666665
2 0.3265625 0.48055555555555557 0.011458333333333333 0.021527777777777778
2 0.29791666666666666 0.48333333333333334 0.015625 0.03333333333333333
3 0.3625 0.5 0.0109375 0.018055555555555554
1 0.353125 0.5013888888888889 0.0109375 0.018055555555555554
1 0.33489583333333334 0.49930555555555556 0.009375 0.013888888888888888
3 0.3255208333333333 0.49930555555555556 0.008333333333333333 0.021527777777777778
3 0.3265625 0.5180555555555556 0.024479166666666666 0.016666666666666666
1 0.31666666666666665 0.5 0.009375 0.018055555555555554
1 0.30833333333333335 0.5013888888888889 0.009375 0.02013888888888889
1 0.290625 0.5020833333333333 0.009895833333333333 0.016666666666666666
3 0.28229166666666666 0.4965277777777778 0.009895833333333333 0.021527777777777778
1 0.20520833333333333 0.25625 0.007291666666666667 0.010416666666666666
1 0.19791666666666666 0.25277777777777777 0.005729166666666666 0.0125
1 0.24583333333333332 0.2847222222222222 0.005729166666666666 0.009027777777777777
2 0.40677083333333336 0.4479166666666667 0.025 0.030555555555555555
2 0.42135416666666664 0.41597222222222224 0.021354166666666667 0.025694444444444443