1 0.2609375 0.7222222222222222 0.05 0.08472222222222223
1 0.18489583333333334 0.7368055555555556 0.04479166666666667 0.08125
1 0.10364583333333334 0.8388888888888889 0.084375 0.12569444444444444
1 0.11145833333333334 0.68125 0.0515625 0.08541666666666667
1 0.22760416666666666 0.5395833333333333 0.0328125 0.044444444444444446
1 0.17760416666666667 0.5131944444444444 0.027083333333333334 0.03819444444444445
1 0.11979166666666667 0.49027777777777776 0.028645833333333332 0.03888888888888889
1 0.4505208333333333 0.6111111111111112 0.07552083333333333 0.04861111111111111
1 0.3541666666666667 0.51875 0.036458333333333336 0.044444444444444446
1 0.27760416666666665 0.48125 0.030208333333333334 0.030555555555555555
1 0.8171875 0.7340277777777777 0.07864583333333333 0.06388888888888888
1 0.6848958333333334 0.6701388888888888 0.07291666666666667 0.044444444444444446
1 0.8671875 0.6166666666666667 0.058333333333333334 0.04097222222222222
1 0.9427083333333334 0.5909722222222222 0.050520833333333334 0.03680555555555556
1 0.17760416666666667 0.4340277777777778 0.0234375 0.027777777777777776
1 0.1765625 0.3326388888888889 0.015104166666666667 0.01875
1 0.06875 0.4013888888888889 0.022916666666666665 0.02361111111111111
1 0.08802083333333334 0.6152777777777778 0.0515625 0.06875
3 0.13229166666666667 0.40694444444444444 0.0171875 0.034027777777777775
3 0.2109375 0.4444444444444444 0.0234375 0.03888888888888889
3 0.5213541666666667 0.5701388888888889 0.042708333333333334 0.043055555555555555
1 0.48541666666666666 0.5583333333333333 0.0609375 0.03611111111111111
1 0.4744791666666667 0.5395833333333333 0.0578125 0.03333333333333333
1 0.6322916666666667 0.5763888888888888 0.057291666666666664 0.044444444444444446
2 0.6197916666666666 0.6236111111111111 0.09427083333333333 0.06736111111111111
1 0.6994791666666667 0.5597222222222222 0.05364583333333333 0.043055555555555555
1 0.4270833333333333 0.4673611111111111 0.04583333333333333 0.022916666666666665
1 0.41770833333333335 0.45694444444444443 0.041666666666666664 0.025694444444444443
1 0.390625 0.4222222222222222 0.042708333333333334 0.022222222222222223
1 0.38697916666666665 0.4125 0.0390625 0.022916666666666665
1 0.25885416666666666 0.4354166666666667 0.0234375 0.025
1 0.3234375 0.47430555555555554 0.027604166666666666 0.034027777777777775
1 0.22864583333333333 0.3138888888888889 0.011458333333333333 0.0125
1 0.22083333333333333 0.30069444444444443 0.009895833333333333 0.010416666666666666
1 0.215625 0.2875 0.009895833333333333 0.009722222222222222
1 0.209375 0.2763888888888889 0.007291666666666667 0.008333333333333333
1 0.18177083333333333 0.28541666666666665 0.0109375 0.010416666666666666
1 0.15989583333333332 0.2625 0.016666666666666666 0.008333333333333333
1 0.18802083333333333 0.23472222222222222 0.005729166666666666 0.006944444444444444
1 0.1859375 0.2263888888888889 0.004166666666666667 0.005555555555555556
1 0.17864583333333334 0.2222222222222222 0.004166666666666667 0.006944444444444444
1 0.15 0.22291666666666668 0.004166666666666667 0.005555555555555556
1 0.13541666666666666 0.2652777777777778 0.009375 0.008333333333333333
1 0.140625 0.2520833333333333 0.007291666666666667 0.007638888888888889
1 0.09375 0.3236111111111111 0.013541666666666667 0.01597222222222222
3 0.1 0.3138888888888889 0.021354166666666667 0.018055555555555554
1 0.10625 0.29930555555555555 0.013020833333333334 0.01597222222222222
1 0.11302083333333333 0.2951388888888889 0.011458333333333333 0.011111111111111112
3 0.11770833333333333 0.28680555555555554 0.013541666666666667 0.01597222222222222
1 0.18697916666666667 0.21875 0.004166666666666667 0.005555555555555556
1 0.17864583333333334 0.21458333333333332 0.004166666666666667 0.005555555555555556