1 0.5796875 0.5666666666666667 0.03229166666666667 0.11319444444444444
1 0.46927083333333336 0.5333333333333333 0.025520833333333333 0.08263888888888889
1 0.4505208333333333 0.25763888888888886 0.019270833333333334 0.043055555555555555
1 0.4817708333333333 0.21041666666666667 0.017708333333333333 0.03819444444444445
3 0.5578125 0.1361111111111111 0.01875 0.04722222222222222
3 0.48802083333333335 0.11527777777777778 0.016666666666666666 0.027777777777777776
1 0.45989583333333334 0.12430555555555556 0.01875 0.03333333333333333
1 0.45677083333333335 0.04375 0.015104166666666667 0.02638888888888889
1 0.6822916666666666 0.125 0.030208333333333334 0.02638888888888889
1 0.3416666666666667 0.6354166666666666 0.0390625 0.075
2 0.3140625 0.4840277777777778 0.0359375 0.1076388888888889
1 0.3890625 0.26458333333333334 0.01875 0.034027777777777775
0 0.41875 0.11875 0.022916666666666665 0.075
0 0.4041666666666667 0.08541666666666667 0.0265625 0.06458333333333334
1 0.04114583333333333 0.21666666666666667 0.029166666666666667 0.027777777777777776
1 0.021875 0.24166666666666667 0.027604166666666666 0.03194444444444444
1 0.18177083333333333 0.15347222222222223 0.027604166666666666 0.022916666666666665
1 0.29739583333333336 0.10833333333333334 0.015625 0.029166666666666667
3 0.28125 0.1076388888888889 0.0140625 0.03333333333333333
3 0.2578125 0.10833333333333334 0.013020833333333334 0.029166666666666667
3 0.23854166666666668 0.1423611111111111 0.028645833333333332 0.02013888888888889
3 0.24947916666666667 0.13541666666666666 0.01875 0.01875
3 0.24479166666666666 0.10694444444444444 0.015104166666666667 0.030555555555555555
1 0.23229166666666667 0.10972222222222222 0.013020833333333334 0.02638888888888889
1 0.22083333333333333 0.10902777777777778 0.0171875 0.027777777777777776
2 0.29739583333333336 0.0763888888888889 0.024479166666666666 0.035416666666666666
2 0.265625 0.08125 0.01875 0.035416666666666666
2 0.24791666666666667 0.075 0.019791666666666666 0.030555555555555555
2 0.20729166666666668 0.07916666666666666 0.025520833333333333 0.03194444444444444
2 0.23385416666666667 0.043055555555555555 0.020833333333333332 0.043055555555555555
2 0.2609375 0.03958333333333333 0.016666666666666666 0.04027777777777778
2 0.275 0.04097222222222222 0.015625 0.03680555555555556
2 0.29010416666666666 0.03958333333333333 0.013541666666666667 0.03333333333333333
2 0.30416666666666664 0.04027777777777778 0.013020833333333334 0.027777777777777776
2 0.3177083333333333 0.04027777777777778 0.013541666666666667 0.035416666666666666
2 0.33177083333333335 0.04513888888888889 0.017708333333333333 0.041666666666666664
3 0.18125 0.10416666666666667 0.01875 0.03819444444444445
1 0.19739583333333333 0.11041666666666666 0.01875 0.03333333333333333
1 0.20833333333333334 0.030555555555555555 0.022395833333333334 0.018055555555555554
1 0.15260416666666668 0.08472222222222223 0.015625 0.021527777777777778
1 0.1375 0.08472222222222223 0.015104166666666667 0.027777777777777776
1 0.12395833333333334 0.08472222222222223 0.015104166666666667 0.025694444444444443
3 0.11041666666666666 0.0798611111111111 0.016666666666666666 0.03333333333333333
3 0.1 0.08402777777777778 0.0140625 0.027777777777777776
3 0.11666666666666667 0.125 0.019270833333333334 0.02638888888888889
3 0.1484375 0.14583333333333334 0.028645833333333332 0.022916666666666665
3 0.06770833333333333 0.15416666666666667 0.0140625 0.024305555555555556
3 0.08697916666666666 0.15694444444444444 0.027083333333333334 0.02638888888888889
1 0.06979166666666667 0.1798611111111111 0.022916666666666665 0.027777777777777776
1 0.024479166666666666 0.18472222222222223 0.021354166666666667 0.029166666666666667
3 0.053125 0.15555555555555556 0.011979166666666667 0.02638888888888889
3 0.0390625 0.15833333333333333 0.013541666666666667 0.029166666666666667
3 0.0640625 0.06666666666666667 0.013541666666666667 0.016666666666666666
3 0.11197916666666667 0.04513888888888889 0.015104166666666667 0.034027777777777775
3 0.121875 0.04375 0.013541666666666667 0.03194444444444444
3 0.027083333333333334 0.08333333333333333 0.013020833333333334 0.021527777777777778
1 0.09947916666666666 0.13125 0.011458333333333333 0.03194444444444444
1 0.0859375 0.13055555555555556 0.011458333333333333 0.022916666666666665
1 0.07447916666666667 0.12916666666666668 0.011458333333333333 0.022916666666666665
1 0.128125 0.11388888888888889 0.015104166666666667 0.025694444444444443
1 0.165625 0.1326388888888889 0.028645833333333332 0.024305555555555556
1 0.025 0.15763888888888888 0.011458333333333333 0.018055555555555554
1 0.0109375 0.15625 0.013020833333333334 0.02013888888888889
1 0.04791666666666667 0.12638888888888888 0.013020833333333334 0.024305555555555556
1 0.03177083333333333 0.12916666666666668 0.011979166666666667 0.02013888888888889
1 0.016666666666666666 0.1284722222222222 0.011979166666666667 0.021527777777777778
1 0.005729166666666666 0.13125 0.008333333333333333 0.02638888888888889
1 0.09010416666666667 0.10972222222222222 0.01875 0.016666666666666666
1 0.07239583333333334 0.11180555555555556 0.011979166666666667 0.015277777777777777
1 0.0609375 0.11319444444444444 0.0109375 0.018055555555555554
1 0.04791666666666667 0.10972222222222222 0.0140625 0.013888888888888888
1 0.022395833333333334 0.1111111111111111 0.020833333333333332 0.021527777777777778
1 0.075 0.08541666666666667 0.015625 0.016666666666666666
1 0.0609375 0.08888888888888889 0.015104166666666667 0.018055555555555554
1 0.04375 0.08611111111111111 0.015625 0.02013888888888889
1 0.0890625 0.07152777777777777 0.011458333333333333 0.016666666666666666
1 0.0765625 0.07083333333333333 0.011979166666666667 0.015277777777777777
1 0.3651041666666667 0.025694444444444443 0.022395833333333334 0.02013888888888889
2 0.6182291666666667 0.9548611111111112 0.04375 0.0875
1 0.3255208333333333 0.13472222222222222 0.030729166666666665 0.022916666666666665
1 0.8067708333333333 0.22916666666666666 0.0265625 0.03194444444444444
1 0.7203125 0.27361111111111114 0.036458333333333336 0.03680555555555556