1 0.4192708333333333 0.7277777777777777 0.040625 0.11666666666666667
1 0.484375 0.7131944444444445 0.034375 0.11041666666666666
1 0.17083333333333334 0.9458333333333333 0.05625 0.10833333333333334
1 0.3302083333333333 0.91875 0.059895833333333336 0.15694444444444444
1 0.5947916666666667 0.9597222222222223 0.05364583333333333 0.08055555555555556
1 0.8526041666666667 0.9520833333333333 0.06614583333333333 0.09583333333333334
3 0.8098958333333334 0.7881944444444444 0.07708333333333334 0.1388888888888889
1 0.6546875 0.6305555555555555 0.05 0.09097222222222222
1 0.59375 0.5493055555555556 0.0484375 0.08680555555555555
1 0.43697916666666664 0.4708333333333333 0.03333333333333333 0.08194444444444444
1 0.225 0.6597222222222222 0.0515625 0.10347222222222222
3 0.23645833333333333 0.5395833333333333 0.053125 0.10416666666666667
1 0.7432291666666667 0.5430555555555555 0.04739583333333333 0.08125
1 0.7192708333333333 0.46041666666666664 0.04375 0.075
1 0.3 0.4638888888888889 0.0359375 0.059027777777777776
1 0.48125 0.3798611111111111 0.026041666666666668 0.07152777777777777
1 0.2859375 0.3576388888888889 0.03125 0.06319444444444444
1 0.30364583333333334 0.275 0.033854166666666664 0.05555555555555555
1 0.6953125 0.36944444444444446 0.0359375 0.058333333333333334
1 0.68125 0.3090277777777778 0.0328125 0.04722222222222222
1 0.528125 0.3145833333333333 0.027083333333333334 0.05625
1 0.5911458333333334 0.28055555555555556 0.0265625 0.04652777777777778
1 0.6588541666666666 0.22569444444444445 0.028645833333333332 0.03680555555555556
1 0.5489583333333333 0.18055555555555555 0.023958333333333335 0.03819444444444445
0 0.6421875 0.1 0.0421875 0.0875
1 0.3375 0.14930555555555555 0.023958333333333335 0.0375
1 0.35572916666666665 0.09513888888888888 0.020833333333333332 0.034027777777777775
1 0.4505208333333333 0.06041666666666667 0.01875 0.03125
3 0.5354166666666667 0.05763888888888889 0.01875 0.0375
1 0.47708333333333336 0.025694444444444443 0.016666666666666666 0.03263888888888889
3 0.36770833333333336 0.06666666666666667 0.019791666666666666 0.04097222222222222
1 0.37604166666666666 0.043055555555555555 0.01875 0.027083333333333334
1 0.3880208333333333 0.010416666666666666 0.017708333333333333 0.020833333333333332
3 0.615625 0.015277777777777777 0.019791666666666666 0.029861111111111113