3 0.025 0.13680555555555557 0.03697916666666667 0.05555555555555555
3 0.0125 0.33958333333333335 0.025 0.052083333333333336
3 0.07239583333333334 0.04861111111111111 0.0390625 0.05694444444444444
1 0.19583333333333333 0.25625 0.03802083333333333 0.050694444444444445
1 0.26197916666666665 0.5520833333333334 0.03333333333333333 0.03819444444444445
0 0.346875 0.6902777777777778 0.09479166666666666 0.06111111111111111
3 0.43645833333333334 0.45416666666666666 0.0359375 0.043055555555555555
1 0.3984375 0.35138888888888886 0.03229166666666667 0.04027777777777778
1 0.3640625 0.1840277777777778 0.0359375 0.05347222222222222
3 0.41875 0.18541666666666667 0.034895833333333334 0.05555555555555555
1 0.5078125 0.013888888888888888 0.028645833333333332 0.027777777777777776
3 0.5265625 0.09861111111111111 0.027083333333333334 0.06458333333333334
1 0.5494791666666666 0.17291666666666666 0.017708333333333333 0.058333333333333334
3 0.6625 0.1763888888888889 0.03333333333333333 0.05555555555555555
3 0.6765625 0.15 0.03333333333333333 0.05347222222222222
1 0.6953125 0.12430555555555556 0.03229166666666667 0.050694444444444445
0 0.5625 0.3159722222222222 0.075 0.10416666666666667
1 0.6859375 0.4638888888888889 0.034375 0.044444444444444446
1 0.6588541666666666 0.5243055555555556 0.034895833333333334 0.043055555555555555
2 0.7166666666666667 0.7958333333333333 0.050520833333333334 0.05347222222222222
1 0.7708333333333334 0.6180555555555556 0.03333333333333333 0.04027777777777778
3 0.8505208333333333 0.8791666666666667 0.034375 0.04027777777777778
3 0.9807291666666667 0.9180555555555555 0.03854166666666667 0.041666666666666664
3 0.921875 0.8361111111111111 0.03333333333333333 0.043055555555555555
1 0.9494791666666667 0.7416666666666667 0.036458333333333336 0.04722222222222222
1 0.8302083333333333 0.6638888888888889 0.036458333333333336 0.03819444444444445
3 0.8817708333333333 0.6930555555555555 0.0390625 0.04791666666666667
0 0.93125 0.6770833333333334 0.09739583333333333 0.1
1 0.9854166666666667 0.6284722222222222 0.025 0.04722222222222222
1 0.9401041666666666 0.56875 0.022395833333333334 0.050694444444444445
1 0.921875 0.5493055555555556 0.025 0.04791666666666667
3 0.9604166666666667 0.5833333333333334 0.025 0.05486111111111111
2 0.8755208333333333 0.3402777777777778 0.065625 0.09930555555555555
2 0.7958333333333333 0.23402777777777778 0.08229166666666667 0.12291666666666666
3 0.7411458333333333 0.29791666666666666 0.03802083333333333 0.030555555555555555
3 0.7604166666666666 0.3284722222222222 0.0390625 0.030555555555555555
3 0.7869791666666667 0.35694444444444445 0.040625 0.029166666666666667
3 0.8083333333333333 0.38472222222222224 0.034895833333333334 0.022916666666666665
3 0.8526041666666667 0.44166666666666665 0.03854166666666667 0.027777777777777776
1 0.8276041666666667 0.4125 0.034375 0.025694444444444443