1 0.3541666666666667 0.8472222222222222 0.0328125 0.03888888888888889
1 0.4427083333333333 0.7159722222222222 0.024479166666666666 0.034027777777777775
1 0.46458333333333335 0.6854166666666667 0.022395833333333334 0.029861111111111113
1 0.4192708333333333 0.6055555555555555 0.0140625 0.02361111111111111
1 0.4359375 0.5993055555555555 0.013020833333333334 0.02638888888888889
1 0.4791666666666667 0.5819444444444445 0.017708333333333333 0.025
1 0.5083333333333333 0.5666666666666667 0.0171875 0.017361111111111112
1 0.5583333333333333 0.6263888888888889 0.020833333333333332 0.027777777777777776
1 0.5546875 0.5875 0.019270833333333334 0.025
1 0.2609375 0.6993055555555555 0.025 0.027777777777777776
1 0.18020833333333333 0.6194444444444445 0.019270833333333334 0.022222222222222223
1 0.20520833333333333 0.6770833333333334 0.022916666666666665 0.02847222222222222
1 0.1828125 0.7090277777777778 0.022916666666666665 0.03333333333333333
1 0.16041666666666668 0.7152777777777778 0.022395833333333334 0.03263888888888889
1 0.25052083333333336 0.6069444444444444 0.025 0.022222222222222223
1 0.3390625 0.6201388888888889 0.022916666666666665 0.022222222222222223
1 0.31666666666666665 0.6013888888888889 0.027604166666666666 0.01597222222222222
1 0.31666666666666665 0.5826388888888889 0.024479166666666666 0.022222222222222223
1 0.19895833333333332 0.7388888888888889 0.0234375 0.034027777777777775
1 0.140625 0.7236111111111111 0.019791666666666666 0.03680555555555556
3 0.2359375 0.71875 0.0234375 0.029861111111111113
3 0.16302083333333334 0.6743055555555556 0.025520833333333333 0.03819444444444445
3 0.2546875 0.6395833333333333 0.025 0.02013888888888889
1 0.22083333333333333 0.6513888888888889 0.021354166666666667 0.025
2 0.17552083333333332 0.7569444444444444 0.0234375 0.03819444444444445
2 0.18697916666666667 0.8333333333333334 0.03854166666666667 0.07222222222222222
0 0.21458333333333332 0.8027777777777778 0.06666666666666667 0.10277777777777777
2 0.14583333333333334 0.5715277777777777 0.040625 0.05694444444444444
1 0.17395833333333333 0.5715277777777777 0.020833333333333332 0.022916666666666665
1 0.13385416666666666 0.5298611111111111 0.016666666666666666 0.018055555555555554
1 0.246875 0.5979166666666667 0.027604166666666666 0.02013888888888889
1 0.30104166666666665 0.5673611111111111 0.0234375 0.018055555555555554
1 0.30833333333333335 0.5756944444444444 0.0234375 0.022222222222222223
1 0.29270833333333335 0.5618055555555556 0.022916666666666665 0.020833333333333332
1 0.2598958333333333 0.5409722222222222 0.017708333333333333 0.015277777777777777
1 0.27395833333333336 0.5215277777777778 0.017708333333333333 0.01597222222222222
1 0.23333333333333334 0.5798611111111112 0.029166666666666667 0.02361111111111111
1 0.2390625 0.5902777777777778 0.0265625 0.01875
1 0.22552083333333334 0.5708333333333333 0.024479166666666666 0.02013888888888889
1 0.20989583333333334 0.5618055555555556 0.0234375 0.020833333333333332
3 0.26979166666666665 0.54375 0.022395833333333334 0.017361111111111112
3 0.2515625 0.5361111111111111 0.019270833333333334 0.017361111111111112
3 0.21875 0.5645833333333333 0.025 0.02361111111111111
2 0.21770833333333334 0.5395833333333333 0.030208333333333334 0.022222222222222223
2 0.240625 0.5277777777777778 0.0328125 0.030555555555555555
1 0.11197916666666667 0.38680555555555557 0.007291666666666667 0.009722222222222222
1 0.090625 0.35694444444444445 0.007291666666666667 0.008333333333333333
1 0.09791666666666667 0.31875 0.005729166666666666 0.007638888888888889
1 0.159375 0.33125 0.005729166666666666 0.008333333333333333
1 0.140625 0.3375 0.015625 0.008333333333333333
1 0.7296875 0.8201388888888889 0.0234375 0.04652777777777778
1 0.784375 0.8097222222222222 0.022916666666666665 0.04027777777777778
1 0.8052083333333333 0.8201388888888889 0.021354166666666667 0.03888888888888889
1 0.8484375 0.8555555555555555 0.025 0.041666666666666664
1 0.8713541666666667 0.875 0.024479166666666666 0.04652777777777778
3 0.5223958333333333 0.5576388888888889 0.015625 0.02361111111111111
3 0.6369791666666667 0.4444444444444444 0.011979166666666667 0.017361111111111112
1 0.5572916666666666 0.5555555555555556 0.019791666666666666 0.020833333333333332
3 0.6015625 0.5555555555555556 0.0140625 0.02361111111111111
2 0.5828125 0.5402777777777777 0.04583333333333333 0.07430555555555556
2 0.6348958333333333 0.49583333333333335 0.042708333333333334 0.06944444444444445
2 0.6739583333333333 0.45208333333333334 0.015104166666666667 0.022916666666666665
2 0.6677083333333333 0.4131944444444444 0.011979166666666667 0.018055555555555554
1 0.7276041666666667 0.3506944444444444 0.008333333333333333 0.008333333333333333
1 0.69375 0.3854166666666667 0.0109375 0.011111111111111112
1 0.7552083333333334 0.325 0.007291666666666667 0.007638888888888889
1 0.7697916666666667 0.3104166666666667 0.00625 0.007638888888888889
1 0.7619791666666667 0.31875 0.00625 0.007638888888888889
1 0.7020833333333333 0.3763888888888889 0.008333333333333333 0.011111111111111112
1 0.7104166666666667 0.37222222222222223 0.009375 0.008333333333333333
1 0.7135416666666666 0.3645833333333333 0.009895833333333333 0.010416666666666666
1 0.6770833333333334 0.4041666666666667 0.008333333333333333 0.010416666666666666
1 0.7333333333333333 0.3451388888888889 0.0078125 0.008333333333333333
1 0.7390625 0.3416666666666667 0.0078125 0.008333333333333333
1 0.7791666666666667 0.3013888888888889 0.005729166666666666 0.006944444444444444
3 0.7161458333333334 0.6506944444444445 0.030729166666666665 0.025694444444444443
3 0.7208333333333333 0.6416666666666667 0.0234375 0.02013888888888889
3 0.7348958333333333 0.6055555555555555 0.025520833333333333 0.013194444444444444
3 0.7401041666666667 0.5847222222222223 0.022916666666666665 0.01875
3 0.7223958333333333 0.6368055555555555 0.0265625 0.022222222222222223
1 0.7307291666666667 0.6298611111111111 0.027083333333333334 0.022222222222222223
1 0.7458333333333333 0.5826388888888889 0.022916666666666665 0.02013888888888889
1 0.8098958333333334 0.6166666666666667 0.028645833333333332 0.022222222222222223
1 0.80625 0.6270833333333333 0.025 0.01597222222222222
1 0.803125 0.6486111111111111 0.030729166666666665 0.01875
1 0.7989583333333333 0.6583333333333333 0.030729166666666665 0.018055555555555554
1 0.7880208333333333 0.6826388888888889 0.03125 0.022222222222222223
1 0.7979166666666667 0.66875 0.0328125 0.018055555555555554
3 0.8135416666666667 0.60625 0.030208333333333334 0.02361111111111111
2 0.8072916666666666 0.6368055555555555 0.030208333333333334 0.018055555555555554
2 0.7307291666666667 0.6194444444444445 0.027083333333333334 0.018055555555555554
3 0.4625 0.7277777777777777 0.022395833333333334 0.03680555555555556
1 0.4510416666666667 0.5916666666666667 0.015104166666666667 0.025694444444444443
3 0.4640625 0.5847222222222223 0.0140625 0.02638888888888889
1 0.44166666666666665 0.55625 0.019270833333333334 0.01875
3 0.46145833333333336 0.5430555555555555 0.019791666666666666 0.017361111111111112
3 0.4791666666666667 0.5263888888888889 0.017708333333333333 0.017361111111111112
3 0.48072916666666665 0.5152777777777777 0.01875 0.01875
1 0.49947916666666664 0.5145833333333333 0.019270833333333334 0.01597222222222222
1 0.46875 0.5326388888888889 0.019791666666666666 0.013194444444444444
1 0.4505208333333333 0.5506944444444445 0.020833333333333332 0.017361111111111112
2 0.4890625 0.6819444444444445 0.030729166666666665 0.041666666666666664
2 0.5348958333333333 0.6583333333333333 0.024479166666666666 0.043055555555555555
2 0.48541666666666666 0.6506944444444445 0.0234375 0.03888888888888889
2 0.5255208333333333 0.6236111111111111 0.0421875 0.07222222222222222
0 0.5005208333333333 0.7090277777777778 0.04479166666666667 0.07361111111111111
1 0.653125 0.4513888888888889 0.011979166666666667 0.015277777777777777
1 0.6479166666666667 0.4354166666666667 0.011458333333333333 0.014583333333333334
1 0.8401041666666667 0.2625 0.004166666666666667 0.006944444444444444
1 0.8390625 0.2534722222222222 0.005208333333333333 0.005555555555555556
1 0.08072916666666667 0.3173611111111111 0.015625 0.008333333333333333
1 0.115625 0.24861111111111112 0.004166666666666667 0.005555555555555556
1 0.11666666666666667 0.2659722222222222 0.0026041666666666665 0.004861111111111111
1 0.1140625 0.2826388888888889 0.00625 0.005555555555555556
2 0.5838541666666667 0.5798611111111112 0.029166666666666667 0.050694444444444445