1 0.2677083333333333 0.8777777777777778 0.13697916666666668 0.24305555555555555
1 0.8921875 0.9013888888888889 0.20989583333333334 0.1840277777777778
1 0.7791666666666667 0.775 0.20364583333333333 0.17708333333333334
1 0.7151041666666667 0.6347222222222222 0.19583333333333333 0.11319444444444444
1 0.15625 0.6847222222222222 0.21197916666666666 0.14652777777777778
1 0.09322916666666667 0.48541666666666666 0.15364583333333334 0.08263888888888889
1 0.7098958333333333 0.5701388888888889 0.15 0.10694444444444444
1 0.7223958333333333 0.5027777777777778 0.15989583333333332 0.09930555555555555
1 0.8713541666666667 0.4673611111111111 0.1328125 0.09166666666666666
1 0.7291666666666666 0.40069444444444446 0.13802083333333334 0.07777777777777778
1 0.5432291666666667 0.34444444444444444 0.059375 0.0763888888888889
1 0.4791666666666667 0.32916666666666666 0.06354166666666666 0.06736111111111111
1 0.43697916666666664 0.2701388888888889 0.05364583333333333 0.05416666666666667
1 0.21354166666666666 0.3902777777777778 0.065625 0.1
1 0.20104166666666667 0.32430555555555557 0.05364583333333333 0.07708333333333334
1 0.18854166666666666 0.26805555555555555 0.0515625 0.075
3 0.17916666666666667 0.21736111111111112 0.07083333333333333 0.08402777777777778
1 0.16302083333333334 0.1986111111111111 0.040625 0.044444444444444446
1 0.15989583333333332 0.16111111111111112 0.0390625 0.05347222222222222
1 0.14010416666666667 0.14305555555555555 0.03333333333333333 0.041666666666666664
1 0.12864583333333332 0.11458333333333333 0.028645833333333332 0.03611111111111111
1 0.40208333333333335 0.22569444444444445 0.05260416666666667 0.049305555555555554
1 0.37083333333333335 0.19444444444444445 0.0421875 0.041666666666666664
1 0.3421875 0.16111111111111112 0.042708333333333334 0.043055555555555555
1 0.3223958333333333 0.14166666666666666 0.0390625 0.03819444444444445
1 0.3072916666666667 0.12569444444444444 0.034375 0.030555555555555555
1 0.2734375 0.10555555555555556 0.03854166666666667 0.03611111111111111
1 0.2578125 0.08125 0.021354166666666667 0.030555555555555555
2 0.19583333333333333 0.0375 0.03854166666666667 0.043055555555555555
1 0.15364583333333334 0.021527777777777778 0.01875 0.02013888888888889
1 0.14114583333333333 0.07916666666666666 0.030729166666666665 0.03819444444444445
1 0.09947916666666666 0.07152777777777777 0.022916666666666665 0.022916666666666665
1 0.0890625 0.059027777777777776 0.025520833333333333 0.025
1 0.07916666666666666 0.05 0.020833333333333332 0.02361111111111111