3 0.8682291666666667 0.5451388888888888 0.049479166666666664 0.04097222222222222
1 0.8447916666666667 0.5701388888888889 0.05260416666666667 0.03611111111111111
1 0.8255208333333334 0.6034722222222222 0.0515625 0.03819444444444445
1 0.8130208333333333 0.6131944444444445 0.058333333333333334 0.04375
2 0.7994791666666666 0.6375 0.090625 0.075
1 0.10729166666666666 0.5701388888888889 0.03125 0.049305555555555554
1 0.26510416666666664 0.6444444444444445 0.0640625 0.04097222222222222
1 0.27760416666666665 0.6083333333333333 0.06354166666666666 0.03819444444444445
3 0.4796875 0.46597222222222223 0.0234375 0.034027777777777775
1 0.4984375 0.5006944444444444 0.029166666666666667 0.034027777777777775
1 0.5041666666666667 0.60625 0.03229166666666667 0.050694444444444445
3 0.35208333333333336 0.7631944444444444 0.057291666666666664 0.10972222222222222
2 0.246875 0.7333333333333333 0.0921875 0.07013888888888889