1 0.5041666666666667 0.8569444444444444 0.017708333333333333 0.07083333333333333
1 0.5223958333333333 0.6791666666666667 0.015104166666666667 0.05555555555555555
3 0.49375 0.5006944444444444 0.015625 0.06458333333333334
1 0.5182291666666666 0.4888888888888889 0.016666666666666666 0.05347222222222222
1 0.42135416666666664 0.47638888888888886 0.0140625 0.059722222222222225
1 0.4921875 0.325 0.015625 0.06597222222222222
2 0.5166666666666667 0.24513888888888888 0.01875 0.12708333333333333
1 0.421875 0.2916666666666667 0.015104166666666667 0.05347222222222222
1 0.49635416666666665 0.16111111111111112 0.0140625 0.050694444444444445
1 0.51875 0.034722222222222224 0.013541666666666667 0.052083333333333336
1 0.7729166666666667 0.18263888888888888 0.034375 0.03819444444444445