1 0.04010416666666667 0.6291666666666667 0.065625 0.0625
1 0.15677083333333333 0.6006944444444444 0.1046875 0.07569444444444444
1 0.2942708333333333 0.525 0.0859375 0.07013888888888889
1 0.346875 0.6527777777777778 0.0859375 0.09861111111111111
3 0.5276041666666667 0.5041666666666667 0.075 0.07083333333333333
1 0.6973958333333333 0.46041666666666664 0.08229166666666667 0.05347222222222222
1 0.7651041666666667 0.4930555555555556 0.090625 0.04652777777777778
1 0.8135416666666667 0.41944444444444445 0.0671875 0.04027777777777778
1 0.61875 0.33194444444444443 0.025 0.03958333333333333
1 0.7255208333333333 0.34097222222222223 0.028125 0.035416666666666666
1 0.7 0.28958333333333336 0.0203125 0.029166666666666667
1 0.6614583333333334 0.22708333333333333 0.0171875 0.019444444444444445
1 0.6567708333333333 0.2152777777777778 0.016666666666666666 0.018055555555555554
1 0.6510416666666666 0.19722222222222222 0.013541666666666667 0.01597222222222222
2 0.5994791666666667 0.17152777777777778 0.015625 0.02013888888888889
1 0.6473958333333333 0.13333333333333333 0.009895833333333333 0.011111111111111112
1 0.7239583333333334 0.15069444444444444 0.016666666666666666 0.010416666666666666
1 0.8135416666666667 0.17430555555555555 0.016145833333333335 0.015277777777777777
1 0.42604166666666665 0.4666666666666667 0.08020833333333334 0.05555555555555555