1 0.26614583333333336 0.4326388888888889 0.019270833333333334 0.03611111111111111
1 0.3046875 0.4673611111111111 0.03229166666666667 0.01875
1 0.2994791666666667 0.4888888888888889 0.03125 0.022222222222222223
1 0.2916666666666667 0.5222222222222223 0.03333333333333333 0.022222222222222223
1 0.278125 0.5722222222222222 0.03229166666666667 0.01875
3 0.28854166666666664 0.5444444444444444 0.03125 0.02361111111111111
3 0.275 0.4798611111111111 0.0171875 0.034027777777777775
1 0.19479166666666667 0.9569444444444445 0.05364583333333333 0.035416666666666666
1 0.1953125 0.6854166666666667 0.0265625 0.04861111111111111
1 0.31927083333333334 0.23819444444444443 0.013020833333333334 0.020833333333333332
1 0.33541666666666664 0.18819444444444444 0.0109375 0.02013888888888889
1 0.3875 0.11666666666666667 0.016666666666666666 0.010416666666666666
1 0.3875 0.1111111111111111 0.017708333333333333 0.010416666666666666
1 0.38958333333333334 0.10208333333333333 0.015104166666666667 0.008333333333333333
1 0.3890625 0.09930555555555555 0.017708333333333333 0.009722222222222222
1 0.390625 0.09444444444444444 0.015625 0.009722222222222222
1 0.39375 0.08888888888888889 0.015625 0.010416666666666666
1 0.3984375 0.0763888888888889 0.015104166666666667 0.010416666666666666
1 0.4140625 0.0763888888888889 0.008333333333333333 0.010416666666666666
1 0.42604166666666665 0.07430555555555556 0.015104166666666667 0.009722222222222222
1 0.39947916666666666 0.05416666666666667 0.015104166666666667 0.009722222222222222
1 0.42552083333333335 0.08055555555555556 0.011979166666666667 0.010416666666666666
1 0.3776041666666667 0.043055555555555555 0.00625 0.0125
1 0.4197916666666667 0.041666666666666664 0.008333333333333333 0.010416666666666666
1 0.42864583333333334 0.04236111111111111 0.005729166666666666 0.0125
1 0.4359375 0.04027777777777778 0.007291666666666667 0.014583333333333334
1 0.35833333333333334 0.04375 0.008333333333333333 0.011111111111111112
1 0.3494791666666667 0.043055555555555555 0.00625 0.009722222222222222
2 0.4317708333333333 0.10347222222222222 0.0234375 0.022222222222222223
2 0.45416666666666666 0.14097222222222222 0.0109375 0.030555555555555555
2 0.43645833333333334 0.2965277777777778 0.022916666666666665 0.07361111111111111
0 0.49375 0.11319444444444444 0.0140625 0.03680555555555556
3 0.44583333333333336 0.0798611111111111 0.0109375 0.01875
2 0.8578125 0.9715277777777778 0.08020833333333334 0.05694444444444444
1 0.8552083333333333 0.9444444444444444 0.05 0.03263888888888889
1 0.7729166666666667 0.7513888888888889 0.028645833333333332 0.05694444444444444
2 0.86875 0.8034722222222223 0.0421875 0.07152777777777777
1 0.9072916666666667 0.8097222222222222 0.03697916666666667 0.02638888888888889
1 0.8880208333333334 0.7736111111111111 0.04791666666666667 0.03125
1 0.8265625 0.7395833333333334 0.030729166666666665 0.052083333333333336
1 0.7588541666666667 0.6868055555555556 0.0234375 0.050694444444444445
1 0.7598958333333333 0.6340277777777777 0.022916666666666665 0.04652777777777778
2 0.7421875 0.6305555555555555 0.022916666666666665 0.05138888888888889
1 0.846875 0.6597222222222222 0.0390625 0.02638888888888889
1 0.8401041666666667 0.6368055555555555 0.041666666666666664 0.025694444444444443
1 0.828125 0.6125 0.03802083333333333 0.025
3 0.8166666666666667 0.5916666666666667 0.034375 0.022222222222222223
3 0.8083333333333333 0.5756944444444444 0.03333333333333333 0.02361111111111111
1 0.7458333333333333 0.44027777777777777 0.025520833333333333 0.01875
1 0.7911458333333333 0.43819444444444444 0.027604166666666666 0.01875
3 0.6390625 0.4083333333333333 0.01875 0.034027777777777775
3 0.7572916666666667 0.3236111111111111 0.015104166666666667 0.022222222222222223
1 0.703125 0.35 0.017708333333333333 0.027777777777777776
1 0.7744791666666667 0.32222222222222224 0.016666666666666666 0.02638888888888889
1 0.7890625 0.32222222222222224 0.0140625 0.025
1 0.7890625 0.26458333333333334 0.024479166666666666 0.017361111111111112
1 0.7822916666666667 0.24930555555555556 0.0140625 0.02013888888888889
1 0.7526041666666666 0.24791666666666667 0.015625 0.020833333333333332
1 0.740625 0.24861111111111112 0.013020833333333334 0.020833333333333332
1 0.7270833333333333 0.24861111111111112 0.013020833333333334 0.020833333333333332
1 0.6989583333333333 0.17222222222222222 0.0109375 0.01875
3 0.7109375 0.17083333333333334 0.013020833333333334 0.022222222222222223
1 0.596875 0.23958333333333334 0.013541666666666667 0.02013888888888889
1 0.5697916666666667 0.052083333333333336 0.008333333333333333 0.013194444444444444
1 0.6760416666666667 0.06944444444444445 0.009375 0.011111111111111112
3 0.7239583333333334 0.11388888888888889 0.013541666666666667 0.014583333333333334