3 0.6484375 0.8347222222222223 0.04635416666666667 0.1423611111111111
3 0.4578125 0.5979166666666667 0.030208333333333334 0.09375
3 0.378125 0.3819444444444444 0.027604166666666666 0.07083333333333333
1 0.4046875 0.8777777777777778 0.034895833333333334 0.1076388888888889
1 0.5578125 0.021527777777777778 0.019791666666666666 0.043055555555555555
1 0.45364583333333336 0.04375 0.01875 0.03680555555555556
2 0.40729166666666666 0.050694444444444445 0.025 0.07361111111111111
1 0.9703125 0.7840277777777778 0.049479166666666664 0.10694444444444444
3 0.8958333333333334 0.5479166666666667 0.03333333333333333 0.07083333333333333
2 0.8494791666666667 0.5131944444444444 0.0609375 0.15833333333333333
2 0.8671875 0.4444444444444444 0.0484375 0.12152777777777778
2 0.9197916666666667 0.3090277777777778 0.06145833333333333 0.07222222222222222
1 0.8713541666666667 0.3125 0.041666666666666664 0.03194444444444444
3 0.81875 0.3020833333333333 0.027083333333333334 0.06319444444444444
3 0.796875 0.33194444444444443 0.029166666666666667 0.06736111111111111
3 0.8697916666666666 0.2902777777777778 0.0390625 0.035416666666666666
3 0.8536458333333333 0.2388888888888889 0.044270833333333336 0.04027777777777778
3 0.8390625 0.21805555555555556 0.034375 0.03333333333333333
3 0.8734375 0.1951388888888889 0.0359375 0.03194444444444444
2 0.9177083333333333 0.2763888888888889 0.0671875 0.06319444444444444
1 0.7890625 0.21736111111111112 0.019791666666666666 0.052083333333333336
2 0.7776041666666667 0.14722222222222223 0.027083333333333334 0.07361111111111111
1 0.890625 0.23333333333333334 0.024479166666666666 0.030555555555555555
1 0.7552083333333334 0.3784722222222222 0.025520833333333333 0.06111111111111111
1 0.7520833333333333 0.44375 0.022916666666666665 0.049305555555555554
1 0.8010416666666667 0.53125 0.0234375 0.07222222222222222
1 0.8802083333333334 0.2152777777777778 0.0421875 0.03194444444444444