1 0.6244791666666667 0.95625 0.1359375 0.0875
1 0.6057291666666667 0.7708333333333334 0.115625 0.08680555555555555
1 0.40520833333333334 0.7166666666666667 0.049479166666666664 0.12638888888888888
3 0.5666666666666667 0.7090277777777778 0.09635416666666667 0.08472222222222223
1 0.5276041666666667 0.37083333333333335 0.03802083333333333 0.07708333333333334
1 0.48489583333333336 0.38819444444444445 0.04010416666666667 0.08125
1 0.5744791666666667 0.24166666666666667 0.06666666666666667 0.052083333333333336
1 0.6072916666666667 0.3645833333333333 0.040625 0.06736111111111111
1 0.48541666666666666 0.2388888888888889 0.07083333333333333 0.04791666666666667
1 0.49947916666666664 0.13541666666666666 0.030208333333333334 0.06111111111111111
1 0.453125 0.12638888888888888 0.025 0.041666666666666664
1 0.4166666666666667 0.14722222222222223 0.028645833333333332 0.04861111111111111
3 0.46145833333333336 0.022222222222222223 0.030208333333333334 0.04375
3 0.2578125 0.02013888888888889 0.030208333333333334 0.04027777777777778
1 0.2703125 0.08263888888888889 0.03229166666666667 0.05555555555555555
1 0.21666666666666667 0.20625 0.0390625 0.06944444444444445
1 0.196875 0.2743055555555556 0.04375 0.07777777777777778
1 0.15416666666666667 0.4736111111111111 0.0515625 0.09236111111111112
1 0.065625 0.5208333333333334 0.059895833333333336 0.11041666666666666