2 0.03125 0.8631944444444445 0.0625 0.1986111111111111
2 0.42864583333333334 0.8777777777777778 0.08854166666666667 0.2423611111111111
1 0.5651041666666666 0.48333333333333334 0.03125 0.08125
1 0.5239583333333333 0.3472222222222222 0.025 0.05486111111111111
1 0.5630208333333333 0.3111111111111111 0.022916666666666665 0.05555555555555555
1 0.4864583333333333 0.225 0.019791666666666666 0.044444444444444446
1 0.5286458333333334 0.1909722222222222 0.019791666666666666 0.03958333333333333
1 0.6427083333333333 0.12986111111111112 0.021354166666666667 0.05694444444444444
1 0.6494791666666667 0.014583333333333334 0.016666666666666666 0.029166666666666667
3 0.26875 0.17083333333333334 0.030208333333333334 0.029166666666666667
2 0.23489583333333333 0.15833333333333333 0.04479166666666667 0.04027777777777778
3 0.27760416666666665 0.16597222222222222 0.0234375 0.027777777777777776
1 0.7869791666666667 0.9631944444444445 0.050520833333333334 0.07083333333333333