1 0.4375 0.015277777777777777 0.0109375 0.022916666666666665
3 0.49947916666666664 0.02638888888888889 0.011458333333333333 0.025
1 0.4984375 0.05 0.0109375 0.022222222222222223
3 0.4348958333333333 0.03611111111111111 0.009895833333333333 0.025
3 0.43385416666666665 0.0625 0.011979166666666667 0.029861111111111113
1 0.4984375 0.07361111111111111 0.011458333333333333 0.022916666666666665
1 0.5 0.09930555555555555 0.013020833333333334 0.025
2 0.50625 0.12291666666666666 0.030208333333333334 0.020833333333333332
1 0.43333333333333335 0.1111111111111111 0.011979166666666667 0.02638888888888889
1 0.43125 0.1388888888888889 0.015104166666666667 0.030555555555555555
1 0.4296875 0.16944444444444445 0.013541666666666667 0.030555555555555555
1 0.49947916666666664 0.1736111111111111 0.015104166666666667 0.02638888888888889
1 0.49947916666666664 0.2388888888888889 0.0140625 0.029861111111111113
1 0.42552083333333335 0.24097222222222223 0.016666666666666666 0.03611111111111111
1 0.5 0.30833333333333335 0.015625 0.03611111111111111
1 0.4239583333333333 0.28055555555555556 0.015104166666666667 0.03680555555555556
1 0.4234375 0.3659722222222222 0.016666666666666666 0.04027777777777778
1 0.5041666666666667 0.38263888888888886 0.015625 0.03680555555555556
1 0.42083333333333334 0.4083333333333333 0.016666666666666666 0.04861111111111111
1 0.4203125 0.31875 0.016666666666666666 0.04097222222222222
1 0.4197916666666667 0.4618055555555556 0.0171875 0.049305555555555554
1 0.4161458333333333 0.5145833333333333 0.017708333333333333 0.050694444444444445
3 0.4140625 0.5756944444444444 0.017708333333333333 0.052083333333333336
1 0.41510416666666666 0.6416666666666667 0.016666666666666666 0.04791666666666667
1 0.5234375 0.675 0.01875 0.05416666666666667
1 0.5328125 0.8409722222222222 0.024479166666666666 0.07222222222222222
1 0.6119791666666666 0.46875 0.04010416666666667 0.025
1 0.7130208333333333 0.48680555555555555 0.044270833333333336 0.020833333333333332