1 0.70625 0.7590277777777777 0.14479166666666668 0.1673611111111111
1 0.7328125 0.5840277777777778 0.11145833333333334 0.16944444444444445
1 0.7822916666666667 0.3951388888888889 0.10729166666666666 0.08194444444444444
1 0.128125 0.84375 0.23333333333333334 0.19652777777777777
1 0.19270833333333334 0.75 0.18854166666666666 0.14375
1 0.2734375 0.66875 0.20729166666666668 0.13819444444444445
1 0.340625 0.5673611111111111 0.17864583333333334 0.10069444444444445
1 0.3875 0.4979166666666667 0.1421875 0.08402777777777778
1 0.4322916666666667 0.4263888888888889 0.1484375 0.06875
3 0.46197916666666666 0.3645833333333333 0.09583333333333334 0.07152777777777777
1 0.4901041666666667 0.3375 0.1 0.07152777777777777
1 0.5109375 0.30694444444444446 0.11666666666666667 0.07013888888888889
1 0.5494791666666666 0.2701388888888889 0.09947916666666666 0.050694444444444445
3 0.5661458333333333 0.22777777777777777 0.11197916666666667 0.07013888888888889
1 0.5885416666666666 0.2013888888888889 0.09010416666666667 0.04652777777777778
1 0.60625 0.18958333333333333 0.07291666666666667 0.04583333333333333
1 0.621875 0.1673611111111111 0.07239583333333334 0.03263888888888889
1 0.6302083333333334 0.16319444444444445 0.06927083333333334 0.043055555555555555
1 0.63125 0.14583333333333334 0.06510416666666667 0.049305555555555554
1 0.6489583333333333 0.13055555555555556 0.059375 0.02638888888888889
1 0.6494791666666667 0.12361111111111112 0.05625 0.030555555555555555
1 0.6380208333333334 0.11458333333333333 0.059895833333333336 0.03125
1 0.6630208333333333 0.09861111111111111 0.059895833333333336 0.03125
1 0.6864583333333333 0.09027777777777778 0.05 0.03125
1 0.6859375 0.08125 0.04739583333333333 0.03125
1 0.696875 0.059722222222222225 0.0421875 0.029861111111111113
1 0.7098958333333333 0.03888888888888889 0.03854166666666667 0.034027777777777775
1 0.7177083333333333 0.02361111111111111 0.03802083333333333 0.02847222222222222
1 0.8723958333333334 0.3034722222222222 0.0515625 0.07708333333333334
1 0.7859375 0.2701388888888889 0.04479166666666667 0.06111111111111111
1 0.7947916666666667 0.225 0.03802083333333333 0.05416666666666667
1 0.7963541666666667 0.19166666666666668 0.034375 0.03819444444444445
1 0.8010416666666667 0.1638888888888889 0.03229166666666667 0.03819444444444445
1 0.8015625 0.13680555555555557 0.0328125 0.03125
1 0.83125 0.12430555555555556 0.0671875 0.043055555555555555
3 0.8119791666666667 0.09375 0.0515625 0.04097222222222222
1 0.8098958333333334 0.06805555555555555 0.022395833333333334 0.02361111111111111
1 0.809375 0.04513888888888889 0.025520833333333333 0.02361111111111111
1 0.815625 0.0375 0.024479166666666666 0.022222222222222223
1 0.81875 0.021527777777777778 0.020833333333333332 0.025694444444444443