1 0.16979166666666667 0.7604166666666666 0.11197916666666667 0.09444444444444444
1 0.8869791666666667 0.6222222222222222 0.08125 0.04097222222222222
1 0.7854166666666667 0.6506944444444445 0.08385416666666666 0.05
1 0.6338541666666667 0.6680555555555555 0.04479166666666667 0.049305555555555554
1 0.5822916666666667 0.6673611111111111 0.04635416666666667 0.05138888888888889
1 0.5203125 0.6375 0.023958333333333335 0.041666666666666664
1 0.465625 0.6409722222222223 0.034895833333333334 0.04513888888888889
1 0.41822916666666665 0.6534722222222222 0.033854166666666664 0.04722222222222222
1 0.38125 0.6277777777777778 0.04739583333333333 0.04027777777777778
1 0.34270833333333334 0.6229166666666667 0.058333333333333334 0.04027777777777778
3 0.3026041666666667 0.6152777777777778 0.059895833333333336 0.05
1 0.23229166666666667 0.6013888888888889 0.05625 0.03819444444444445
1 0.20364583333333333 0.5951388888888889 0.05416666666666667 0.034027777777777775
1 0.13125 0.5784722222222223 0.06770833333333333 0.03194444444444444
1 0.14322916666666666 0.55 0.0578125 0.025
1 0.14375 0.5340277777777778 0.058333333333333334 0.021527777777777778
3 0.14427083333333332 0.51875 0.0625 0.034027777777777775
1 0.16197916666666667 0.5083333333333333 0.041666666666666664 0.019444444444444445
1 0.17552083333333332 0.4826388888888889 0.0390625 0.018055555555555554
1 0.18125 0.475 0.029166666666666667 0.009722222222222222
1 0.184375 0.4652777777777778 0.0328125 0.0125
1 0.18854166666666666 0.4534722222222222 0.03177083333333333 0.013194444444444444
1 0.1328125 0.4465277777777778 0.015625 0.017361111111111112
1 0.1140625 0.46041666666666664 0.034375 0.013888888888888888
1 0.10364583333333334 0.4701388888888889 0.03697916666666667 0.013888888888888888
1 0.0875 0.4847222222222222 0.042708333333333334 0.01597222222222222
1 0.07916666666666666 0.49583333333333335 0.04479166666666667 0.01875
1 0.065625 0.5090277777777777 0.053125 0.020833333333333332
1 0.027083333333333334 0.5430555555555555 0.05416666666666667 0.025
1 0.015625 0.56875 0.03125 0.027777777777777776