3 0.21614583333333334 0.6381944444444444 0.036458333333333336 0.05625
1 0.43125 0.9013888888888889 0.0421875 0.10416666666666667
1 0.6375 0.8180555555555555 0.05625 0.08333333333333333
1 0.54375 0.6555555555555556 0.03125 0.04236111111111111
1 0.7640625 0.7368055555555556 0.0703125 0.04861111111111111
1 0.7515625 0.7069444444444445 0.0734375 0.043055555555555555
1 0.7307291666666667 0.6763888888888889 0.06458333333333334 0.04236111111111111
1 0.6963541666666667 0.6493055555555556 0.06197916666666667 0.041666666666666664
1 0.6796875 0.6291666666666667 0.059375 0.034722222222222224
1 0.6083333333333333 0.5847222222222223 0.04791666666666667 0.029166666666666667
1 0.6510416666666666 0.5944444444444444 0.0546875 0.030555555555555555
3 0.6661458333333333 0.6083333333333333 0.04739583333333333 0.03680555555555556
2 0.5786458333333333 0.5416666666666666 0.023958333333333335 0.03194444444444444
1 0.4348958333333333 0.5986111111111111 0.0234375 0.043055555555555555
1 0.4375 0.5645833333333333 0.025 0.03333333333333333
1 0.434375 0.5375 0.01875 0.02638888888888889
1 0.43385416666666665 0.5138888888888888 0.01875 0.024305555555555556
1 0.5010416666666667 0.5194444444444445 0.018229166666666668 0.022916666666666665
1 0.5244791666666667 0.4861111111111111 0.016145833333333335 0.019444444444444445
3 0.40572916666666664 0.4840277777777778 0.011458333333333333 0.02361111111111111
1 0.55 0.47152777777777777 0.034375 0.014583333333333334
1 0.553125 0.4652777777777778 0.0296875 0.013194444444444444
1 0.55625 0.45694444444444443 0.029166666666666667 0.013888888888888888
1 0.49114583333333334 0.4527777777777778 0.0296875 0.018055555555555554
3 0.5395833333333333 0.44722222222222224 0.0234375 0.017361111111111112
3 0.53125 0.43333333333333335 0.024479166666666666 0.014583333333333334
1 0.5302083333333333 0.43125 0.0265625 0.013888888888888888
1 0.5260416666666666 0.4263888888888889 0.025520833333333333 0.011805555555555555
1 0.515625 0.41180555555555554 0.021875 0.011805555555555555
1 0.3104166666666667 0.6465277777777778 0.057291666666666664 0.034722222222222224
1 0.31145833333333334 0.6208333333333333 0.05520833333333333 0.02847222222222222
3 0.321875 0.6006944444444444 0.04479166666666667 0.03263888888888889
3 0.3307291666666667 0.5736111111111111 0.04375 0.03125
2 0.41354166666666664 0.4270833333333333 0.013020833333333334 0.027777777777777776
1 0.43802083333333336 0.44583333333333336 0.011979166666666667 0.01597222222222222
1 0.43802083333333336 0.4340277777777778 0.0109375 0.013194444444444444
1 0.4625 0.41388888888888886 0.010416666666666666 0.0125
1 0.4348958333333333 0.41805555555555557 0.010416666666666666 0.0125
1 0.43854166666666666 0.4076388888888889 0.008333333333333333 0.011111111111111112
1 0.43697916666666664 0.4 0.007291666666666667 0.009722222222222222
1 0.4588541666666667 0.39375 0.008854166666666666 0.009722222222222222
1 0.4588541666666667 0.37222222222222223 0.00625 0.008333333333333333
1 0.4546875 0.3659722222222222 0.00625 0.008333333333333333
1 0.4354166666666667 0.39375 0.007291666666666667 0.008333333333333333
1 0.43697916666666664 0.38819444444444445 0.007291666666666667 0.009722222222222222
3 0.43697916666666664 0.37777777777777777 0.00625 0.011805555555555555
1 0.4375 0.37083333333333335 0.00625 0.009722222222222222
1 0.43645833333333334 0.3659722222222222 0.0078125 0.007638888888888889
2 0.43385416666666665 0.3576388888888889 0.010416666666666666 0.011805555555555555