1 0.7661458333333333 0.3375 0.0109375 0.006944444444444444
1 0.7630208333333334 0.33402777777777776 0.009375 0.006944444444444444
1 0.40520833333333334 0.7590277777777777 0.022395833333333334 0.05347222222222222
1 0.44427083333333334 0.7534722222222222 0.019791666666666666 0.04791666666666667
1 0.40208333333333335 0.6111111111111112 0.0171875 0.03333333333333333
3 0.5484375 0.5555555555555556 0.03333333333333333 0.08125
3 0.4322916666666667 0.4895833333333333 0.0234375 0.08541666666666667
1 0.459375 0.4222222222222222 0.008333333333333333 0.014583333333333334
1 0.44114583333333335 0.4111111111111111 0.009375 0.0125
1 0.4510416666666667 0.3736111111111111 0.00625 0.010416666666666666
1 0.48802083333333335 0.3423611111111111 0.005208333333333333 0.006944444444444444
1 0.44166666666666665 0.4444444444444444 0.009375 0.017361111111111112
1 0.47239583333333335 0.31319444444444444 0.0036458333333333334 0.005555555555555556
3 0.5078125 0.28541666666666665 0.005729166666666666 0.013194444444444444
3 0.46875 0.27361111111111114 0.007291666666666667 0.011111111111111112
3 0.4869791666666667 0.24444444444444444 0.005208333333333333 0.009722222222222222
3 0.5145833333333333 0.24305555555555555 0.0036458333333333334 0.007638888888888889
3 0.509375 0.2298611111111111 0.0026041666666666665 0.007638888888888889
3 0.5057291666666667 0.2298611111111111 0.004166666666666667 0.005555555555555556
3 0.5020833333333333 0.23541666666666666 0.0026041666666666665 0.006944444444444444
3 0.49635416666666665 0.24027777777777778 0.0026041666666666665 0.006944444444444444
1 0.5015625 0.27291666666666664 0.0026041666666666665 0.006944444444444444
1 0.5036458333333333 0.2902777777777778 0.0026041666666666665 0.007638888888888889
1 0.5036458333333333 0.2659722222222222 0.004166666666666667 0.003472222222222222
1 0.49947916666666664 0.2638888888888889 0.0036458333333333334 0.003472222222222222
1 0.5052083333333334 0.25069444444444444 0.0026041666666666665 0.003472222222222222
1 0.5104166666666666 0.24791666666666667 0.0036458333333333334 0.005555555555555556
1 0.5208333333333334 0.23402777777777778 0.0036458333333333334 0.002777777777777778
1 0.5166666666666667 0.23333333333333334 0.0026041666666666665 0.003472222222222222
1 0.5135416666666667 0.22569444444444445 0.0026041666666666665 0.005555555555555556
1 0.5208333333333334 0.22291666666666668 0.0036458333333333334 0.005555555555555556
1 0.5286458333333334 0.2152777777777778 0.0015625 0.0020833333333333333
1 0.5333333333333333 0.2125 0.0020833333333333333 0.003472222222222222