1 0.38333333333333336 0.79375 0.07916666666666666 0.1763888888888889
1 0.4239583333333333 0.6055555555555555 0.0609375 0.12777777777777777
1 0.4630208333333333 0.46875 0.049479166666666664 0.07430555555555556
1 0.6208333333333333 0.7020833333333333 0.14635416666666667 0.1
0 0.12239583333333333 0.6229166666666667 0.24427083333333333 0.3715277777777778
1 0.24635416666666668 0.43680555555555556 0.06145833333333333 0.08402777777777778
1 0.30520833333333336 0.3326388888888889 0.049479166666666664 0.05694444444444444
1 0.6333333333333333 0.3798611111111111 0.07552083333333333 0.052083333333333336
1 0.5671875 0.34791666666666665 0.0359375 0.05625
1 0.48125 0.3402777777777778 0.04739583333333333 0.07777777777777778
1 0.49270833333333336 0.30069444444444443 0.028645833333333332 0.04097222222222222
1 0.5286458333333334 0.24791666666666667 0.025520833333333333 0.034027777777777775
1 0.4901041666666667 0.24444444444444444 0.03125 0.03263888888888889
1 0.5890625 0.27361111111111114 0.06197916666666667 0.03611111111111111
1 0.5802083333333333 0.2951388888888889 0.06302083333333333 0.03611111111111111
1 0.5942708333333333 0.3138888888888889 0.0671875 0.035416666666666666
1 0.6255208333333333 0.33611111111111114 0.0828125 0.041666666666666664
1 0.6348958333333333 0.35833333333333334 0.08072916666666667 0.03680555555555556
1 0.6770833333333334 0.2263888888888889 0.025520833333333333 0.03333333333333333
1 0.671875 0.18541666666666667 0.027604166666666666 0.030555555555555555
1 0.6859375 0.16875 0.025520833333333333 0.025694444444444443
1 0.6973958333333333 0.18819444444444444 0.025520833333333333 0.03333333333333333
3 0.684375 0.13541666666666666 0.034375 0.03125
1 0.709375 0.14027777777777778 0.03125 0.02361111111111111
1 0.7333333333333333 0.14444444444444443 0.03125 0.020833333333333332
1 0.7546875 0.14583333333333334 0.0265625 0.022916666666666665
1 0.6067708333333334 0.04861111111111111 0.013541666666666667 0.015277777777777777
1 0.6140625 0.13402777777777777 0.04010416666666667 0.022916666666666665
1 0.61875 0.13055555555555556 0.03802083333333333 0.020833333333333332
1 0.6177083333333333 0.12361111111111112 0.0390625 0.018055555555555554
1 0.6182291666666667 0.12013888888888889 0.03333333333333333 0.02361111111111111
1 0.61875 0.11736111111111111 0.03802083333333333 0.022916666666666665
1 0.6197916666666666 0.11319444444444444 0.03802083333333333 0.020833333333333332
1 0.6229166666666667 0.10694444444444444 0.0328125 0.01597222222222222
1 0.6244791666666667 0.10069444444444445 0.0359375 0.018055555555555554
1 0.6255208333333333 0.09930555555555555 0.030729166666666665 0.022222222222222223
0 0.6401041666666667 0.09097222222222222 0.04791666666666667 0.027777777777777776
1 0.6442708333333333 0.0798611111111111 0.028645833333333332 0.01597222222222222
1 0.6416666666666667 0.07777777777777778 0.03125 0.022222222222222223
1 0.6432291666666666 0.07361111111111111 0.029166666666666667 0.015277777777777777
1 0.64375 0.06875 0.028645833333333332 0.022222222222222223
1 0.6447916666666667 0.06319444444444444 0.029166666666666667 0.018055555555555554
1 0.6505208333333333 0.06180555555555556 0.03125 0.01875
1 0.65 0.059722222222222225 0.0328125 0.01875
1 0.6484375 0.05694444444444444 0.03125 0.01875
1 0.6473958333333333 0.05138888888888889 0.030729166666666665 0.017361111111111112
1 0.38333333333333336 0.20208333333333334 0.029166666666666667 0.044444444444444446
1 0.3484375 0.26180555555555557 0.036458333333333336 0.04375
1 0.2947916666666667 0.25555555555555554 0.042708333333333334 0.04097222222222222
1 0.3458333333333333 0.12916666666666668 0.027604166666666666 0.03333333333333333
1 0.03697916666666667 0.3798611111111111 0.07239583333333334 0.07152777777777777
1 0.030208333333333334 0.3375 0.06041666666666667 0.03888888888888889
1 0.050520833333333334 0.3229166666666667 0.06875 0.04027777777777778
1 0.0734375 0.30277777777777776 0.07239583333333334 0.034027777777777775
1 0.09322916666666667 0.28888888888888886 0.0609375 0.03263888888888889
1 0.10260416666666666 0.27291666666666664 0.07864583333333333 0.035416666666666666
1 0.12604166666666666 0.2611111111111111 0.06354166666666666 0.03125
1 0.14166666666666666 0.24305555555555555 0.06354166666666666 0.03333333333333333
1 0.18489583333333334 0.25 0.0515625 0.04652777777777778
1 0.15625 0.23125 0.0609375 0.03333333333333333
1 0.17083333333333334 0.21666666666666667 0.0671875 0.03125
1 0.265625 0.18263888888888888 0.03125 0.034027777777777775
1 0.29739583333333336 0.1388888888888889 0.04375 0.025
1 0.3078125 0.13402777777777777 0.03697916666666667 0.025
1 0.31354166666666666 0.12708333333333333 0.041666666666666664 0.027777777777777776
1 0.3182291666666667 0.11597222222222223 0.03333333333333333 0.022222222222222223
1 0.334375 0.11388888888888889 0.03125 0.018055555555555554
1 0.40729166666666666 0.09166666666666666 0.030208333333333334 0.022222222222222223