1 0.13333333333333333 0.5416666666666666 0.04635416666666667 0.04027777777777778
1 0.0875 0.6263888888888889 0.06197916666666667 0.06736111111111111
1 0.30625 0.49027777777777776 0.04479166666666667 0.05486111111111111
1 0.3619791666666667 0.49444444444444446 0.04010416666666667 0.041666666666666664
1 0.40208333333333335 0.39375 0.03125 0.02638888888888889
1 0.43802083333333336 0.39305555555555555 0.0359375 0.029166666666666667
1 0.5197916666666667 0.4125 0.03333333333333333 0.030555555555555555
1 0.6333333333333333 0.33125 0.030208333333333334 0.027777777777777776
1 0.6880208333333333 0.325 0.029166666666666667 0.027777777777777776
1 0.678125 0.2625 0.0234375 0.025694444444444443
1 0.7848958333333333 0.25416666666666665 0.021354166666666667 0.02638888888888889
1 0.8177083333333334 0.25833333333333336 0.0234375 0.02638888888888889
1 0.8380208333333333 0.1951388888888889 0.022395833333333334 0.018055555555555554
1 0.8604166666666667 0.17916666666666667 0.020833333333333332 0.025694444444444443
1 0.9015625 0.16597222222222222 0.020833333333333332 0.02013888888888889
1 0.95 0.1597222222222222 0.022916666666666665 0.02013888888888889
1 0.91875 0.17291666666666666 0.022395833333333334 0.024305555555555556
1 0.9385416666666667 0.18819444444444444 0.021354166666666667 0.021527777777777778
1 0.9078125 0.19444444444444445 0.021354166666666667 0.025694444444444443
1 0.9333333333333333 0.20347222222222222 0.021354166666666667 0.024305555555555556
1 0.9708333333333333 0.14166666666666666 0.017708333333333333 0.021527777777777778
1 0.6583333333333333 0.38819444444444445 0.0234375 0.02013888888888889
1 0.5515625 0.4465277777777778 0.030729166666666665 0.030555555555555555
1 0.21302083333333333 0.9430555555555555 0.04791666666666667 0.050694444444444445
1 0.26614583333333336 0.9652777777777778 0.05364583333333333 0.044444444444444446
1 0.3494791666666667 0.7277777777777777 0.042708333333333334 0.05486111111111111
1 0.3734375 0.6722222222222223 0.04010416666666667 0.052083333333333336
0 0.3671875 0.7930555555555555 0.12447916666666667 0.15486111111111112
1 0.13385416666666666 0.4527777777777778 0.03229166666666667 0.025694444444444443
1 0.11770833333333333 0.4326388888888889 0.029166666666666667 0.022916666666666665
1 0.004166666666666667 0.42916666666666664 0.008333333333333333 0.025694444444444443
1 0.017708333333333333 0.42569444444444443 0.011979166666666667 0.024305555555555556
1 0.03333333333333333 0.4173611111111111 0.015625 0.025694444444444443
1 0.050520833333333334 0.4097222222222222 0.015104166666666667 0.027777777777777776
1 0.06510416666666667 0.40902777777777777 0.013541666666666667 0.029166666666666667
1 0.0796875 0.40069444444444446 0.015104166666666667 0.025694444444444443
1 0.09270833333333334 0.39861111111111114 0.0140625 0.027777777777777776
1 0.10572916666666667 0.39166666666666666 0.0140625 0.029166666666666667
1 0.128125 0.3458333333333333 0.0234375 0.02638888888888889
1 0.06927083333333334 0.3597222222222222 0.019791666666666666 0.021527777777777778
1 0.07864583333333333 0.3548611111111111 0.019791666666666666 0.021527777777777778
1 0.05677083333333333 0.3423611111111111 0.0234375 0.027777777777777776
1 0.023958333333333335 0.25833333333333336 0.017708333333333333 0.029166666666666667
1 0.4203125 0.35555555555555557 0.025 0.02013888888888889
1 0.5942708333333333 0.20625 0.021354166666666667 0.021527777777777778
1 0.9473958333333333 0.27152777777777776 0.01875 0.025694444444444443
1 0.6729166666666667 0.21388888888888888 0.0171875 0.016666666666666666
1 0.696875 0.21388888888888888 0.019270833333333334 0.016666666666666666
1 0.7213541666666666 0.21805555555555556 0.021354166666666667 0.018055555555555554
1 0.8932291666666666 0.3715277777777778 0.020833333333333332 0.022916666666666665
1 0.9057291666666667 0.06388888888888888 0.011458333333333333 0.013888888888888888
1 0.8833333333333333 0.06388888888888888 0.013541666666666667 0.013888888888888888
1 0.8375 0.050694444444444445 0.013541666666666667 0.0125
1 0.8098958333333334 0.05 0.00625 0.013888888888888888
1 0.8052083333333333 0.041666666666666664 0.00625 0.010416666666666666
1 0.8005208333333333 0.035416666666666666 0.005729166666666666 0.0125
1 0.8026041666666667 0.027777777777777776 0.007291666666666667 0.0125
3 0.8015625 0.39861111111111114 0.028645833333333332 0.030555555555555555
3 0.8484375 0.22083333333333333 0.022395833333333334 0.027777777777777776
3 0.853125 0.06180555555555556 0.013541666666666667 0.016666666666666666