1 0.8270833333333333 0.8381944444444445 0.044270833333333336 0.08472222222222223
1 0.7953125 0.8006944444444445 0.044270833333333336 0.09166666666666666
1 0.6401041666666667 0.8590277777777777 0.051041666666666666 0.1076388888888889
1 0.6114583333333333 0.9041666666666667 0.051041666666666666 0.10694444444444444
1 0.6140625 0.5604166666666667 0.021354166666666667 0.07083333333333333
1 0.5286458333333334 0.9659722222222222 0.041666666666666664 0.06597222222222222
1 0.4817708333333333 0.9791666666666666 0.0296875 0.03958333333333333
1 0.1015625 0.9493055555555555 0.05 0.08888888888888889
1 0.058333333333333334 0.8125 0.05 0.0763888888888889
1 0.019270833333333334 0.6777777777777778 0.03802083333333333 0.06666666666666667
1 0.47239583333333335 0.36944444444444446 0.03958333333333333 0.05625