1 0.03333333333333333 0.27847222222222223 0.06145833333333333 0.08680555555555555
1 0.3140625 0.35555555555555557 0.04791666666666667 0.0875
1 0.15260416666666668 0.5333333333333333 0.06875 0.12569444444444444
1 0.1984375 0.5409722222222222 0.06875 0.11597222222222223
3 0.2390625 0.5534722222222223 0.0671875 0.10277777777777777
1 0.29010416666666666 0.5618055555555556 0.0640625 0.11041666666666666
2 0.3453125 0.5930555555555556 0.09375 0.1673611111111111
1 0.057291666666666664 0.4965277777777778 0.08072916666666667 0.11597222222222223
1 0.025520833333333333 0.475 0.050520833333333334 0.09791666666666667
3 0.6234375 0.6465277777777778 0.05625 0.12361111111111112
1 0.6989583333333333 0.6722222222222223 0.04791666666666667 0.1125