1 0.5364583333333334 0.93125 0.021354166666666667 0.07361111111111111
0 0.5244791666666667 0.8069444444444445 0.019791666666666666 0.07083333333333333
0 0.5036458333333333 0.8527777777777777 0.0359375 0.18263888888888888
1 0.052083333333333336 0.4847222222222222 0.0359375 0.027777777777777776
1 0.1015625 0.4736111111111111 0.04791666666666667 0.035416666666666666
0 0.14583333333333334 0.4625 0.03697916666666667 0.034027777777777775
1 0.13229166666666667 0.5180555555555556 0.034895833333333334 0.03194444444444444
1 0.34739583333333335 0.5201388888888889 0.0328125 0.027777777777777776
1 0.33125 0.4888888888888889 0.034895833333333334 0.030555555555555555
1 0.37447916666666664 0.44722222222222224 0.034375 0.029166666666666667
1 0.4901041666666667 0.42291666666666666 0.0171875 0.06111111111111111
2 0.5145833333333333 0.34652777777777777 0.025 0.10138888888888889
1 0.5302083333333333 0.28958333333333336 0.017708333333333333 0.05347222222222222
1 0.5880208333333333 0.3770833333333333 0.03333333333333333 0.035416666666666666
1 0.5005208333333333 0.19236111111111112 0.0171875 0.05486111111111111
1 0.478125 0.1625 0.015104166666666667 0.050694444444444445
1 0.5140625 0.14375 0.015104166666666667 0.044444444444444446
1 0.49375 0.06944444444444445 0.013020833333333334 0.052083333333333336
1 0.5088541666666667 0.06180555555555556 0.013541666666666667 0.04722222222222222
1 0.5072916666666667 0.01597222222222222 0.0140625 0.03194444444444444
1 0.4901041666666667 0.014583333333333334 0.013020833333333334 0.029166666666666667
0 0.6802083333333333 0.5826388888888889 0.09427083333333333 0.07361111111111111
0 0.6677083333333333 0.5458333333333333 0.0921875 0.08125
1 0.634375 0.5284722222222222 0.03697916666666667 0.03680555555555556
1 0.678125 0.5083333333333333 0.034895833333333334 0.034027777777777775
1 0.6395833333333333 0.49375 0.030729166666666665 0.03333333333333333
3 0.7567708333333333 0.55 0.0421875 0.041666666666666664
3 0.7822916666666667 0.5027777777777778 0.041666666666666664 0.04027777777777778
1 0.7291666666666666 0.4909722222222222 0.0359375 0.035416666666666666
1 0.7244791666666667 0.4534722222222222 0.03697916666666667 0.03958333333333333