1 0.09114583333333333 0.9819444444444444 0.14010416666666667 0.03611111111111111
1 0.2515625 0.9701388888888889 0.10729166666666666 0.059027777777777776
2 0.28489583333333335 0.7986111111111112 0.13125 0.16597222222222222
1 0.36875 0.6902777777777778 0.0453125 0.125
1 0.8770833333333333 0.44166666666666665 0.025 0.02847222222222222
2 0.37395833333333334 0.3993055555555556 0.05416666666666667 0.17152777777777778
2 0.44166666666666665 0.24444444444444444 0.041666666666666664 0.10208333333333333
1 0.5703125 0.36875 0.042708333333333334 0.08680555555555555
2 0.44375 0.16111111111111112 0.028645833333333332 0.07430555555555556
2 0.5651041666666666 0.16458333333333333 0.06041666666666667 0.06666666666666667
3 0.5354166666666667 0.12430555555555556 0.0265625 0.059722222222222225
3 0.40572916666666664 0.015277777777777777 0.06197916666666667 0.029861111111111113
2 0.5151041666666667 0.011805555555555555 0.025 0.02361111111111111
2 0.2838541666666667 0.8 0.13229166666666667 0.1625