1 0.023958333333333335 0.015277777777777777 0.0421875 0.030555555555555555
1 0.0734375 0.02013888888888889 0.058333333333333334 0.034027777777777775
2 0.15885416666666666 0.029861111111111113 0.06770833333333333 0.035416666666666666
1 0.18125 0.049305555555555554 0.0640625 0.03263888888888889
1 0.24739583333333334 0.05347222222222222 0.040625 0.058333333333333334
1 0.3151041666666667 0.059722222222222225 0.059895833333333336 0.043055555555555555
1 0.2625 0.034027777777777775 0.049479166666666664 0.04375
1 0.3385416666666667 0.04791666666666667 0.05 0.04583333333333333
1 0.3880208333333333 0.02361111111111111 0.049479166666666664 0.04097222222222222
1 0.45260416666666664 0.030555555555555555 0.049479166666666664 0.03611111111111111
1 0.4119791666666667 0.059027777777777776 0.0578125 0.041666666666666664
1 0.3875 0.07569444444444444 0.0765625 0.03888888888888889
1 0.4828125 0.09166666666666666 0.07552083333333333 0.04583333333333333
1 0.56875 0.1111111111111111 0.08697916666666666 0.050694444444444445
1 0.5302083333333333 0.04583333333333333 0.07135416666666666 0.030555555555555555
1 0.6453125 0.059722222222222225 0.0390625 0.04652777777777778
1 0.6911458333333333 0.049305555555555554 0.03333333333333333 0.06180555555555556
1 0.7958333333333333 0.043055555555555555 0.042708333333333334 0.05416666666666667
1 0.30052083333333335 0.16111111111111112 0.09427083333333333 0.06458333333333334
1 0.03125 0.1909722222222222 0.0625 0.059722222222222225
1 0.046875 0.2465277777777778 0.0921875 0.06597222222222222
1 0.1109375 0.21458333333333332 0.10260416666666666 0.049305555555555554
3 0.15208333333333332 0.2673611111111111 0.11979166666666667 0.11736111111111111
1 0.23697916666666666 0.2534722222222222 0.0828125 0.0798611111111111
1 0.3463541666666667 0.29097222222222224 0.11875 0.07916666666666666
1 0.30833333333333335 0.3298611111111111 0.12239583333333333 0.08958333333333333
1 0.42916666666666664 0.18680555555555556 0.0890625 0.06597222222222222
1 0.042708333333333334 0.43819444444444444 0.08541666666666667 0.11805555555555555
1 0.08020833333333334 0.46805555555555556 0.1578125 0.13402777777777777
1 0.13958333333333334 0.4875 0.16354166666666667 0.14305555555555555
1 0.20364583333333333 0.5520833333333334 0.1484375 0.14166666666666666
1 0.28958333333333336 0.575 0.1578125 0.18541666666666667
1 0.37864583333333335 0.6263888888888889 0.13854166666666667 0.19236111111111112
1 0.5 0.6847222222222222 0.134375 0.21319444444444444
1 0.6640625 0.7451388888888889 0.12708333333333333 0.23680555555555555
1 0.6729166666666667 0.3763888888888889 0.11302083333333333 0.1111111111111111
1 0.8723958333333334 0.13055555555555556 0.044270833333333336 0.06875
1 0.9177083333333333 0.19583333333333333 0.05520833333333333 0.08263888888888889
0 0.9625 0.09166666666666666 0.06927083333333334 0.10208333333333333
3 0.8510416666666667 0.7972222222222223 0.11354166666666667 0.26319444444444445