1 0.6119791666666666 0.7159722222222222 0.0515625 0.14444444444444443
1 0.5796875 0.5680555555555555 0.04791666666666667 0.11805555555555555
1 0.5770833333333333 0.47708333333333336 0.0375 0.0798611111111111
1 0.5796875 0.41041666666666665 0.036458333333333336 0.06805555555555555
1 0.5859375 0.3597222222222222 0.03333333333333333 0.050694444444444445
1 0.596875 0.30833333333333335 0.027083333333333334 0.06041666666666667
1 0.625 0.06666666666666667 0.008854166666666666 0.013194444444444444
1 0.6244791666666667 0.07361111111111111 0.009375 0.017361111111111112
1 0.775 0.9229166666666667 0.153125 0.12777777777777777
1 0.7354166666666667 0.5375 0.08958333333333333 0.07152777777777777
1 0.60625 0.10902777777777778 0.010416666666666666 0.017361111111111112
1 0.6098958333333333 0.10416666666666667 0.007291666666666667 0.01597222222222222
1 0.609375 0.08888888888888889 0.009375 0.01875
2 0.6255208333333333 0.4576388888888889 0.035416666666666666 0.09375
1 0.5901041666666667 0.8986111111111111 0.06979166666666667 0.20069444444444445