1 0.5463541666666667 0.1673611111111111 0.028125 0.058333333333333334
1 0.5572916666666666 0.09097222222222222 0.022395833333333334 0.04791666666666667
1 0.5880208333333333 0.13472222222222222 0.025520833333333333 0.05277777777777778
1 0.5869791666666667 0.18472222222222223 0.030208333333333334 0.05763888888888889
1 0.5776041666666667 0.25763888888888886 0.03229166666666667 0.07361111111111111
1 0.5729166666666666 0.46597222222222223 0.041666666666666664 0.13055555555555556
1 0.5911458333333334 0.09027777777777778 0.023958333333333335 0.03819444444444445
1 0.5890625 0.04097222222222222 0.021354166666666667 0.044444444444444446
1 0.5755208333333334 0.3388888888888889 0.04114583333333333 0.1
1 0.6057291666666667 0.925 0.07395833333333333 0.14722222222222223
1 0.5953125 0.013194444444444444 0.019791666666666666 0.02638888888888889