1 0.7145833333333333 0.9444444444444444 0.18802083333333333 0.1111111111111111
1 0.3109375 0.8958333333333334 0.084375 0.20833333333333334
1 0.40260416666666665 0.7659722222222223 0.065625 0.14583333333333334
1 0.20729166666666668 0.5819444444444445 0.059895833333333336 0.11041666666666666
1 0.07083333333333333 0.7458333333333333 0.140625 0.09722222222222222
1 0.07552083333333333 0.6736111111111112 0.14947916666666666 0.07361111111111111
1 0.5302083333333333 0.6097222222222223 0.057291666666666664 0.08194444444444444
1 0.3302083333333333 0.5972222222222222 0.052083333333333336 0.10486111111111111
1 0.4015625 0.5541666666666667 0.04583333333333333 0.07430555555555556
1 0.3390625 0.51875 0.04635416666666667 0.07152777777777777
1 0.3927083333333333 0.49722222222222223 0.04479166666666667 0.05555555555555555
1 0.3958333333333333 0.4465277777777778 0.03697916666666667 0.049305555555555554
1 0.39010416666666664 0.3958333333333333 0.024479166666666666 0.03888888888888889
1 0.3380208333333333 0.4618055555555556 0.03802083333333333 0.05347222222222222
1 0.34739583333333335 0.4201388888888889 0.0328125 0.05347222222222222
1 0.48072916666666665 0.44166666666666665 0.041666666666666664 0.050694444444444445
3 0.47239583333333335 0.3972222222222222 0.0328125 0.04791666666666667
1 0.2708333333333333 0.4111111111111111 0.0390625 0.052083333333333336
1 0.28541666666666665 0.36875 0.03229166666666667 0.04861111111111111
1 0.24739583333333334 0.46458333333333335 0.05625 0.07430555555555556
1 0.4609375 0.3680555555555556 0.030729166666666665 0.03680555555555556
1 0.453125 0.3458333333333333 0.0234375 0.025
1 0.44479166666666664 0.32708333333333334 0.025520833333333333 0.03333333333333333
1 0.38958333333333334 0.3638888888888889 0.0234375 0.030555555555555555
1 0.3890625 0.33958333333333335 0.028645833333333332 0.03333333333333333
1 0.35104166666666664 0.3729166666666667 0.030729166666666665 0.05416666666666667
1 0.3546875 0.3284722222222222 0.025 0.04027777777777778
1 0.2520833333333333 0.3472222222222222 0.04739583333333333 0.03125
1 0.26197916666666665 0.33055555555555555 0.04375 0.03611111111111111
1 0.28489583333333335 0.29375 0.049479166666666664 0.029861111111111113
1 0.29583333333333334 0.275 0.04010416666666667 0.02361111111111111
1 0.31875 0.26458333333333334 0.0171875 0.02013888888888889
1 0.35572916666666665 0.3 0.022916666666666665 0.025
1 0.3880208333333333 0.30625 0.019791666666666666 0.025694444444444443
1 0.43854166666666666 0.28888888888888886 0.024479166666666666 0.029861111111111113
1 0.38229166666666664 0.2916666666666667 0.022395833333333334 0.022916666666666665
1 0.38125 0.27569444444444446 0.01875 0.022222222222222223
1 0.3802083333333333 0.26319444444444445 0.016666666666666666 0.020833333333333332
1 0.38125 0.24444444444444444 0.015625 0.018055555555555554
1 0.35520833333333335 0.2777777777777778 0.020833333333333332 0.027777777777777776
1 0.3609375 0.2569444444444444 0.01875 0.029861111111111113
1 0.35989583333333336 0.22916666666666666 0.015104166666666667 0.02013888888888889
1 0.3802083333333333 0.23194444444444445 0.017708333333333333 0.02013888888888889
1 0.3614583333333333 0.21319444444444444 0.013020833333333334 0.017361111111111112
1 0.45729166666666665 0.27291666666666664 0.041666666666666664 0.027777777777777776
1 0.4557291666666667 0.2673611111111111 0.044270833333333336 0.02361111111111111
1 0.42239583333333336 0.24791666666666667 0.017708333333333333 0.020833333333333332
1 0.44583333333333336 0.2548611111111111 0.034375 0.018055555555555554