1 0.4359375 0.8013888888888889 0.05416666666666667 0.16111111111111112
1 0.22552083333333334 0.81875 0.06145833333333333 0.13680555555555557
1 0.24166666666666667 0.6208333333333333 0.05364583333333333 0.12777777777777777
1 0.27760416666666665 0.32569444444444445 0.0390625 0.08541666666666667
1 0.28489583333333335 0.24305555555555555 0.0359375 0.06388888888888888
1 0.42552083333333335 0.4388888888888889 0.036458333333333336 0.09722222222222222
1 0.41822916666666665 0.2569444444444444 0.03229166666666667 0.06597222222222222
1 0.91875 0.7409722222222223 0.084375 0.13541666666666666
1 0.8557291666666667 0.5993055555555555 0.07135416666666666 0.11458333333333333
1 0.7984375 0.4388888888888889 0.050520833333333334 0.07708333333333334
1 0.7338541666666667 0.2708333333333333 0.04375 0.06597222222222222
1 0.7119791666666667 0.20208333333333334 0.04375 0.06111111111111111
1 0.6828125 0.13819444444444445 0.034375 0.05555555555555555
1 0.6515625 0.05138888888888889 0.030729166666666665 0.04583333333333333
1 0.9447916666666667 0.23680555555555555 0.06927083333333334 0.043055555555555555
1 0.9072916666666667 0.18541666666666667 0.0671875 0.03819444444444445
1 0.8786458333333333 0.1388888888888889 0.0640625 0.03611111111111111
1 0.8296875 0.05555555555555555 0.05364583333333333 0.03333333333333333
1 0.4270833333333333 0.34444444444444444 0.04010416666666667 0.09166666666666666
1 0.37083333333333335 0.22291666666666668 0.05364583333333333 0.06666666666666667
1 0.2984375 0.1125 0.027083333333333334 0.05138888888888889
3 0.41302083333333334 0.12777777777777777 0.028645833333333332 0.07152777777777777
1 0.41770833333333335 0.07777777777777778 0.0265625 0.05138888888888889
1 0.4119791666666667 0.034027777777777775 0.021354166666666667 0.04375
1 0.8026041666666667 0.2833333333333333 0.06979166666666667 0.05416666666666667
1 0.7635416666666667 0.35208333333333336 0.0484375 0.07361111111111111
1 0.8489583333333334 0.34791666666666665 0.06666666666666667 0.05138888888888889
1 0.8677083333333333 0.39305555555555555 0.08020833333333334 0.06458333333333334
1 0.9046875 0.4576388888888889 0.09479166666666666 0.06736111111111111
1 0.934375 0.5222222222222223 0.0984375 0.07777777777777778
1 0.7833333333333333 0.23680555555555555 0.065625 0.05694444444444444
1 0.7729166666666667 0.19791666666666666 0.065625 0.05555555555555555
1 0.7677083333333333 0.16319444444444445 0.07760416666666667 0.04791666666666667
1 0.7265625 0.12777777777777777 0.06510416666666667 0.04652777777777778
1 0.7348958333333333 0.10902777777777778 0.058333333333333334 0.04652777777777778
1 0.7135416666666666 0.0798611111111111 0.05572916666666667 0.03333333333333333
1 0.6708333333333333 0.09444444444444444 0.036458333333333336 0.05138888888888889
1 0.6973958333333333 0.044444444444444446 0.04479166666666667 0.03888888888888889
1 0.6916666666666667 0.021527777777777778 0.044270833333333336 0.03888888888888889
1 0.7744791666666667 0.014583333333333334 0.03229166666666667 0.029166666666666667
1 0.63125 0.013194444444444444 0.029166666666666667 0.025694444444444443
1 0.30833333333333335 0.02013888888888889 0.029166666666666667 0.04027777777777778
1 0.37447916666666664 0.03819444444444445 0.029166666666666667 0.06111111111111111
1 0.3729166666666667 0.35 0.05416666666666667 0.08680555555555555
1 0.3385416666666667 0.9340277777777778 0.07447916666666667 0.13125
1 0.9557291666666666 0.6326388888888889 0.08854166666666667 0.09583333333333334
1 0.9734375 0.7215277777777778 0.05260416666666667 0.07152777777777777
1 0.9770833333333333 0.29444444444444445 0.04583333333333333 0.04583333333333333
3 0.8244791666666667 0.034027777777777775 0.04791666666666667 0.030555555555555555
3 0.42291666666666666 0.18541666666666667 0.028645833333333332 0.06875
3 0.2947916666666667 0.1736111111111111 0.034895833333333334 0.07013888888888889
3 0.30416666666666664 0.058333333333333334 0.024479166666666666 0.05416666666666667
1 0.8072916666666666 0.014583333333333334 0.03333333333333333 0.029166666666666667
1 0.8359375 0.010416666666666666 0.030208333333333334 0.020833333333333332
1 0.9854166666666667 0.3347222222222222 0.029166666666666667 0.030555555555555555