2 0.465625 0.6506944444444445 0.0359375 0.0875
2 0.5729166666666666 0.2625 0.021354166666666667 0.044444444444444446
2 0.5786458333333333 0.10069444444444445 0.0171875 0.043055555555555555
2 0.6177083333333333 0.33125 0.04635416666666667 0.03125
1 0.7578125 0.8902777777777777 0.04010416666666667 0.0798611111111111
1 0.8484375 0.9090277777777778 0.044270833333333336 0.08888888888888889
3 0.8005208333333333 0.8972222222222223 0.0515625 0.08958333333333333
3 0.8890625 0.9125 0.03697916666666667 0.08541666666666667
1 0.9692708333333333 0.9298611111111111 0.0359375 0.09236111111111112
3 0.6494791666666667 0.6340277777777777 0.022916666666666665 0.04791666666666667
1 0.6734375 0.6347222222222222 0.022395833333333334 0.044444444444444446
1 0.7041666666666667 0.6451388888888889 0.022395833333333334 0.04861111111111111
1 0.8020833333333334 0.6368055555555555 0.030208333333333334 0.05347222222222222
1 0.8427083333333333 0.6402777777777777 0.03125 0.05347222222222222
1 0.9098958333333333 0.6506944444444445 0.03333333333333333 0.058333333333333334
1 0.9333333333333333 0.65 0.0359375 0.058333333333333334
1 0.8552083333333333 0.51875 0.04791666666666667 0.027777777777777776
1 0.915625 0.5354166666666667 0.05 0.03263888888888889
1 0.7166666666666667 0.45208333333333334 0.036458333333333336 0.03611111111111111
1 0.6760416666666667 0.4548611111111111 0.017708333333333333 0.044444444444444446
1 0.6479166666666667 0.4583333333333333 0.03697916666666667 0.02638888888888889
1 0.6505208333333333 0.4388888888888889 0.034895833333333334 0.022916666666666665
1 0.7104166666666667 0.3993055555555556 0.03802083333333333 0.022916666666666665
1 0.7114583333333333 0.3819444444444444 0.03697916666666667 0.022916666666666665
1 0.7083333333333334 0.36736111111111114 0.0359375 0.018055555555555554
1 0.6994791666666667 0.3326388888888889 0.030208333333333334 0.01875
1 0.7026041666666667 0.35208333333333336 0.0359375 0.022222222222222223
1 0.6958333333333333 0.3194444444444444 0.03125 0.018055555555555554
1 0.6848958333333334 0.24305555555555555 0.028645833333333332 0.018055555555555554
1 0.7401041666666667 0.28194444444444444 0.017708333333333333 0.022916666666666665
1 0.7171875 0.20208333333333334 0.0140625 0.020833333333333332
1 0.6802083333333333 0.22291666666666668 0.027604166666666666 0.017361111111111112
1 0.671875 0.18819444444444444 0.025 0.01597222222222222
1 0.7052083333333333 0.15347222222222223 0.011979166666666667 0.015277777777777777
3 0.6828125 0.25555555555555554 0.024479166666666666 0.01875
1 0.5505208333333333 0.23472222222222222 0.013541666666666667 0.02013888888888889
1 0.46197916666666666 0.4930555555555556 0.021354166666666667 0.043055555555555555
1 0.18541666666666667 0.20069444444444445 0.017708333333333333 0.020833333333333332
3 0.22083333333333333 0.24305555555555555 0.0265625 0.01875
3 0.23125 0.19444444444444445 0.020833333333333332 0.02638888888888889
1 0.06822916666666666 0.4388888888888889 0.0421875 0.029861111111111113
1 0.03229166666666667 0.37916666666666665 0.036458333333333336 0.03611111111111111
1 0.12604166666666666 0.22013888888888888 0.027604166666666666 0.017361111111111112
1 0.09166666666666666 0.41597222222222224 0.025520833333333333 0.03333333333333333
1 0.24791666666666667 0.19583333333333333 0.01875 0.02013888888888889
1 0.6770833333333334 0.06597222222222222 0.009895833333333333 0.014583333333333334
1 0.6640625 0.019444444444444445 0.0078125 0.010416666666666666
1 0.64375 0.04236111111111111 0.013020833333333334 0.0125
1 0.64375 0.0375 0.015625 0.0125
1 0.64375 0.034027777777777775 0.017708333333333333 0.013194444444444444
1 0.6411458333333333 0.025 0.015104166666666667 0.011111111111111112
1 0.6401041666666667 0.021527777777777778 0.016666666666666666 0.0125
1 0.6375 0.011111111111111112 0.015104166666666667 0.0125
0 0.6010416666666667 0.4222222222222222 0.027604166666666666 0.044444444444444446
1 0.34479166666666666 0.08125 0.0078125 0.014583333333333334
1 0.33697916666666666 0.06666666666666667 0.011458333333333333 0.011111111111111112