1 0.840625 0.8701388888888889 0.04010416666666667 0.03680555555555556
2 0.7010416666666667 0.7854166666666667 0.0765625 0.08611111111111111
1 0.6067708333333334 0.6840277777777778 0.030729166666666665 0.03333333333333333
1 0.56875 0.6277777777777778 0.030208333333333334 0.034027777777777775
2 0.5020833333333333 0.5743055555555555 0.0359375 0.0625
1 0.5276041666666667 0.58125 0.021354166666666667 0.035416666666666666
1 0.5182291666666666 0.5270833333333333 0.011979166666666667 0.029166666666666667
3 0.3796875 0.5097222222222222 0.019270833333333334 0.029166666666666667
1 0.30416666666666664 0.4173611111111111 0.024479166666666666 0.03333333333333333
1 0.26510416666666664 0.39791666666666664 0.021354166666666667 0.02638888888888889
1 0.2953125 0.3840277777777778 0.019270833333333334 0.02638888888888889
1 0.2453125 0.34791666666666665 0.019270833333333334 0.022916666666666665
1 0.221875 0.3458333333333333 0.015104166666666667 0.021527777777777778
3 0.2015625 0.2916666666666667 0.019270833333333334 0.025694444444444443
0 0.2760416666666667 0.2881944444444444 0.0421875 0.06875
1 0.30416666666666664 0.32708333333333334 0.01875 0.027777777777777776
2 0.334375 0.3576388888888889 0.042708333333333334 0.05555555555555555
1 0.3182291666666667 0.2916666666666667 0.017708333333333333 0.025694444444444443
2 0.3390625 0.3104166666666667 0.025 0.03680555555555556
3 0.35885416666666664 0.3263888888888889 0.022395833333333334 0.030555555555555555
0 0.3703125 0.41458333333333336 0.05520833333333333 0.0798611111111111
1 0.3927083333333333 0.4215277777777778 0.0171875 0.025694444444444443
0 0.4244791666666667 0.46805555555555556 0.058333333333333334 0.08611111111111111
1 0.4401041666666667 0.4465277777777778 0.0234375 0.030555555555555555
0 0.4552083333333333 0.4263888888888889 0.05625 0.08125
1 0.4114583333333333 0.39375 0.01875 0.02638888888888889
1 0.43125 0.3715277777777778 0.025 0.025694444444444443
1 0.4609375 0.3784722222222222 0.024479166666666666 0.02013888888888889
3 0.5307291666666667 0.47430555555555554 0.021354166666666667 0.035416666666666666
1 0.6098958333333333 0.4673611111111111 0.019270833333333334 0.03194444444444444
1 0.6145833333333334 0.42916666666666664 0.020833333333333332 0.03333333333333333
1 0.6380208333333334 0.30486111111111114 0.016666666666666666 0.021527777777777778
1 0.6645833333333333 0.27708333333333335 0.019270833333333334 0.021527777777777778
1 0.6609375 0.36180555555555555 0.020833333333333332 0.030555555555555555
1 0.6932291666666667 0.2722222222222222 0.016666666666666666 0.021527777777777778
2 0.7135416666666666 0.24861111111111112 0.022916666666666665 0.03333333333333333
1 0.6989583333333333 0.24513888888888888 0.020833333333333332 0.025694444444444443
1 0.7192708333333333 0.22847222222222222 0.01875 0.015277777777777777
1 0.7354166666666667 0.23333333333333334 0.019270833333333334 0.025694444444444443
1 0.18385416666666668 0.23680555555555555 0.016666666666666666 0.01875
1 0.1203125 0.15555555555555556 0.013541666666666667 0.01875
1 0.09947916666666666 0.15069444444444444 0.011979166666666667 0.01875
1 0.10208333333333333 0.1284722222222222 0.013020833333333334 0.018055555555555554
1 0.08489583333333334 0.09236111111111112 0.013020833333333334 0.018055555555555554
2 0.1265625 0.06041666666666667 0.029166666666666667 0.041666666666666664
1 0.08854166666666667 0.004166666666666667 0.008333333333333333 0.008333333333333333
1 0.05625 0.06944444444444445 0.0109375 0.016666666666666666
1 0.0265625 0.013194444444444444 0.013020833333333334 0.016666666666666666