3 0.6354166666666666 0.4263888888888889 0.03333333333333333 0.06805555555555555
2 0.5682291666666667 0.1326388888888889 0.013020833333333334 0.025694444444444443
2 0.5848958333333333 0.12083333333333333 0.0140625 0.034027777777777775
3 0.5703125 0.1111111111111111 0.0125 0.02013888888888889
2 0.5453125 0.09027777777777778 0.008854166666666666 0.016666666666666666
1 0.54375 0.08333333333333333 0.0067708333333333336 0.014583333333333334
2 0.5703125 0.09583333333333334 0.007291666666666667 0.013888888888888888
2 0.7255208333333333 0.9395833333333333 0.07395833333333333 0.11875
1 0.6838541666666667 0.11805555555555555 0.022395833333333334 0.01875
2 0.8302083333333333 0.1673611111111111 0.07239583333333334 0.05486111111111111
1 0.896875 0.19791666666666666 0.034375 0.027777777777777776
1 0.9703125 0.21319444444444444 0.036458333333333336 0.03125