2 0.4942708333333333 0.3368055555555556 0.013541666666666667 0.022916666666666665
2 0.5765625 0.3958333333333333 0.017708333333333333 0.020833333333333332
2 0.925 0.8701388888888889 0.13333333333333333 0.15138888888888888
1 0.5229166666666667 0.3333333333333333 0.009375 0.008333333333333333
1 0.5322916666666667 0.33402777777777776 0.0078125 0.009722222222222222
1 0.54375 0.34444444444444444 0.0078125 0.0125
1 0.5354166666666667 0.3541666666666667 0.009375 0.011805555555555555
1 0.5427083333333333 0.3715277777777778 0.0125 0.013194444444444444
1 0.5067708333333333 0.3736111111111111 0.0109375 0.014583333333333334
1 0.5895833333333333 0.4527777777777778 0.016666666666666666 0.024305555555555556
1 0.6270833333333333 0.48125 0.0203125 0.025
3 0.5739583333333333 0.42777777777777776 0.015625 0.025694444444444443
3 0.7645833333333333 0.37777777777777777 0.022395833333333334 0.0125
3 0.8036458333333333 0.3902777777777778 0.027083333333333334 0.016666666666666666
1 0.9802083333333333 0.56875 0.03958333333333333 0.02847222222222222
1 0.9458333333333333 0.5347222222222222 0.0421875 0.02638888888888889
1 0.9328125 0.48680555555555555 0.030208333333333334 0.018055555555555554
1 0.8078125 0.40694444444444444 0.018229166666666668 0.011805555555555555
1 0.6119791666666666 0.3819444444444444 0.03125 0.017361111111111112
2 0.5265625 0.31805555555555554 0.011458333333333333 0.015277777777777777
1 0.5182291666666666 0.325 0.007291666666666667 0.009027777777777777
1 0.5140625 0.31875 0.008333333333333333 0.008333333333333333
1 0.5078125 0.30694444444444446 0.00625 0.006944444444444444
1 0.4984375 0.2965277777777778 0.005208333333333333 0.00625
1 0.5041666666666667 0.29375 0.004166666666666667 0.007638888888888889
1 0.5260416666666666 0.29930555555555555 0.014583333333333334 0.007638888888888889
1 0.48020833333333335 0.29305555555555557 0.0046875 0.007638888888888889
1 0.4817708333333333 0.28194444444444444 0.004166666666666667 0.00625
1 0.475 0.2826388888888889 0.0046875 0.004166666666666667
1 0.4744791666666667 0.27708333333333335 0.0046875 0.005555555555555556
1 0.509375 0.3013888888888889 0.0067708333333333336 0.006944444444444444
2 0.48802083333333335 0.3125 0.013541666666666667 0.013888888888888888
2 0.49635416666666665 0.28680555555555554 0.0078125 0.0125
2 0.4984375 0.28125 0.00625 0.008333333333333333
2 0.47604166666666664 0.27291666666666664 0.00625 0.008333333333333333
2 0.475 0.26805555555555555 0.005729166666666666 0.008333333333333333