3 0.5348958333333333 0.22083333333333333 0.005729166666666666 0.007638888888888889
1 0.5520833333333334 0.25277777777777777 0.007291666666666667 0.008333333333333333
3 0.5859375 0.21875 0.005729166666666666 0.008333333333333333
1 0.6317708333333333 0.5027777777777778 0.016666666666666666 0.025
2 0.6057291666666667 0.41875 0.011458333333333333 0.02013888888888889
3 0.5015625 0.5430555555555555 0.0140625 0.03611111111111111
3 0.4973958333333333 0.6333333333333333 0.015104166666666667 0.04791666666666667
1 0.503125 0.76875 0.019270833333333334 0.050694444444444445
1 0.37447916666666664 0.46875 0.027604166666666666 0.01597222222222222
2 0.36354166666666665 0.5097222222222222 0.042708333333333334 0.02847222222222222
2 0.32083333333333336 0.53125 0.0765625 0.05416666666666667
0 0.35833333333333334 0.5291666666666667 0.030208333333333334 0.03333333333333333
1 0.34322916666666664 0.5708333333333333 0.03333333333333333 0.022222222222222223
2 0.2916666666666667 0.55 0.030208333333333334 0.025694444444444443
1 0.38125 0.4152777777777778 0.025 0.013194444444444444
1 0.496875 0.33819444444444446 0.009375 0.015277777777777777
1 0.8916666666666667 0.3506944444444444 0.019791666666666666 0.011111111111111112
1 0.8869791666666667 0.34375 0.022395833333333334 0.011111111111111112
1 0.8276041666666667 0.32708333333333334 0.0140625 0.014583333333333334
1 0.8515625 0.3298611111111111 0.0140625 0.011111111111111112
1 0.8619791666666666 0.32916666666666666 0.011979166666666667 0.010416666666666666
1 0.8307291666666666 0.35347222222222224 0.015625 0.014583333333333334
1 0.7802083333333333 0.3347222222222222 0.015104166666666667 0.010416666666666666
1 0.7348958333333333 0.33541666666666664 0.013020833333333334 0.007638888888888889
1 0.7109375 0.3347222222222222 0.013020833333333334 0.010416666666666666