1 0.44166666666666665 0.7243055555555555 0.08125 0.058333333333333334
1 0.453125 0.6597222222222222 0.075 0.049305555555555554
1 0.475 0.28194444444444444 0.016145833333333335 0.025694444444444443
1 0.45 0.26875 0.021875 0.01875
3 0.41510416666666666 0.23333333333333334 0.021875 0.018055555555555554
3 0.4395833333333333 0.21805555555555556 0.020833333333333332 0.015277777777777777
3 0.421875 0.20555555555555555 0.011979166666666667 0.01875
1 0.41875 0.2 0.017708333333333333 0.015277777777777777
3 0.4036458333333333 0.1951388888888889 0.014583333333333334 0.018055555555555554
1 0.39010416666666664 0.18611111111111112 0.013541666666666667 0.015277777777777777
3 0.38125 0.17569444444444443 0.015104166666666667 0.018055555555555554
3 0.36354166666666665 0.17777777777777778 0.014583333333333334 0.017361111111111112
1 0.36666666666666664 0.16666666666666666 0.015104166666666667 0.013888888888888888
1 0.3640625 0.19722222222222222 0.015104166666666667 0.014583333333333334
1 0.3515625 0.18611111111111112 0.016666666666666666 0.013888888888888888
1 0.49322916666666666 0.2965277777777778 0.023958333333333335 0.025
1 0.5182291666666666 0.29305555555555557 0.0265625 0.025694444444444443
3 0.0390625 0.29305555555555557 0.042708333333333334 0.02638888888888889
2 0.08489583333333334 0.2763888888888889 0.06197916666666667 0.041666666666666664
3 0.3890625 0.26805555555555555 0.021875 0.025694444444444443
2 0.596875 0.2701388888888889 0.030729166666666665 0.025
1 0.9604166666666667 0.5923611111111111 0.07916666666666666 0.06388888888888888
1 0.8630208333333333 0.5215277777777778 0.0671875 0.052083333333333336
3 0.796875 0.46805555555555556 0.05625 0.04791666666666667
1 0.7385416666666667 0.43472222222222223 0.0546875 0.04236111111111111
3 0.6880208333333333 0.39444444444444443 0.0375 0.044444444444444446
3 0.6510416666666666 0.3680555555555556 0.0421875 0.04375
1 0.6203125 0.3770833333333333 0.03958333333333333 0.03194444444444444
1 0.6161458333333333 0.2847222222222222 0.03125 0.022222222222222223
2 0.690625 0.28680555555555554 0.0453125 0.03819444444444445
1 0.7322916666666667 0.21736111111111112 0.030729166666666665 0.019444444444444445
1 0.7447916666666666 0.1875 0.025520833333333333 0.015277777777777777