1 0.3333333333333333 0.06736111111111111 0.01875 0.04027777777777778
1 0.4197916666666667 0.21944444444444444 0.022916666666666665 0.05555555555555555
3 0.4984375 0.4465277777777778 0.03125 0.08888888888888889
1 0.5171875 0.7951388888888888 0.03854166666666667 0.11319444444444444
2 0.5901041666666667 0.9395833333333333 0.050520833333333334 0.11805555555555555
1 0.634375 0.3784722222222222 0.03125 0.06458333333333334
1 0.9833333333333333 0.4222222222222222 0.0328125 0.1
1 0.8848958333333333 0.025694444444444443 0.025 0.04722222222222222
1 0.9083333333333333 0.08611111111111111 0.040625 0.09375
1 0.7005208333333334 0.05486111111111111 0.04583333333333333 0.044444444444444446
1 0.7067708333333333 0.021527777777777778 0.03333333333333333 0.03819444444444445
3 0.8041666666666667 0.1736111111111111 0.024479166666666666 0.06875