1 0.24947916666666667 0.375 0.036458333333333336 0.03194444444444444
1 0.44635416666666666 0.32013888888888886 0.0171875 0.03333333333333333
1 0.4921875 0.24791666666666667 0.0171875 0.02638888888888889
1 0.4979166666666667 0.20555555555555555 0.013020833333333334 0.025694444444444443
1 0.5734375 0.07569444444444444 0.009375 0.01875
1 0.5901041666666667 0.5729166666666666 0.04791666666666667 0.04722222222222222
1 0.4713541666666667 0.2986111111111111 0.0171875 0.029166666666666667
1 0.28541666666666665 0.5847222222222223 0.0390625 0.04027777777777778
1 0.23177083333333334 0.5472222222222223 0.0421875 0.027777777777777776
1 0.48541666666666666 0.6895833333333333 0.0421875 0.044444444444444446
1 0.5635416666666667 0.8048611111111111 0.04739583333333333 0.043055555555555555
1 0.1140625 0.5819444444444445 0.03333333333333333 0.03194444444444444
1 0.17552083333333332 0.5659722222222222 0.04479166666666667 0.03819444444444445
1 0.18541666666666667 0.5930555555555556 0.036458333333333336 0.03680555555555556
3 0.46979166666666666 0.7215277777777778 0.04479166666666667 0.041666666666666664
3 0.4703125 0.7625 0.04791666666666667 0.050694444444444445
3 0.7713541666666667 0.6055555555555555 0.05 0.05555555555555555
3 0.19739583333333333 0.3770833333333333 0.0359375 0.03819444444444445
3 0.2869791666666667 0.8152777777777778 0.04479166666666667 0.04722222222222222
0 0.5333333333333333 0.12916666666666668 0.025520833333333333 0.06875
1 0.4322916666666667 0.4 0.019270833333333334 0.03819444444444445
1 0.403125 0.4173611111111111 0.0234375 0.035416666666666666
1 0.365625 0.26805555555555555 0.01875 0.025694444444444443
3 0.35 0.2326388888888889 0.019791666666666666 0.034027777777777775