1 0.011979166666666667 0.8715277777777778 0.019791666666666666 0.015277777777777777
1 0.03854166666666667 0.8631944444444445 0.022916666666666665 0.017361111111111112
1 0.06822916666666666 0.8555555555555555 0.0234375 0.01597222222222222
1 0.10052083333333334 0.8465277777777778 0.019791666666666666 0.01597222222222222
1 0.0421875 0.9361111111111111 0.0171875 0.03263888888888889
1 0.06822916666666666 0.975 0.015104166666666667 0.03125
1 0.04739583333333333 0.9097222222222222 0.015625 0.030555555555555555
1 0.06510416666666667 0.9354166666666667 0.016666666666666666 0.030555555555555555
1 0.08489583333333334 0.9715277777777778 0.015104166666666667 0.02638888888888889
1 0.23229166666666667 0.8097222222222222 0.0234375 0.017361111111111112
1 0.2791666666666667 0.7930555555555555 0.01875 0.017361111111111112
1 0.33177083333333335 0.7784722222222222 0.022395833333333334 0.01597222222222222
2 0.35885416666666664 0.7722222222222223 0.029166666666666667 0.022916666666666665
1 0.39010416666666664 0.7631944444444444 0.021354166666666667 0.014583333333333334
1 0.41822916666666665 0.8784722222222222 0.009375 0.027777777777777776
1 0.4473958333333333 0.9263888888888889 0.011979166666666667 0.029861111111111113
1 0.4901041666666667 0.9486111111111111 0.009895833333333333 0.02847222222222222
1 0.4869791666666667 0.9847222222222223 0.011458333333333333 0.030555555555555555
1 0.4666666666666667 0.6743055555555556 0.009895833333333333 0.02847222222222222
2 0.503125 0.034722222222222224 0.011979166666666667 0.050694444444444445
2 0.4739583333333333 0.225 0.020833333333333332 0.10833333333333334
1 0.5041666666666667 0.29791666666666666 0.008333333333333333 0.030555555555555555
1 0.5791666666666667 0.3506944444444444 0.0109375 0.030555555555555555
1 0.8322916666666667 0.5256944444444445 0.0234375 0.015277777777777777
1 0.7489583333333333 0.9791666666666666 0.0234375 0.017361111111111112
1 0.8078125 0.8770833333333333 0.022916666666666665 0.017361111111111112
2 0.7098958333333333 0.7 0.013020833333333334 0.03263888888888889
2 0.5864583333333333 0.6020833333333333 0.011458333333333333 0.03611111111111111
2 0.59375 0.8125 0.019791666666666666 0.08402777777777778
2 0.6380208333333334 0.5166666666666667 0.011458333333333333 0.03333333333333333
2 0.5166666666666667 0.42083333333333334 0.011458333333333333 0.03819444444444445
1 0.4276041666666667 0.46597222222222223 0.024479166666666666 0.014583333333333334