1 0.35833333333333334 0.7298611111111111 0.08125 0.09652777777777778
1 0.23489583333333333 0.6395833333333333 0.07916666666666666 0.04652777777777778
1 0.12291666666666666 0.6375 0.09166666666666666 0.044444444444444446
3 0.15572916666666667 0.58125 0.09270833333333334 0.050694444444444445
1 0.24010416666666667 0.5430555555555555 0.06927083333333334 0.043055555555555555
1 0.27760416666666665 0.49444444444444446 0.06770833333333333 0.041666666666666664
1 0.32395833333333335 0.6006944444444444 0.07083333333333333 0.05555555555555555
1 0.3932291666666667 0.56875 0.075 0.05416666666666667
1 0.6036458333333333 0.5944444444444444 0.07708333333333334 0.05694444444444444
1 0.5817708333333333 0.6527777777777778 0.08333333333333333 0.059722222222222225
1 0.6015625 0.5034722222222222 0.07864583333333333 0.041666666666666664
1 0.7703125 0.6229166666666667 0.08645833333333333 0.06458333333333334
1 0.9578125 0.6611111111111111 0.084375 0.05416666666666667
1 0.49375 0.3472222222222222 0.022395833333333334 0.04097222222222222
1 0.5270833333333333 0.35347222222222224 0.019791666666666666 0.04027777777777778
1 0.5604166666666667 0.35555555555555557 0.020833333333333332 0.04583333333333333
1 0.49322916666666666 0.29791666666666666 0.017708333333333333 0.03888888888888889
1 0.5578125 0.3076388888888889 0.019791666666666666 0.03819444444444445
1 0.5276041666666667 0.31805555555555554 0.020833333333333332 0.034027777777777775
1 0.4984375 0.2701388888888889 0.0171875 0.03333333333333333
1 0.5255208333333333 0.2833333333333333 0.020833333333333332 0.035416666666666666
1 0.5526041666666667 0.2701388888888889 0.01875 0.03611111111111111
1 0.5244791666666667 0.2465277777777778 0.019270833333333334 0.03263888888888889
1 0.5015625 0.2388888888888889 0.016666666666666666 0.02638888888888889
1 0.5015625 0.21319444444444444 0.016666666666666666 0.022916666666666665
1 0.503125 0.1875 0.015104166666666667 0.02847222222222222
1 0.5432291666666667 0.17708333333333334 0.017708333333333333 0.02638888888888889
1 0.5765625 0.06875 0.009375 0.014583333333333334
1 0.5515625 0.0763888888888889 0.011979166666666667 0.011111111111111112
1 0.5651041666666666 0.07361111111111111 0.009895833333333333 0.010416666666666666
1 0.5640625 0.06597222222222222 0.008333333333333333 0.0125
1 0.5494791666666666 0.06805555555555555 0.0109375 0.010416666666666666
1 0.025520833333333333 0.63125 0.05 0.04791666666666667