1 0.35260416666666666 0.27847222222222223 0.021354166666666667 0.03125
1 0.3463541666666667 0.31319444444444444 0.024479166666666666 0.03680555555555556
1 0.47239583333333335 0.4909722222222222 0.025520833333333333 0.059722222222222225
1 0.47239583333333335 0.4111111111111111 0.0234375 0.05555555555555555
1 0.4666666666666667 0.06875 0.011458333333333333 0.025
1 0.46458333333333335 0.043055555555555555 0.0109375 0.02013888888888889
1 0.4640625 0.020833333333333332 0.011458333333333333 0.017361111111111112
1 0.4828125 0.022916666666666665 0.011458333333333333 0.01875
1 0.5208333333333334 0.011111111111111112 0.019791666666666666 0.01597222222222222
1 0.5317708333333333 0.03888888888888889 0.009375 0.013194444444444444
1 0.5348958333333333 0.052083333333333336 0.0109375 0.013194444444444444
1 0.5375 0.06875 0.011979166666666667 0.01597222222222222
1 0.5567708333333333 0.17291666666666666 0.017708333333333333 0.02361111111111111
1 0.5635416666666667 0.19722222222222222 0.0171875 0.022916666666666665
1 0.5421875 0.6652777777777777 0.0328125 0.08888888888888889
1 0.5505208333333333 0.11319444444444444 0.020833333333333332 0.035416666666666666