1 0.4947916666666667 0.9666666666666667 0.013020833333333334 0.05486111111111111
1 0.4901041666666667 0.8180555555555555 0.011458333333333333 0.049305555555555554
1 0.46458333333333335 0.6840277777777778 0.013541666666666667 0.04027777777777778
3 0.4473958333333333 0.5840277777777778 0.009895833333333333 0.03819444444444445
3 0.4869791666666667 0.5395833333333333 0.0078125 0.035416666666666666
1 0.44895833333333335 0.42291666666666666 0.0078125 0.030555555555555555
1 0.40729166666666666 0.8951388888888889 0.024479166666666666 0.07708333333333334
2 0.5015625 0.46875 0.011979166666666667 0.0625
3 0.4984375 0.33055555555555555 0.007291666666666667 0.034027777777777775
1 0.4666666666666667 0.35694444444444445 0.0078125 0.022916666666666665
1 0.4635416666666667 0.20208333333333334 0.007291666666666667 0.02013888888888889
3 0.4510416666666667 0.3229166666666667 0.009375 0.024305555555555556
1 0.47760416666666666 0.1763888888888889 0.005729166666666666 0.02013888888888889
3 0.48802083333333335 0.07847222222222222 0.00625 0.025694444444444443
3 0.4890625 0.13402777777777777 0.0078125 0.029166666666666667
3 0.44947916666666665 0.16527777777777777 0.0078125 0.024305555555555556
3 0.46145833333333336 0.08333333333333333 0.007291666666666667 0.029166666666666667
2 0.4744791666666667 0.06458333333333334 0.011979166666666667 0.04027777777777778
3 0.48385416666666664 0.04027777777777778 0.00625 0.024305555555555556
1 0.446875 0.05763888888888889 0.00625 0.016666666666666666
3 0.4588541666666667 0.008333333333333333 0.0109375 0.016666666666666666
0 0.49270833333333336 0.18611111111111112 0.0140625 0.06736111111111111
1 0.21354166666666666 0.12569444444444444 0.013020833333333334 0.015277777777777777
1 0.19427083333333334 0.12361111111111112 0.01875 0.013888888888888888
1 0.19947916666666668 0.17291666666666666 0.011458333333333333 0.021527777777777778
3 0.22708333333333333 0.16527777777777777 0.008333333333333333 0.02013888888888889
3 0.21770833333333334 0.1673611111111111 0.009895833333333333 0.018055555555555554
1 0.21302083333333333 0.15208333333333332 0.009895833333333333 0.015277777777777777
1 0.22239583333333332 0.15069444444444444 0.009895833333333333 0.013888888888888888
1 0.203125 0.15555555555555556 0.013541666666666667 0.016666666666666666
1 0.19270833333333334 0.15555555555555556 0.009375 0.013888888888888888
3 0.22135416666666666 0.10694444444444444 0.015625 0.015277777777777777