2 0.3854166666666667 0.9388888888888889 0.13697916666666668 0.12222222222222222
1 0.46822916666666664 0.8340277777777778 0.07395833333333333 0.10416666666666667
2 0.5390625 0.6847222222222222 0.1234375 0.1701388888888889
3 0.6203125 0.6576388888888889 0.0375 0.07013888888888889
1 0.7109375 0.4486111111111111 0.019270833333333334 0.021527777777777778
3 0.7088541666666667 0.3993055555555556 0.0140625 0.022916666666666665
1 0.8255208333333334 0.39652777777777776 0.033854166666666664 0.01875
1 0.8635416666666667 0.4013888888888889 0.027083333333333334 0.015277777777777777
3 0.9041666666666667 0.40208333333333335 0.028645833333333332 0.018055555555555554
0 0.93125 0.36180555555555555 0.04375 0.025
1 0.8536458333333333 0.3263888888888889 0.01875 0.008333333333333333
1 0.7869791666666667 0.35138888888888886 0.009895833333333333 0.010416666666666666
1 0.7744791666666667 0.3055555555555556 0.0067708333333333336 0.006944444444444444
2 0.7666666666666667 0.2972222222222222 0.009895833333333333 0.014583333333333334
1 0.790625 0.3013888888888889 0.005729166666666666 0.005555555555555556
1 0.7802083333333333 0.2972222222222222 0.00625 0.005555555555555556
2 0.78125 0.2902777777777778 0.0078125 0.010416666666666666
2 0.8046875 0.29930555555555555 0.009895833333333333 0.016666666666666666
2 0.8125 0.28680555555555554 0.0078125 0.015277777777777777
2 0.8005208333333333 0.28680555555555554 0.009895833333333333 0.014583333333333334
2 0.8036458333333333 0.2833333333333333 0.008333333333333333 0.013194444444444444
2 0.8 0.2625 0.0046875 0.006944444444444444
0 0.815625 0.2847222222222222 0.007291666666666667 0.011805555555555555
0 0.7942708333333334 0.29583333333333334 0.009895833333333333 0.013888888888888888
0 0.7864583333333334 0.28125 0.008333333333333333 0.010416666666666666
0 0.790625 0.2763888888888889 0.007291666666666667 0.010416666666666666
2 0.79375 0.27152777777777776 0.00625 0.010416666666666666
1 0.7947916666666667 0.2625 0.004166666666666667 0.004166666666666667
1 0.8041666666666667 0.2611111111111111 0.003125 0.004166666666666667