1 0.2833333333333333 0.6638888888888889 0.190625 0.10694444444444444
1 0.30104166666666665 0.6145833333333334 0.15520833333333334 0.0763888888888889
1 0.4244791666666667 0.47152777777777777 0.042708333333333334 0.05694444444444444
1 0.4109375 0.4326388888888889 0.03802083333333333 0.04027777777777778
1 0.31979166666666664 0.35208333333333336 0.027604166666666666 0.025
1 0.31197916666666664 0.30694444444444446 0.019270833333333334 0.02361111111111111
1 0.40520833333333334 0.3298611111111111 0.0421875 0.02013888888888889
1 0.5760416666666667 0.3368055555555556 0.027604166666666666 0.020833333333333332
1 0.6005208333333333 0.3277777777777778 0.0328125 0.02361111111111111
1 0.6041666666666666 0.3541666666666667 0.0265625 0.025
1 0.5333333333333333 0.37083333333333335 0.05 0.029861111111111113
1 0.5145833333333333 0.40555555555555556 0.03802083333333333 0.035416666666666666
1 0.5453125 0.42777777777777776 0.04479166666666667 0.041666666666666664
1 0.6265625 0.5173611111111112 0.0609375 0.059027777777777776
1 0.5828125 0.4597222222222222 0.058333333333333334 0.05138888888888889
2 0.5359375 0.33402777777777776 0.06145833333333333 0.041666666666666664