2 0.4078125 0.7756944444444445 0.06979166666666667 0.052083333333333336
1 0.8322916666666667 0.24583333333333332 0.06145833333333333 0.06666666666666667
2 0.775 0.2569444444444444 0.07135416666666666 0.09930555555555555
1 0.6411458333333333 0.43194444444444446 0.04375 0.05625
2 0.6020833333333333 0.4305555555555556 0.03697916666666667 0.05555555555555555
1 0.5375 0.5215277777777778 0.03333333333333333 0.043055555555555555
1 0.453125 0.63125 0.036458333333333336 0.03888888888888889
1 0.3515625 0.6916666666666667 0.022916666666666665 0.030555555555555555
1 0.35520833333333335 0.7027777777777777 0.025 0.03819444444444445
1 0.30364583333333334 0.7118055555555556 0.024479166666666666 0.03333333333333333
1 0.22760416666666666 0.7986111111111112 0.0171875 0.029861111111111113
1 0.19947916666666668 0.8826388888888889 0.022916666666666665 0.02361111111111111
1 0.13125 0.9458333333333333 0.022916666666666665 0.025
1 0.12604166666666666 0.9131944444444444 0.016666666666666666 0.022222222222222223
1 0.1390625 0.8868055555555555 0.015104166666666667 0.02013888888888889
1 0.046875 0.9868055555555556 0.015104166666666667 0.013194444444444444
1 0.5515625 0.3701388888888889 0.015625 0.02847222222222222
1 0.5619791666666667 0.33194444444444443 0.013020833333333334 0.022222222222222223
1 0.6109375 0.33611111111111114 0.015625 0.025
1 0.6239583333333333 0.31319444444444444 0.019270833333333334 0.025
1 0.6458333333333334 0.29305555555555557 0.0171875 0.022916666666666665
1 0.6604166666666667 0.26944444444444443 0.022395833333333334 0.02638888888888889
1 0.7104166666666667 0.2222222222222222 0.0234375 0.027777777777777776
1 0.6635416666666667 0.23402777777777778 0.0171875 0.020833333333333332
1 0.6932291666666667 0.21319444444444444 0.022395833333333334 0.025694444444444443
1 0.6786458333333333 0.2111111111111111 0.0171875 0.022222222222222223
1 0.6515625 0.25972222222222224 0.01875 0.022222222222222223
1 0.6348958333333333 0.28125 0.017708333333333333 0.02361111111111111
1 0.6151041666666667 0.30069444444444443 0.013541666666666667 0.020833333333333332
1 0.6041666666666666 0.32222222222222224 0.0140625 0.022222222222222223
1 0.5994791666666667 0.30694444444444446 0.015104166666666667 0.017361111111111112
1 0.6088541666666667 0.29097222222222224 0.013541666666666667 0.02013888888888889
1 0.6260416666666667 0.27361111111111114 0.013541666666666667 0.020833333333333332
1 0.6401041666666667 0.2534722222222222 0.015104166666666667 0.01875
1 0.6317708333333333 0.24722222222222223 0.011979166666666667 0.018055555555555554
1 0.625 0.24305555555555555 0.011458333333333333 0.017361111111111112
1 0.6203125 0.23541666666666666 0.009375 0.015277777777777777
1 0.615625 0.2326388888888889 0.009895833333333333 0.01597222222222222
1 0.6098958333333333 0.22777777777777777 0.011458333333333333 0.0125
1 0.603125 0.22361111111111112 0.009375 0.013194444444444444
1 0.61875 0.2673611111111111 0.013020833333333334 0.018055555555555554
1 0.6135416666666667 0.2590277777777778 0.011458333333333333 0.017361111111111112
1 0.6083333333333333 0.2534722222222222 0.011458333333333333 0.014583333333333334
1 0.6046875 0.2465277777777778 0.0109375 0.010416666666666666
1 0.5984375 0.24444444444444444 0.009895833333333333 0.015277777777777777
1 0.596875 0.24097222222222223 0.0078125 0.015277777777777777
1 0.5916666666666667 0.2361111111111111 0.009375 0.013194444444444444
1 0.5880208333333333 0.2298611111111111 0.00625 0.010416666666666666
1 0.5859375 0.22847222222222222 0.007291666666666667 0.013194444444444444
1 0.5791666666666667 0.22083333333333333 0.0078125 0.009722222222222222
1 0.5890625 0.21388888888888888 0.008333333333333333 0.0125
1 0.58125 0.20416666666666666 0.0078125 0.010416666666666666
1 0.5734375 0.21597222222222223 0.005208333333333333 0.007638888888888889
1 0.5682291666666667 0.2326388888888889 0.00625 0.009722222222222222
1 0.5744791666666667 0.2388888888888889 0.0078125 0.011111111111111112
0 0.58125 0.25555555555555554 0.019791666666666666 0.027777777777777776
1 0.5942708333333333 0.26666666666666666 0.011458333333333333 0.015277777777777777
1 0.5984375 0.2777777777777778 0.0109375 0.018055555555555554
1 0.6041666666666666 0.2833333333333333 0.011458333333333333 0.01597222222222222
1 0.5927083333333333 0.3 0.011458333333333333 0.017361111111111112
1 0.5885416666666666 0.29444444444444445 0.013020833333333334 0.01597222222222222
1 0.5848958333333333 0.28680555555555554 0.009895833333333333 0.014583333333333334
1 0.5609375 0.28680555555555554 0.009895833333333333 0.013194444444444444
1 0.55625 0.2673611111111111 0.009375 0.015277777777777777
1 0.5604166666666667 0.24444444444444444 0.00625 0.0125
3 0.5484375 0.24513888888888888 0.0078125 0.0125
1 0.5526041666666667 0.2076388888888889 0.004166666666666667 0.007638888888888889
1 0.5604166666666667 0.19930555555555557 0.005208333333333333 0.006944444444444444
1 0.5723958333333333 0.20277777777777778 0.00625 0.007638888888888889
3 0.5697916666666667 0.19652777777777777 0.005729166666666666 0.007638888888888889
2 0.5416666666666666 0.20416666666666666 0.008333333333333333 0.0125
1 0.640625 0.1486111111111111 0.008333333333333333 0.011111111111111112
1 0.6302083333333334 0.14097222222222222 0.007291666666666667 0.009722222222222222
1 0.6223958333333334 0.12361111111111112 0.005729166666666666 0.006944444444444444
2 0.6182291666666667 0.13402777777777777 0.0078125 0.011111111111111112
1 0.60625 0.14444444444444443 0.005729166666666666 0.007638888888888889
1 0.6052083333333333 0.1284722222222222 0.005208333333333333 0.005555555555555556
1 0.5921875 0.14444444444444443 0.004166666666666667 0.005555555555555556
1 0.5848958333333333 0.1375 0.0020833333333333333 0.004861111111111111
1 0.5802083333333333 0.14305555555555555 0.004166666666666667 0.004861111111111111
1 0.5760416666666667 0.15069444444444444 0.0036458333333333334 0.004861111111111111
1 0.5734375 0.15138888888888888 0.0020833333333333333 0.003472222222222222
1 0.5734375 0.1486111111111111 0.0036458333333333334 0.003472222222222222
1 0.5703125 0.14930555555555555 0.0020833333333333333 0.003472222222222222
1 0.5734375 0.14166666666666666 0.0020833333333333333 0.003472222222222222
1 0.5677083333333334 0.1527777777777778 0.0036458333333333334 0.002777777777777778
1 0.5661458333333333 0.15694444444444444 0.0020833333333333333 0.003472222222222222
1 0.5609375 0.16041666666666668 0.0020833333333333333 0.004861111111111111