2 0.42864583333333334 0.01597222222222222 0.01875 0.03125
1 0.4822916666666667 0.029861111111111113 0.0140625 0.02638888888888889
1 0.4583333333333333 0.03958333333333333 0.015625 0.03333333333333333
1 0.4588541666666667 0.09791666666666667 0.019270833333333334 0.03888888888888889
1 0.5161458333333333 0.0798611111111111 0.019270833333333334 0.02638888888888889
1 0.5171875 0.11388888888888889 0.021354166666666667 0.035416666666666666
1 0.4192708333333333 0.07777777777777778 0.01875 0.03611111111111111
3 0.6166666666666667 0.1763888888888889 0.04739583333333333 0.03263888888888889
1 0.6109375 0.1423611111111111 0.049479166666666664 0.025694444444444443
1 0.6041666666666666 0.1284722222222222 0.044270833333333336 0.025
1 0.4109375 0.18819444444444444 0.022916666666666665 0.04652777777777778
1 0.5203125 0.23194444444444445 0.0234375 0.052083333333333336
1 0.3984375 0.28680555555555554 0.0265625 0.05625
1 0.38697916666666665 0.3472222222222222 0.027083333333333334 0.06597222222222222
1 0.640625 0.3416666666666667 0.0640625 0.041666666666666664
1 0.6630208333333333 0.4340277777777778 0.07239583333333334 0.04375
1 0.6880208333333333 0.5520833333333334 0.08072916666666667 0.04861111111111111
1 0.53125 0.5506944444444445 0.0328125 0.09027777777777778
1 0.5463541666666667 0.8444444444444444 0.042708333333333334 0.1326388888888889
1 0.7380208333333333 0.9076388888888889 0.1171875 0.07013888888888889
1 0.5489583333333333 0.9729166666666667 0.04791666666666667 0.052083333333333336
1 0.31197916666666664 0.9777777777777777 0.05 0.041666666666666664
1 0.33489583333333334 0.8472222222222222 0.04791666666666667 0.14027777777777778
2 0.3567708333333333 0.6763888888888889 0.052083333333333336 0.15625
1 0.371875 0.5006944444444444 0.03802083333333333 0.08402777777777778