1 0.11041666666666666 0.07708333333333334 0.029166666666666667 0.022916666666666665
3 0.23072916666666668 0.018055555555555554 0.0140625 0.03333333333333333
1 0.284375 0.04027777777777778 0.011458333333333333 0.025694444444444443
1 0.16770833333333332 0.21944444444444444 0.015104166666666667 0.030555555555555555
3 0.14322916666666666 0.2652777777777778 0.017708333333333333 0.035416666666666666
3 0.1703125 0.2923611111111111 0.017708333333333333 0.044444444444444446
3 0.1765625 0.37569444444444444 0.01875 0.04027777777777778
0 0.14010416666666667 0.3548611111111111 0.022916666666666665 0.07708333333333334
3 0.2359375 0.8652777777777778 0.03697916666666667 0.11180555555555556
1 0.19739583333333333 0.66875 0.040625 0.03819444444444445
1 0.20729166666666668 0.46111111111111114 0.028645833333333332 0.06458333333333334
1 0.24166666666666667 0.3993055555555556 0.025 0.05486111111111111
3 0.33125 0.24791666666666667 0.01875 0.044444444444444446
1 0.3697916666666667 0.20208333333333334 0.0171875 0.03333333333333333
3 0.4010416666666667 0.3034722222222222 0.020833333333333332 0.03819444444444445
3 0.34375 0.29791666666666666 0.017708333333333333 0.04583333333333333
3 0.3541666666666667 0.3416666666666667 0.020833333333333332 0.05347222222222222
3 0.496875 0.3597222222222222 0.0390625 0.03958333333333333
1 0.43333333333333335 0.5854166666666667 0.0515625 0.049305555555555554
1 0.5052083333333334 0.59375 0.049479166666666664 0.04791666666666667
3 0.6260416666666667 0.24583333333333332 0.03229166666666667 0.034027777777777775
3 0.6348958333333333 0.2590277777777778 0.0359375 0.043055555555555555
1 0.7125 0.2548611111111111 0.025 0.035416666666666666
1 0.6994791666666667 0.17916666666666667 0.022395833333333334 0.03819444444444445
0 0.9723958333333333 0.29930555555555555 0.05520833333333333 0.09375
1 0.8515625 0.39305555555555555 0.03333333333333333 0.041666666666666664
1 0.7239583333333334 0.47152777777777777 0.0390625 0.04722222222222222
1 0.646875 0.5138888888888888 0.0390625 0.04583333333333333
3 0.35833333333333334 0.8194444444444444 0.03854166666666667 0.11319444444444444