1 0.8541666666666666 0.6666666666666666 0.2265625 0.12361111111111112
1 0.9640625 0.5909722222222222 0.07135416666666666 0.09236111111111112
1 0.9661458333333334 0.4861111111111111 0.06770833333333333 0.06944444444444445
1 0.7572916666666667 0.5777777777777777 0.17916666666666667 0.10069444444444445
1 0.7989583333333333 0.4791666666666667 0.10625 0.05347222222222222
1 0.7755208333333333 0.4534722222222222 0.1109375 0.05555555555555555
1 0.49583333333333335 0.3763888888888889 0.029166666666666667 0.03888888888888889
3 0.46197916666666666 0.34791666666666665 0.024479166666666666 0.03680555555555556
3 0.30052083333333335 0.3840277777777778 0.034375 0.050694444444444445
3 0.1796875 0.3611111111111111 0.034895833333333334 0.041666666666666664
0 0.21875 0.3194444444444444 0.06145833333333333 0.050694444444444445
1 0.04583333333333333 0.3659722222222222 0.0328125 0.03125
1 0.06145833333333333 0.34444444444444444 0.030208333333333334 0.022916666666666665
1 0.08541666666666667 0.3090277777777778 0.017708333333333333 0.018055555555555554
1 0.15052083333333333 0.3888888888888889 0.04375 0.03819444444444445
1 0.22552083333333334 0.34444444444444444 0.040625 0.02638888888888889
1 0.2734375 0.3263888888888889 0.0265625 0.025
1 0.30885416666666665 0.31319444444444444 0.022395833333333334 0.018055555555555554
1 0.32447916666666665 0.3055555555555556 0.015625 0.01875
1 0.3375 0.30069444444444443 0.013541666666666667 0.01597222222222222
3 0.38229166666666664 0.3298611111111111 0.029166666666666667 0.025
1 0.3927083333333333 0.29791666666666666 0.015625 0.013194444444444444
1 0.5390625 0.3770833333333333 0.029166666666666667 0.034027777777777775
1 0.6666666666666666 0.41041666666666665 0.08489583333333334 0.04375
1 0.7864583333333334 0.41041666666666665 0.09270833333333334 0.04375
1 0.8916666666666667 0.4083333333333333 0.11197916666666667 0.04861111111111111
1 0.7041666666666667 0.32013888888888886 0.0265625 0.020833333333333332
1 0.6791666666666667 0.3451388888888889 0.0359375 0.029861111111111113
3 0.6604166666666667 0.3701388888888889 0.027604166666666666 0.03888888888888889
1 0.621875 0.37777777777777777 0.036458333333333336 0.03680555555555556
1 0.6901041666666666 0.3736111111111111 0.0265625 0.03263888888888889
1 0.721875 0.37083333333333335 0.029166666666666667 0.035416666666666666
1 0.7604166666666666 0.3680555555555556 0.03333333333333333 0.03680555555555556
1 0.7255208333333333 0.34930555555555554 0.03333333333333333 0.030555555555555555
1 0.5630208333333333 0.3541666666666667 0.058333333333333334 0.02847222222222222
1 0.5541666666666667 0.34444444444444444 0.057291666666666664 0.025
1 0.5515625 0.3375 0.05 0.02013888888888889
1 0.5520833333333334 0.33194444444444443 0.0484375 0.02361111111111111
1 0.5427083333333333 0.3125 0.04010416666666667 0.017361111111111112
3 0.46510416666666665 0.33125 0.019791666666666666 0.022916666666666665
1 0.4744791666666667 0.3145833333333333 0.0171875 0.01875
3 0.5942708333333333 0.275 0.021354166666666667 0.010416666666666666
1 0.5984375 0.28125 0.0109375 0.010416666666666666
0 0.3802083333333333 0.2659722222222222 0.011458333333333333 0.017361111111111112
3 0.027083333333333334 0.3333333333333333 0.028645833333333332 0.02638888888888889
3 0.016666666666666666 0.3194444444444444 0.025520833333333333 0.027777777777777776
1 0.25625 0.31319444444444444 0.015625 0.01875
1 0.13541666666666666 0.30069444444444443 0.034895833333333334 0.017361111111111112
3 0.9510416666666667 0.36875 0.050520833333333334 0.044444444444444446