2 0.5947916666666667 0.4930555555555556 0.04375 0.08263888888888889
2 0.5619791666666667 0.5 0.03854166666666667 0.08194444444444444
2 0.30625 0.3701388888888889 0.019270833333333334 0.03819444444444445
2 0.5171875 0.3541666666666667 0.0171875 0.02847222222222222
2 0.44895833333333335 0.23680555555555555 0.013541666666666667 0.02013888888888889
1 0.4875 0.25833333333333336 0.005208333333333333 0.007638888888888889
3 0.4552083333333333 0.21736111111111112 0.004166666666666667 0.008333333333333333
0 0.4578125 0.20972222222222223 0.005729166666666666 0.015277777777777777
3 0.35885416666666664 0.27708333333333335 0.009375 0.011111111111111112
1 0.46927083333333336 0.19444444444444445 0.0026041666666666665 0.003472222222222222
2 0.45364583333333336 0.19583333333333333 0.004166666666666667 0.008333333333333333
2 0.49583333333333335 0.1625 0.007291666666666667 0.006944444444444444
2 0.45729166666666665 0.17916666666666667 0.005208333333333333 0.007638888888888889
1 0.45677083333333335 0.18541666666666667 0.0036458333333333334 0.005555555555555556
2 0.46822916666666664 0.18819444444444444 0.0036458333333333334 0.006944444444444444
2 0.4671875 0.18263888888888888 0.004166666666666667 0.007638888888888889
0 0.475 0.17777777777777778 0.004166666666666667 0.006944444444444444
1 0.7255208333333333 0.34305555555555556 0.015625 0.011111111111111112