1 0.13229166666666667 0.4409722222222222 0.00625 0.007638888888888889
1 0.23697916666666666 0.6090277777777777 0.011979166666666667 0.019444444444444445
1 0.215625 0.61875 0.014583333333333334 0.022222222222222223
1 0.15208333333333332 0.6506944444444445 0.0140625 0.025
1 0.1734375 0.6201388888888889 0.015625 0.021527777777777778
3 0.19583333333333333 0.6013888888888889 0.021354166666666667 0.01597222222222222
1 0.10625 0.7270833333333333 0.021354166666666667 0.029861111111111113
1 0.2598958333333333 0.5604166666666667 0.011979166666666667 0.01597222222222222
1 0.1234375 0.7013888888888888 0.018229166666666668 0.024305555555555556
1 0.29635416666666664 0.4777777777777778 0.007291666666666667 0.013194444444444444
3 0.3020833333333333 0.4479166666666667 0.005729166666666666 0.011111111111111112
1 0.34010416666666665 0.4125 0.005208333333333333 0.008333333333333333
1 0.16354166666666667 0.8347222222222223 0.023958333333333335 0.03680555555555556
1 0.04583333333333333 0.8243055555555555 0.027083333333333334 0.03611111111111111
1 0.065625 0.7930555555555555 0.022916666666666665 0.03125
1 0.0859375 0.4534722222222222 0.013020833333333334 0.009027777777777777
1 0.29375 0.6965277777777777 0.009375 0.022222222222222223
1 0.19375 0.5826388888888889 0.009375 0.016666666666666666
1 0.20729166666666668 0.5590277777777778 0.0078125 0.017361111111111112
2 0.31354166666666666 0.43819444444444444 0.007291666666666667 0.013888888888888888
1 0.36614583333333334 0.4270833333333333 0.0046875 0.008333333333333333
2 0.3609375 0.34305555555555556 0.0046875 0.013888888888888888
3 0.546875 0.39861111111111114 0.0067708333333333336 0.007638888888888889
2 0.55625 0.4701388888888889 0.015104166666666667 0.017361111111111112
2 0.75625 0.4125 0.0125 0.010416666666666666
2 0.7463541666666667 0.4097222222222222 0.0140625 0.009027777777777777
2 0.7401041666666667 0.4083333333333333 0.015104166666666667 0.009027777777777777
1 0.721875 0.40625 0.0078125 0.007638888888888889
1 0.7041666666666667 0.40208333333333335 0.00625 0.00625
1 0.6984375 0.40069444444444446 0.0067708333333333336 0.007638888888888889
1 0.7234375 0.4409722222222222 0.0109375 0.007638888888888889
1 0.721875 0.43472222222222223 0.010416666666666666 0.00625
1 0.79375 0.4131944444444444 0.009895833333333333 0.00625
1 0.7046875 0.39444444444444443 0.009895833333333333 0.007638888888888889
1 0.6895833333333333 0.41180555555555554 0.009895833333333333 0.005555555555555556
1 0.36822916666666666 0.4173611111111111 0.005208333333333333 0.007638888888888889
1 0.36875 0.4131944444444444 0.004166666666666667 0.004861111111111111
1 0.3640625 0.33958333333333335 0.0026041666666666665 0.003472222222222222
1 0.35625 0.3236111111111111 0.0026041666666666665 0.005555555555555556
3 0.4244791666666667 0.41597222222222224 0.009375 0.008333333333333333
2 0.2953125 0.42291666666666666 0.008854166666666666 0.014583333333333334