1 0.9192708333333334 0.8222222222222222 0.03854166666666667 0.07777777777777778
1 0.9364583333333333 0.7583333333333333 0.034895833333333334 0.0625
3 0.9567708333333333 0.6861111111111111 0.0328125 0.07777777777777778
1 0.5619791666666667 0.7375 0.040625 0.07013888888888889
1 0.5932291666666667 0.6833333333333333 0.04010416666666667 0.07013888888888889
1 0.6270833333333333 0.6055555555555555 0.030729166666666665 0.05347222222222222
1 0.6541666666666667 0.5395833333333333 0.021875 0.03263888888888889
1 0.6947916666666667 0.4513888888888889 0.027604166666666666 0.049305555555555554
1 0.7510416666666667 0.38333333333333336 0.026041666666666668 0.04722222222222222
1 0.7619791666666667 0.3138888888888889 0.024479166666666666 0.04236111111111111
1 0.7473958333333334 0.3388888888888889 0.024479166666666666 0.04236111111111111
1 0.7854166666666667 0.26458333333333334 0.023958333333333335 0.0375
1 0.8333333333333334 0.18055555555555555 0.021875 0.03680555555555556
1 0.8604166666666667 0.13958333333333334 0.021875 0.034027777777777775
1 0.9822916666666667 0.09722222222222222 0.0203125 0.03194444444444444
1 0.9796875 0.059722222222222225 0.0203125 0.034722222222222224