1 0.4083333333333333 0.011111111111111112 0.014583333333333334 0.022222222222222223
3 0.40729166666666666 0.034722222222222224 0.0140625 0.043055555555555555
1 0.49583333333333335 0.03888888888888889 0.0171875 0.035416666666666666
1 0.4984375 0.13194444444444445 0.019270833333333334 0.043055555555555555
1 0.5666666666666667 0.20069444444444445 0.021354166666666667 0.04375
1 0.40625 0.14444444444444443 0.019270833333333334 0.04583333333333333
1 0.40260416666666665 0.19166666666666668 0.022395833333333334 0.049305555555555554
1 0.4041666666666667 0.24791666666666667 0.019791666666666666 0.05138888888888889
1 0.4015625 0.3076388888888889 0.0234375 0.059027777777777776
1 0.4010416666666667 0.36875 0.020833333333333332 0.05347222222222222
1 0.3020833333333333 0.44027777777777777 0.06302083333333333 0.03680555555555556
1 0.24375 0.43125 0.05260416666666667 0.041666666666666664
1 0.39427083333333335 0.6298611111111111 0.028645833333333332 0.08125
1 0.3875 0.7381944444444445 0.030729166666666665 0.09513888888888888
1 0.38697916666666665 0.9659722222222222 0.03333333333333333 0.06736111111111111
1 0.528125 0.4965277777777778 0.029166666666666667 0.075
1 0.5083333333333333 0.3611111111111111 0.0234375 0.058333333333333334
1 0.5598958333333334 0.40347222222222223 0.027083333333333334 0.058333333333333334
1 0.5958333333333333 0.45555555555555555 0.027083333333333334 0.059722222222222225
1 0.5890625 0.3861111111111111 0.027083333333333334 0.059722222222222225
1 0.8302083333333333 0.14305555555555555 0.0359375 0.04027777777777778
1 0.8526041666666667 0.14305555555555555 0.028645833333333332 0.03611111111111111
1 0.9135416666666667 0.5541666666666667 0.04010416666666667 0.07430555555555556
2 0.9489583333333333 0.5520833333333334 0.049479166666666664 0.0798611111111111
1 0.9770833333333333 0.5513888888888889 0.044270833333333336 0.07430555555555556
1 0.8703125 0.6972222222222222 0.06770833333333333 0.041666666666666664
1 0.8484375 0.65625 0.06510416666666667 0.03819444444444445
1 0.9614583333333333 0.7951388888888888 0.04739583333333333 0.08541666666666667