1 0.4661458333333333 0.9861111111111112 0.011979166666666667 0.025694444444444443
2 0.4484375 0.9513888888888888 0.017708333333333333 0.09513888888888888
1 0.465625 0.9131944444444444 0.013020833333333334 0.044444444444444446
1 0.4484375 0.8743055555555556 0.011979166666666667 0.03819444444444445
1 0.46458333333333335 0.8541666666666666 0.011979166666666667 0.043055555555555555
3 0.4484375 0.80625 0.013541666666666667 0.04722222222222222
3 0.4630208333333333 0.7916666666666666 0.013020833333333334 0.043055555555555555
1 0.5119791666666667 0.7583333333333333 0.0140625 0.044444444444444446
1 0.4473958333333333 0.7305555555555555 0.011979166666666667 0.03680555555555556
1 0.4630208333333333 0.7256944444444444 0.011979166666666667 0.04027777777777778
1 0.46145833333333336 0.6729166666666667 0.011458333333333333 0.034027777777777775
1 0.446875 0.6826388888888889 0.011979166666666667 0.03819444444444445
1 0.4473958333333333 0.6409722222222223 0.009895833333333333 0.030555555555555555
1 0.46145833333333336 0.6125 0.011458333333333333 0.034027777777777775
1 0.4473958333333333 0.5972222222222222 0.011458333333333333 0.03194444444444444
1 0.4328125 0.5784722222222223 0.011458333333333333 0.030555555555555555
1 0.409375 0.5361111111111111 0.0140625 0.024305555555555556
1 0.42604166666666665 0.5201388888888889 0.013541666666666667 0.027777777777777776
1 0.44635416666666666 0.5548611111111111 0.009895833333333333 0.03194444444444444
1 0.4744791666666667 0.5729166666666666 0.0109375 0.03194444444444444
3 0.5020833333333333 0.6055555555555555 0.011458333333333333 0.03333333333333333
1 0.5223958333333333 0.5527777777777778 0.0109375 0.029166666666666667
1 0.5088541666666667 0.48819444444444443 0.015104166666666667 0.029166666666666667
2 0.6078125 0.4951388888888889 0.06979166666666667 0.03333333333333333
1 0.5645833333333333 0.4756944444444444 0.019270833333333334 0.018055555555555554
1 0.5901041666666667 0.4722222222222222 0.021354166666666667 0.018055555555555554
2 0.5786458333333333 0.4486111111111111 0.04739583333333333 0.03958333333333333
2 0.6276041666666666 0.4486111111111111 0.027604166666666666 0.029166666666666667
2 0.5578125 0.4388888888888889 0.028645833333333332 0.03333333333333333
0 0.6072916666666667 0.42986111111111114 0.0515625 0.035416666666666666
0 0.6119791666666666 0.3909722222222222 0.027604166666666666 0.025694444444444443
1 0.5598958333333334 0.4048611111111111 0.01875 0.015277777777777777
1 0.4890625 0.40555555555555556 0.0171875 0.01875
1 0.44635416666666666 0.43125 0.019791666666666666 0.018055555555555554
1 0.4484375 0.40347222222222223 0.019270833333333334 0.015277777777777777
1 0.36666666666666664 0.5020833333333333 0.022395833333333334 0.01875
1 0.39895833333333336 0.4444444444444444 0.019270833333333334 0.018055555555555554
1 0.409375 0.42986111111111114 0.019791666666666666 0.016666666666666666