1 0.20416666666666666 0.86875 0.06197916666666667 0.05416666666666667
1 0.5416666666666666 0.8659722222222223 0.0359375 0.08263888888888889
1 0.7197916666666667 0.6944444444444444 0.052083333333333336 0.03611111111111111
1 0.7447916666666666 0.6263888888888889 0.041666666666666664 0.035416666666666666
1 0.7869791666666667 0.6472222222222223 0.04635416666666667 0.035416666666666666
1 0.8046875 0.6 0.0390625 0.030555555555555555
1 0.4869791666666667 0.6715277777777777 0.029166666666666667 0.06319444444444444
1 0.578125 0.6319444444444444 0.036458333333333336 0.05416666666666667
1 0.55625 0.5798611111111112 0.030208333333333334 0.05416666666666667
1 0.5354166666666667 0.5236111111111111 0.0265625 0.050694444444444445
1 0.4791666666666667 0.6111111111111112 0.030729166666666665 0.05138888888888889
1 0.4609375 0.5611111111111111 0.0265625 0.04652777777777778
1 0.38125 0.25972222222222224 0.016666666666666666 0.02638888888888889
3 0.565625 0.9631944444444445 0.0359375 0.07361111111111111
3 0.44583333333333336 0.5034722222222222 0.0234375 0.04861111111111111
3 0.4317708333333333 0.44583333333333336 0.025 0.049305555555555554
1 0.39479166666666665 0.30277777777777776 0.013541666666666667 0.02638888888888889
1 0.4401041666666667 0.25555555555555554 0.0140625 0.027777777777777776
2 0.5114583333333333 0.7659722222222223 0.0359375 0.07916666666666666
2 0.6572916666666667 0.6611111111111111 0.050520833333333334 0.04583333333333333
2 0.4 0.32569444444444445 0.022916666666666665 0.04791666666666667
2 0.40989583333333335 0.36736111111111114 0.022395833333333334 0.04652777777777778