1 0.5041666666666667 0.05555555555555555 0.027604166666666666 0.050694444444444445
3 0.4557291666666667 0.22013888888888888 0.03125 0.05625
3 0.9661458333333334 0.4236111111111111 0.06770833333333333 0.05347222222222222
1 0.8833333333333333 0.4083333333333333 0.06770833333333333 0.044444444444444446
1 0.7619791666666667 0.2972222222222222 0.0609375 0.041666666666666664
3 0.6958333333333333 0.27569444444444446 0.06302083333333333 0.05416666666666667
1 0.4197916666666667 0.48125 0.0421875 0.0875
1 0.34427083333333336 0.7659722222222223 0.04739583333333333 0.10069444444444445
1 0.32083333333333336 0.8895833333333333 0.050520833333333334 0.11041666666666666
3 0.25885416666666666 0.90625 0.05625 0.1111111111111111
2 0.33697916666666666 0.6104166666666667 0.06875 0.12222222222222222