2 0.6145833333333334 0.8145833333333333 0.08072916666666667 0.19236111111111112
1 0.36770833333333336 0.9201388888888888 0.0515625 0.13333333333333333
1 0.38177083333333334 0.7840277777777778 0.05364583333333333 0.10833333333333334
3 0.39010416666666664 0.675 0.04739583333333333 0.10069444444444445
1 0.5635416666666667 0.5194444444444445 0.030208333333333334 0.058333333333333334
3 0.40625 0.46111111111111114 0.025520833333333333 0.052083333333333336
1 0.5302083333333333 0.36666666666666664 0.03125 0.049305555555555554
1 0.40729166666666666 0.3645833333333333 0.029166666666666667 0.041666666666666664
1 0.5052083333333334 0.2861111111111111 0.0234375 0.03680555555555556
1 0.4817708333333333 0.21875 0.019270833333333334 0.02361111111111111
3 0.4739583333333333 0.1909722222222222 0.017708333333333333 0.029861111111111113
1 0.4630208333333333 0.18055555555555555 0.017708333333333333 0.02361111111111111
1 0.403125 0.33611111111111114 0.020833333333333332 0.02638888888888889
1 0.3984375 0.30972222222222223 0.030208333333333334 0.030555555555555555
1 0.34270833333333334 0.24375 0.034895833333333334 0.022916666666666665
1 0.3609375 0.17916666666666667 0.011458333333333333 0.025
1 0.3880208333333333 0.18541666666666667 0.016666666666666666 0.02638888888888889
1 0.38385416666666666 0.16875 0.013541666666666667 0.01875
1 0.3802083333333333 0.15208333333333332 0.013020833333333334 0.018055555555555554
1 0.3765625 0.13958333333333334 0.011458333333333333 0.01597222222222222
1 0.2635416666666667 0.2763888888888889 0.03697916666666667 0.020833333333333332