0 0.48489583333333336 0.1375 0.005208333333333333 0.010416666666666666
0 0.4953125 0.12986111111111112 0.0036458333333333334 0.003472222222222222
3 0.3776041666666667 0.3888888888888889 0.0171875 0.025694444444444443
3 0.4041666666666667 0.33402777777777776 0.0109375 0.022222222222222223
2 0.39947916666666666 0.4131944444444444 0.01875 0.034027777777777775
1 0.5619791666666667 0.2986111111111111 0.0109375 0.018055555555555554
1 0.5494791666666666 0.25625 0.013541666666666667 0.009722222222222222
1 0.5510416666666667 0.25 0.013541666666666667 0.008333333333333333
1 0.5473958333333333 0.24583333333333332 0.016666666666666666 0.009722222222222222
1 0.6708333333333333 0.29583333333333334 0.022916666666666665 0.010416666666666666
1 0.3260416666666667 0.4013888888888889 0.017708333333333333 0.02013888888888889
1 0.33645833333333336 0.38263888888888886 0.01875 0.025694444444444443