1 0.15833333333333333 0.6826388888888889 0.19947916666666668 0.11458333333333333
1 0.6255208333333333 0.3298611111111111 0.057291666666666664 0.0763888888888889
1 0.7744791666666667 0.34097222222222223 0.0828125 0.07777777777777778
1 0.6875 0.25277777777777777 0.05520833333333333 0.05416666666666667
1 0.6291666666666667 0.19930555555555557 0.041666666666666664 0.04375
1 0.5958333333333333 0.1638888888888889 0.0359375 0.03611111111111111
3 0.46979166666666666 0.15555555555555556 0.025520833333333333 0.04375
3 0.5609375 0.12986111111111112 0.0265625 0.03611111111111111
1 0.5369791666666667 0.1111111111111111 0.022395833333333334 0.025694444444444443
1 0.8473958333333333 0.2513888888888889 0.07291666666666667 0.049305555555555554
3 0.7645833333333333 0.18125 0.0765625 0.06388888888888888
3 0.7484375 0.15694444444444444 0.03854166666666667 0.029861111111111113
1 0.6395833333333333 0.1125 0.027604166666666666 0.025
1 0.6171875 0.07152777777777777 0.015625 0.017361111111111112
1 0.5869791666666667 0.0625 0.017708333333333333 0.01597222222222222
2 0.5760416666666667 0.04791666666666667 0.022395833333333334 0.03125
1 0.5119791666666667 0.08541666666666667 0.020833333333333332 0.02638888888888889
1 0.4979166666666667 0.07222222222222222 0.0171875 0.020833333333333332
1 0.48489583333333336 0.05625 0.016666666666666666 0.01875
3 0.4734375 0.04583333333333333 0.011979166666666667 0.020833333333333332
3 0.465625 0.03888888888888889 0.013020833333333334 0.017361111111111112