3 0.042708333333333334 0.03333333333333333 0.030208333333333334 0.022916666666666665
1 0.013020833333333334 0.11875 0.026041666666666668 0.02361111111111111
1 0.22083333333333333 0.18125 0.0359375 0.022916666666666665
1 0.33229166666666665 0.19583333333333333 0.03229166666666667 0.02013888888888889
1 0.3458333333333333 0.24444444444444444 0.0328125 0.022916666666666665
2 0.1796875 0.4201388888888889 0.025 0.058333333333333334
1 0.2140625 0.4888888888888889 0.015625 0.041666666666666664
2 0.0234375 0.575 0.0265625 0.058333333333333334
1 0.11614583333333334 0.5777777777777777 0.016666666666666666 0.04027777777777778
3 0.18489583333333334 0.5888888888888889 0.017708333333333333 0.04097222222222222
1 0.20520833333333333 0.5895833333333333 0.0171875 0.04027777777777778
1 0.2359375 0.5944444444444444 0.015625 0.041666666666666664
2 0.32447916666666665 0.5055555555555555 0.021354166666666667 0.05625
1 0.36302083333333335 0.5097222222222222 0.015625 0.043055555555555555
3 0.3380208333333333 0.6173611111111111 0.0140625 0.035416666666666666
3 0.35520833333333335 0.6201388888888889 0.013541666666666667 0.03333333333333333
3 0.4161458333333333 0.5201388888888889 0.015104166666666667 0.050694444444444445
3 0.4510416666666667 0.5277777777777778 0.015104166666666667 0.04375
1 0.4328125 0.5243055555555556 0.013020833333333334 0.03888888888888889
1 0.5197916666666667 0.4798611111111111 0.015625 0.04027777777777778
1 0.48020833333333335 0.5340277777777778 0.0140625 0.041666666666666664
1 0.4979166666666667 0.5354166666666667 0.0140625 0.043055555555555555
1 0.55625 0.48055555555555557 0.015104166666666667 0.043055555555555555
1 0.5322916666666667 0.5368055555555555 0.013020833333333334 0.04375
1 0.5833333333333334 0.55 0.0140625 0.044444444444444446
3 0.5515625 0.54375 0.013541666666666667 0.03611111111111111
3 0.7072916666666667 0.4486111111111111 0.034375 0.02847222222222222
2 0.7619791666666667 0.4513888888888889 0.04635416666666667 0.022916666666666665
2 0.7390625 0.50625 0.041666666666666664 0.025694444444444443
2 0.7359375 0.5715277777777777 0.022916666666666665 0.05555555555555555
1 0.6973958333333333 0.5659722222222222 0.013541666666666667 0.03888888888888889
1 0.6302083333333334 0.5548611111111111 0.013541666666666667 0.03888888888888889
3 0.646875 0.5583333333333333 0.013541666666666667 0.03680555555555556
1 0.7692708333333333 0.13958333333333334 0.030208333333333334 0.022222222222222223
1 0.6598958333333333 0.30625 0.030208333333333334 0.018055555555555554
1 0.7057291666666666 0.3159722222222222 0.030208333333333334 0.01875
1 0.7708333333333334 0.3236111111111111 0.030208333333333334 0.01875
1 0.8072916666666666 0.28888888888888886 0.028645833333333332 0.01875
3 0.7578125 0.26319444444444445 0.03125 0.022222222222222223
3 0.8130208333333333 0.33402777777777776 0.027083333333333334 0.017361111111111112
3 0.4875 0.1597222222222222 0.03229166666666667 0.02361111111111111
1 0.290625 0.975 0.011458333333333333 0.035416666666666666
1 0.4354166666666667 0.9881944444444445 0.014583333333333334 0.02361111111111111
1 0.4744791666666667 0.9902777777777778 0.016666666666666666 0.01875
1 0.915625 0.98125 0.01875 0.03680555555555556
1 0.37135416666666665 0.6229166666666667 0.0140625 0.041666666666666664
1 0.3890625 0.6256944444444444 0.0140625 0.04375
1 0.4078125 0.6270833333333333 0.0140625 0.043055555555555555
3 0.425 0.63125 0.013020833333333334 0.03263888888888889
3 0.44166666666666665 0.6340277777777777 0.0140625 0.04027777777777778
3 0.4890625 0.6395833333333333 0.0140625 0.04097222222222222
2 0.4703125 0.6388888888888888 0.013541666666666667 0.03611111111111111
3 0.5588541666666667 0.6493055555555556 0.013541666666666667 0.03819444444444445
3 0.6213541666666667 0.6611111111111111 0.0140625 0.03680555555555556
3 0.7067708333333333 0.6729166666666667 0.013541666666666667 0.03125
3 0.7817708333333333 0.6965277777777777 0.016666666666666666 0.035416666666666666
3 0.6557291666666667 0.6659722222222222 0.015625 0.044444444444444446
1 0.6390625 0.6638888888888889 0.015625 0.041666666666666664
2 0.8078125 0.5861111111111111 0.022916666666666665 0.058333333333333334
2 0.91875 0.16875 0.04635416666666667 0.03125
1 0.59375 0.6506944444444445 0.01875 0.04791666666666667
3 0.878125 0.3326388888888889 0.0265625 0.022222222222222223
2 0.8671875 0.3902777777777778 0.019791666666666666 0.058333333333333334