1 0.35625 0.11875 0.013541666666666667 0.03611111111111111
1 0.3609375 0.16527777777777777 0.015104166666666667 0.03888888888888889
1 0.36666666666666664 0.22083333333333333 0.0140625 0.03819444444444445
3 0.31354166666666666 0.3402777777777778 0.025520833333333333 0.013194444444444444
1 0.3953125 0.5319444444444444 0.013541666666666667 0.035416666666666666
2 0.39947916666666666 0.5798611111111112 0.0140625 0.03611111111111111
3 0.4015625 0.6145833333333334 0.0109375 0.02847222222222222
1 0.4041666666666667 0.6590277777777778 0.011458333333333333 0.03819444444444445
1 0.41302083333333334 0.7479166666666667 0.0140625 0.03819444444444445
1 0.6208333333333333 0.85 0.0140625 0.03888888888888889
3 0.6322916666666667 0.8263888888888888 0.0140625 0.03611111111111111
1 0.6234375 0.7541666666666667 0.01875 0.04027777777777778
1 0.6666666666666666 0.6763888888888889 0.025520833333333333 0.015277777777777777
1 0.6911458333333333 0.6798611111111111 0.025 0.018055555555555554
1 0.7348958333333333 0.6840277777777778 0.027604166666666666 0.02013888888888889
1 0.7697916666666667 0.6888888888888889 0.0265625 0.02013888888888889
1 0.8364583333333333 0.7402777777777778 0.025520833333333333 0.018055555555555554
1 0.8333333333333334 0.7013888888888888 0.029166666666666667 0.018055555555555554
1 0.9052083333333333 0.7138888888888889 0.025 0.01597222222222222
1 0.8911458333333333 0.7520833333333333 0.0265625 0.017361111111111112
1 0.9234375 0.75625 0.029166666666666667 0.01875
1 0.9322916666666666 0.7173611111111111 0.0234375 0.01875
1 0.7125 0.6527777777777778 0.027604166666666666 0.01597222222222222
3 0.7125 0.59375 0.015104166666666667 0.04097222222222222
1 0.7552083333333334 0.5993055555555555 0.011979166666666667 0.035416666666666666
1 0.5822916666666667 0.4736111111111111 0.015625 0.03819444444444445
1 0.6265625 0.5319444444444444 0.013541666666666667 0.03680555555555556
1 0.6421875 0.5291666666666667 0.013020833333333334 0.03680555555555556
1 0.6947916666666667 0.4097222222222222 0.028645833333333332 0.018055555555555554
1 0.7244791666666667 0.41458333333333336 0.025520833333333333 0.01875
1 0.7796875 0.4236111111111111 0.029166666666666667 0.018055555555555554
3 0.8098958333333334 0.42916666666666664 0.027083333333333334 0.018055555555555554
1 0.8697916666666666 0.4388888888888889 0.025520833333333333 0.018055555555555554
1 0.9052083333333333 0.4444444444444444 0.016666666666666666 0.035416666666666666
1 0.953125 0.4534722222222222 0.027604166666666666 0.018055555555555554
1 0.6119791666666666 0.3416666666666667 0.022395833333333334 0.017361111111111112
1 0.6145833333333334 0.325 0.0265625 0.01597222222222222
1 0.6135416666666667 0.30277777777777776 0.027083333333333334 0.01875
3 0.6177083333333333 0.2798611111111111 0.0265625 0.022222222222222223
3 0.6072916666666667 0.2569444444444444 0.030208333333333334 0.01875
3 0.609375 0.2375 0.027083333333333334 0.01597222222222222
3 0.6125 0.20902777777777778 0.019270833333333334 0.01597222222222222
1 0.6833333333333333 0.08611111111111111 0.027604166666666666 0.02013888888888889
2 0.5619791666666667 0.13819444444444445 0.01875 0.03611111111111111