2 0.36302083333333335 0.5777777777777777 0.07447916666666667 0.1361111111111111
2 0.7552083333333334 0.6465277777777778 0.065625 0.12569444444444444
2 0.5973958333333333 0.2861111111111111 0.021354166666666667 0.044444444444444446
1 0.4666666666666667 0.6416666666666667 0.034375 0.07708333333333334
1 0.5083333333333333 0.7326388888888888 0.0328125 0.09236111111111112
1 0.59375 0.8166666666666667 0.029166666666666667 0.06458333333333334
1 0.49166666666666664 0.47291666666666665 0.021354166666666667 0.052083333333333336
1 0.4010416666666667 0.4791666666666667 0.025 0.03958333333333333
1 0.43020833333333336 0.5111111111111111 0.024479166666666666 0.049305555555555554
1 0.46770833333333334 0.3798611111111111 0.019791666666666666 0.03194444444444444
1 0.5197916666666667 0.31180555555555556 0.015625 0.03194444444444444
1 0.5447916666666667 0.3125 0.016666666666666666 0.03333333333333333
1 0.4942708333333333 0.2798611111111111 0.0140625 0.024305555555555556
1 0.5276041666666667 0.2652777777777778 0.013020833333333334 0.022916666666666665
1 0.5354166666666667 0.2388888888888889 0.0109375 0.02013888888888889
1 0.5541666666666667 0.2298611111111111 0.013020833333333334 0.02013888888888889
1 0.5119791666666667 0.2222222222222222 0.0109375 0.018055555555555554
1 0.50625 0.175 0.007291666666666667 0.015277777777777777
1 0.5151041666666667 0.19236111111111112 0.0078125 0.016666666666666666
1 0.5390625 0.19166666666666668 0.008333333333333333 0.015277777777777777
1 0.5328125 0.15069444444444444 0.007291666666666667 0.013888888888888888
1 0.5140625 0.14652777777777778 0.00625 0.013888888888888888
1 0.5026041666666666 0.13680555555555557 0.007291666666666667 0.0125
1 0.4984375 0.12222222222222222 0.005729166666666666 0.011111111111111112
1 0.5078125 0.12569444444444444 0.004166666666666667 0.010416666666666666
1 0.5234375 0.1284722222222222 0.00625 0.010416666666666666
1 0.5270833333333333 0.13819444444444445 0.005729166666666666 0.0125
1 0.534375 0.13333333333333333 0.005729166666666666 0.0125
1 0.5244791666666667 0.11180555555555556 0.0026041666666666665 0.010416666666666666
1 0.5171875 0.11319444444444444 0.005729166666666666 0.015277777777777777
2 0.5697916666666667 0.4888888888888889 0.027604166666666666 0.05694444444444444
1 0.8072916666666666 0.5958333333333333 0.029166666666666667 0.049305555555555554
0 0.4421875 0.3451388888888889 0.0359375 0.09166666666666666
2 0.46510416666666665 0.29305555555555557 0.019270833333333334 0.04027777777777778
3 0.010416666666666666 0.2673611111111111 0.017708333333333333 0.013888888888888888
3 0.023958333333333335 0.2625 0.017708333333333333 0.0125
3 0.011979166666666667 0.25069444444444444 0.015104166666666667 0.011111111111111112
3 0.0375 0.2590277777777778 0.015104166666666667 0.0125
1 0.04375 0.25763888888888886 0.011979166666666667 0.010416666666666666
1 0.04739583333333333 0.2548611111111111 0.0171875 0.0125
1 0.05572916666666667 0.25 0.013020833333333334 0.0125
1 0.0609375 0.24722222222222223 0.011979166666666667 0.0125
1 0.0796875 0.23541666666666666 0.016666666666666666 0.011111111111111112
1 0.06666666666666667 0.24444444444444444 0.0171875 0.011111111111111112
1 0.1671875 0.29375 0.022916666666666665 0.016666666666666666
1 0.12447916666666667 0.29583333333333334 0.01875 0.015277777777777777