3 0.521875 0.8840277777777777 0.03802083333333333 0.08472222222222223
0 0.571875 0.8833333333333333 0.10364583333333334 0.23125
1 0.5994791666666667 0.6506944444444445 0.03854166666666667 0.09652777777777778
1 0.7369791666666666 0.7465277777777778 0.042708333333333334 0.11319444444444444
1 0.7697916666666667 0.6451388888888889 0.05572916666666667 0.09791666666666667
2 0.8354166666666667 0.5347222222222222 0.08489583333333334 0.1736111111111111
2 0.9359375 0.45069444444444445 0.12760416666666666 0.2465277777777778
2 0.9197916666666667 0.35138888888888886 0.12864583333333332 0.21805555555555556
2 0.8895833333333333 0.28402777777777777 0.09791666666666667 0.19027777777777777
1 0.9630208333333333 0.06875 0.05625 0.08402777777777778
1 0.9791666666666666 0.029861111111111113 0.041666666666666664 0.059722222222222225
3 0.859375 0.024305555555555556 0.0359375 0.04791666666666667
3 0.8104166666666667 0.030555555555555555 0.036458333333333336 0.06111111111111111
1 0.7515625 0.19652777777777777 0.044270833333333336 0.09930555555555555
1 0.7802083333333333 0.2375 0.0515625 0.10694444444444444
1 0.71875 0.4409722222222222 0.0484375 0.1076388888888889
1 0.6776041666666667 0.42083333333333334 0.040625 0.09791666666666667
3 0.4234375 0.6118055555555556 0.040625 0.09652777777777778