3 0.5296875 0.8083333333333333 0.049479166666666664 0.10694444444444444
1 0.55625 0.8381944444444445 0.036458333333333336 0.0798611111111111
1 0.578125 0.8694444444444445 0.0421875 0.08888888888888889
2 0.6005208333333333 0.9138888888888889 0.06979166666666667 0.15486111111111112
1 0.6255208333333333 0.9368055555555556 0.04635416666666667 0.09166666666666666
1 0.6552083333333333 0.9548611111111112 0.041666666666666664 0.0875
1 0.6796875 0.9756944444444444 0.03229166666666667 0.04583333333333333
1 0.7541666666666667 0.98125 0.028645833333333332 0.035416666666666666
1 0.7427083333333333 0.7770833333333333 0.025 0.11041666666666666
1 0.6546875 0.6458333333333334 0.0578125 0.050694444444444445
1 0.6484375 0.5972222222222222 0.04635416666666667 0.03958333333333333
1 0.6447916666666667 0.5493055555555556 0.05260416666666667 0.043055555555555555
3 0.64375 0.5 0.05260416666666667 0.04027777777777778
0 0.7348958333333333 0.5326388888888889 0.025520833333333333 0.09791666666666667
1 0.71875 0.35 0.027604166666666666 0.09375
1 0.6791666666666667 0.25 0.050520833333333334 0.08888888888888889
1 0.7088541666666667 0.08541666666666667 0.0234375 0.09027777777777778
1 0.6802083333333333 0.09375 0.025 0.09375
1 0.6546875 0.08958333333333333 0.022395833333333334 0.0875
1 0.6286458333333333 0.09166666666666666 0.025520833333333333 0.08888888888888889
1 0.5994791666666667 0.09305555555555556 0.024479166666666666 0.09236111111111112
1 0.5729166666666666 0.09236111111111112 0.022916666666666665 0.08611111111111111
1 0.5453125 0.09583333333333334 0.0234375 0.1
1 0.5171875 0.07013888888888889 0.027083333333333334 0.11041666666666666
1 0.49270833333333336 0.10069444444444445 0.022916666666666665 0.08263888888888889
2 0.37916666666666665 0.24513888888888888 0.059375 0.13194444444444445
1 0.48385416666666664 0.675 0.052083333333333336 0.058333333333333334
1 0.49166666666666664 0.7256944444444444 0.05 0.06111111111111111
1 0.24166666666666667 0.32708333333333334 0.034375 0.10277777777777777
1 0.2869791666666667 0.10694444444444444 0.036458333333333336 0.10138888888888889