2 0.17604166666666668 0.5763888888888888 0.08229166666666667 0.058333333333333334
2 0.4921875 0.5902777777777778 0.0484375 0.06388888888888888
2 0.7145833333333333 0.8541666666666666 0.090625 0.10694444444444444
2 0.8125 0.9590277777777778 0.09166666666666666 0.08194444444444444
2 0.28489583333333335 0.5048611111111111 0.08802083333333334 0.06319444444444444
2 0.5046875 0.4263888888888889 0.049479166666666664 0.03888888888888889
2 0.6817708333333333 0.6965277777777777 0.034895833333333334 0.03611111111111111
1 0.5796875 0.7048611111111112 0.027604166666666666 0.030555555555555555
1 0.6515625 0.7951388888888888 0.0359375 0.03819444444444445
1 0.6151041666666667 0.7451388888888889 0.028645833333333332 0.035416666666666666
1 0.53125 0.6402777777777777 0.0234375 0.025
3 0.6 0.5916666666666667 0.0171875 0.01875
1 0.5578125 0.6701388888888888 0.022916666666666665 0.02847222222222222
2 0.11510416666666666 0.5659722222222222 0.09479166666666666 0.06111111111111111
2 0.1703125 0.5673611111111111 0.08802083333333334 0.04791666666666667
2 0.084375 0.6208333333333333 0.07447916666666667 0.05347222222222222
1 0.041666666666666664 0.6284722222222222 0.029166666666666667 0.020833333333333332
1 0.40625 0.4701388888888889 0.01875 0.01597222222222222
1 0.4119791666666667 0.4076388888888889 0.009895833333333333 0.009722222222222222
1 0.3692708333333333 0.39861111111111114 0.013020833333333334 0.006944444444444444
3 0.3984375 0.4166666666666667 0.011979166666666667 0.010416666666666666
3 0.37864583333333335 0.37777777777777777 0.008333333333333333 0.008333333333333333
3 0.36041666666666666 0.3840277777777778 0.011979166666666667 0.009722222222222222
1 0.3671875 0.3923611111111111 0.0140625 0.009722222222222222
1 0.36354166666666665 0.3888888888888889 0.009895833333333333 0.009722222222222222
1 0.35625 0.3840277777777778 0.011979166666666667 0.007638888888888889
1 0.38333333333333336 0.37916666666666665 0.008333333333333333 0.007638888888888889
1 0.49375 0.40694444444444444 0.0078125 0.009722222222222222
1 0.48541666666666666 0.40555555555555556 0.00625 0.011111111111111112
1 0.47552083333333334 0.4076388888888889 0.007291666666666667 0.011111111111111112
1 0.45625 0.4097222222222222 0.005729166666666666 0.009722222222222222
1 0.5151041666666667 0.4041666666666667 0.009375 0.008333333333333333
1 0.5010416666666667 0.39166666666666666 0.0109375 0.007638888888888889
1 0.4864583333333333 0.3951388888888889 0.009895833333333333 0.009722222222222222
1 0.49375 0.39305555555555555 0.009375 0.009722222222222222
1 0.4791666666666667 0.3958333333333333 0.009895833333333333 0.010416666666666666
3 0.5255208333333333 0.40069444444444446 0.00625 0.010416666666666666
3 0.5083333333333333 0.3888888888888889 0.009895833333333333 0.010416666666666666
3 0.5130208333333334 0.3854166666666667 0.009375 0.010416666666666666
1 0.5567708333333333 0.4131944444444444 0.011979166666666667 0.009722222222222222
1 0.4661458333333333 0.40902777777777777 0.0078125 0.010416666666666666
1 0.5890625 0.42083333333333334 0.009895833333333333 0.007638888888888889
1 0.5760416666666667 0.4 0.0078125 0.007638888888888889
1 0.5848958333333333 0.40069444444444446 0.008333333333333333 0.009722222222222222
1 0.828125 0.9048611111111111 0.050520833333333334 0.059027777777777776
1 0.7739583333333333 0.8409722222222222 0.027604166666666666 0.05347222222222222
2 0.013020833333333334 0.3590277777777778 0.026041666666666668 0.018055555555555554
2 0.09114583333333333 0.34444444444444444 0.036458333333333336 0.01597222222222222
2 0.08958333333333333 0.35138888888888886 0.027604166666666666 0.013194444444444444
2 0.2140625 0.375 0.0109375 0.02013888888888889
0 0.24479166666666666 0.32222222222222224 0.011979166666666667 0.015277777777777777
1 0.21927083333333333 0.34305555555555556 0.011458333333333333 0.007638888888888889
2 0.18125 0.35833333333333334 0.0078125 0.011111111111111112