3 0.4270833333333333 0.5319444444444444 0.009895833333333333 0.03333333333333333
3 0.3890625 0.5868055555555556 0.027083333333333334 0.024305555555555556
3 0.4869791666666667 0.5090277777777777 0.0109375 0.030555555555555555
3 0.4901041666666667 0.3645833333333333 0.00625 0.016666666666666666
3 0.45260416666666664 0.34097222222222223 0.008333333333333333 0.016666666666666666
3 0.4901041666666667 0.32916666666666666 0.00625 0.013888888888888888
0 0.4765625 0.19027777777777777 0.007291666666666667 0.02013888888888889
0 0.5135416666666667 0.1951388888888889 0.007291666666666667 0.03333333333333333
0 0.47760416666666666 0.34444444444444444 0.009895833333333333 0.041666666666666664
0 0.5515625 0.44166666666666665 0.0140625 0.06319444444444444
0 0.4119791666666667 0.8743055555555556 0.030729166666666665 0.15208333333333332
3 0.4734375 0.9194444444444444 0.0171875 0.05486111111111111
1 0.47552083333333334 0.4048611111111111 0.0078125 0.02013888888888889
1 0.4890625 0.3972222222222222 0.009375 0.02013888888888889
1 0.5145833333333333 0.2951388888888889 0.00625 0.013888888888888888
1 0.50625 0.20625 0.005208333333333333 0.011111111111111112
1 0.48333333333333334 0.3 0.005208333333333333 0.013888888888888888
1 0.45625 0.30694444444444446 0.007291666666666667 0.010416666666666666
1 0.46197916666666666 0.27152777777777776 0.004166666666666667 0.0125
1 0.4708333333333333 0.2534722222222222 0.00625 0.011111111111111112
0 0.5416666666666666 0.30625 0.009895833333333333 0.041666666666666664