1 0.12083333333333333 0.3715277777777778 0.05572916666666667 0.15
1 0.10052083333333334 0.6611111111111111 0.05260416666666667 0.1701388888888889
1 0.3619791666666667 0.7486111111111111 0.0609375 0.1701388888888889
1 0.7427083333333333 0.9444444444444444 0.06666666666666667 0.10902777777777778
1 0.8833333333333333 0.9291666666666667 0.09635416666666667 0.13958333333333334
1 0.9453125 0.9013888888888889 0.10052083333333334 0.19444444444444445
3 0.6744791666666666 0.9395833333333333 0.07552083333333333 0.11805555555555555
1 0.975 0.8680555555555556 0.05 0.24166666666666667
2 0.9411458333333333 0.5895833333333333 0.11770833333333333 0.32083333333333336
2 0.90625 0.6215277777777778 0.16197916666666667 0.3020833333333333
2 0.6895833333333333 0.6986111111111111 0.125 0.2902777777777778
2 0.5796875 0.225 0.09375 0.2423611111111111
2 0.690625 0.1763888888888889 0.09010416666666667 0.2513888888888889
2 0.7484375 0.16180555555555556 0.09427083333333333 0.25277777777777777
2 0.7880208333333333 0.12708333333333333 0.08229166666666667 0.20555555555555555
2 0.8416666666666667 0.10486111111111111 0.07708333333333334 0.20416666666666666
2 0.8958333333333334 0.09861111111111111 0.08697916666666666 0.19652777777777777
2 0.9541666666666667 0.09305555555555556 0.09166666666666666 0.1840277777777778
1 0.29270833333333335 0.7951388888888888 0.0578125 0.21944444444444444
1 0.225 0.8208333333333333 0.0671875 0.2361111111111111
1 0.14739583333333334 0.8548611111111111 0.07447916666666667 0.25277777777777777
1 0.08177083333333333 0.8597222222222223 0.06354166666666666 0.2375
1 0.26614583333333336 0.29583333333333334 0.05520833333333333 0.1597222222222222
1 0.21927083333333333 0.58125 0.07135416666666666 0.2465277777777778
3 0.28125 0.5597222222222222 0.07864583333333333 0.2361111111111111
3 0.06510416666666667 0.36319444444444443 0.06302083333333333 0.18541666666666667
1 0.020833333333333332 0.39861111111111114 0.041666666666666664 0.15208333333333332
1 0.022916666666666665 0.9006944444444445 0.04583333333333333 0.19652777777777777