3 0.008333333333333333 0.03958333333333333 0.016666666666666666 0.0375
0 0.033854166666666664 0.1909722222222222 0.05364583333333333 0.09791666666666667
0 0.04583333333333333 0.2111111111111111 0.049479166666666664 0.09791666666666667
0 0.044270833333333336 0.26319444444444445 0.03697916666666667 0.06736111111111111
1 0.13125 0.16111111111111112 0.01875 0.03819444444444445
3 0.14947916666666666 0.12708333333333333 0.01875 0.035416666666666666
3 0.16666666666666666 0.08819444444444445 0.0171875 0.034027777777777775
0 0.1234375 0.9770833333333333 0.03229166666666667 0.043055555555555555
1 0.15052083333333333 0.9347222222222222 0.020833333333333332 0.041666666666666664
1 0.21510416666666668 0.9743055555555555 0.020833333333333332 0.04027777777777778
3 0.17135416666666667 0.8868055555555555 0.021354166666666667 0.04027777777777778
3 0.19895833333333332 0.8861111111111111 0.019270833333333334 0.041666666666666664
3 0.41458333333333336 0.9736111111111111 0.019270833333333334 0.04027777777777778
1 0.4609375 0.9881944444444445 0.017708333333333333 0.021527777777777778
3 0.9197916666666667 0.9416666666666667 0.011979166666666667 0.043055555555555555
1 0.9036458333333334 0.9298611111111111 0.011458333333333333 0.03333333333333333
3 0.9109375 0.9784722222222222 0.013020833333333334 0.04027777777777778
1 0.6552083333333333 0.7631944444444444 0.011458333333333333 0.034027777777777775
1 0.7177083333333333 0.8284722222222223 0.013541666666666667 0.043055555555555555
3 0.70625 0.7618055555555555 0.0109375 0.03680555555555556
0 0.7046875 0.7027777777777777 0.013541666666666667 0.06875
1 0.6770833333333334 0.5326388888888889 0.011458333333333333 0.041666666666666664
1 0.7041666666666667 0.5652777777777778 0.009895833333333333 0.03958333333333333
1 0.7026041666666667 0.6319444444444444 0.009895833333333333 0.043055555555555555
3 0.70625 0.50625 0.011458333333333333 0.04027777777777778
0 0.7135416666666666 0.41597222222222224 0.015625 0.06875
1 0.6890625 0.33541666666666664 0.011458333333333333 0.041666666666666664
1 0.7390625 0.007638888888888889 0.0109375 0.015277777777777777
2 0.5895833333333333 0.15347222222222223 0.020833333333333332 0.06875
1 0.5401041666666667 0.09236111111111112 0.013020833333333334 0.035416666666666666
1 0.5088541666666667 0.07708333333333334 0.013541666666666667 0.029166666666666667
1 0.49270833333333336 0.15069444444444444 0.016666666666666666 0.03819444444444445
3 0.50625 0.23680555555555555 0.0140625 0.03680555555555556
1 0.5635416666666667 0.37083333333333335 0.013020833333333334 0.04027777777777778
0 0.5776041666666667 0.4263888888888889 0.0171875 0.06875
1 0.5140625 0.5430555555555555 0.013541666666666667 0.04027777777777778
3 0.4666666666666667 0.8368055555555556 0.015625 0.03958333333333333
3 0.43125 0.6340277777777777 0.017708333333333333 0.044444444444444446
1 0.39895833333333336 0.6583333333333333 0.017708333333333333 0.043055555555555555
3 0.3489583333333333 0.7319444444444444 0.017708333333333333 0.03819444444444445
3 0.3572916666666667 0.7756944444444445 0.019791666666666666 0.041666666666666664
3 0.30572916666666666 0.6493055555555556 0.019791666666666666 0.03958333333333333
3 0.43697916666666664 0.5229166666666667 0.0140625 0.03819444444444445
3 0.31302083333333336 0.5111111111111111 0.020833333333333332 0.03819444444444445
3 0.3223958333333333 0.55 0.01875 0.03680555555555556
3 0.4739583333333333 0.3715277777777778 0.015104166666666667 0.03819444444444445
3 0.46145833333333336 0.3597222222222222 0.0140625 0.034027777777777775
3 0.44479166666666664 0.22708333333333333 0.016666666666666666 0.030555555555555555
3 0.3671875 0.3 0.021354166666666667 0.034027777777777775
1 0.3880208333333333 0.3541666666666667 0.019270833333333334 0.035416666666666666
2 0.31927083333333334 0.29097222222222224 0.022916666666666665 0.041666666666666664
1 0.33229166666666665 0.3194444444444444 0.019270833333333334 0.03194444444444444
1 0.34739583333333335 0.1361111111111111 0.016666666666666666 0.03680555555555556
1 0.37916666666666665 0.11458333333333333 0.0171875 0.03680555555555556
3 0.3890625 0.13472222222222222 0.017708333333333333 0.04027777777777778
3 0.39739583333333334 0.15069444444444444 0.019270833333333334 0.03680555555555556
2 0.4166666666666667 0.025694444444444443 0.0359375 0.050694444444444445
3 0.44166666666666665 0.06527777777777778 0.0109375 0.03958333333333333
3 0.45260416666666664 0.04652777777777778 0.011458333333333333 0.041666666666666664
3 0.46197916666666666 0.02013888888888889 0.009895833333333333 0.04027777777777778
1 0.471875 0.007638888888888889 0.00625 0.015277777777777777