1 0.44583333333333336 0.73125 0.009895833333333333 0.035416666666666666
1 0.4348958333333333 0.65 0.011458333333333333 0.04027777777777778
1 0.4505208333333333 0.5923611111111111 0.009375 0.04027777777777778
2 0.44583333333333336 0.36736111111111114 0.015625 0.07013888888888889
2 0.4625 0.3458333333333333 0.015104166666666667 0.07013888888888889
1 0.48489583333333336 0.3284722222222222 0.009895833333333333 0.035416666666666666
1 0.5229166666666667 0.21597222222222223 0.0171875 0.027777777777777776
1 0.4890625 0.13958333333333334 0.009895833333333333 0.04027777777777778
1 0.5041666666666667 0.14027777777777778 0.009375 0.03958333333333333
1 0.5052083333333334 0.0763888888888889 0.009375 0.03819444444444445
1 0.4895833333333333 0.04722222222222222 0.009375 0.035416666666666666
1 0.6041666666666666 0.28958333333333336 0.0234375 0.018055555555555554
1 0.6505208333333333 0.3236111111111111 0.0171875 0.022916666666666665
1 0.6932291666666667 0.5118055555555555 0.0109375 0.03958333333333333
1 0.6927083333333334 0.6701388888888888 0.0109375 0.04027777777777778
1 0.690625 0.7152777777777778 0.011458333333333333 0.041666666666666664
1 0.6895833333333333 0.8048611111111111 0.0109375 0.043055555555555555
1 0.6895833333333333 0.8638888888888889 0.0109375 0.04583333333333333
1 0.6880208333333333 0.9583333333333334 0.011979166666666667 0.04583333333333333
0 0.40520833333333334 0.8923611111111112 0.019270833333333334 0.10902777777777778
3 0.19270833333333334 0.26180555555555557 0.03125 0.024305555555555556
1 0.23229166666666667 0.3125 0.019791666666666666 0.01875
1 0.8052083333333333 0.3861111111111111 0.0265625 0.034027777777777775
0 0.6572916666666667 0.7305555555555555 0.015104166666666667 0.10277777777777777
0 0.6552083333333333 0.8944444444444445 0.013020833333333334 0.10694444444444444