1 0.2869791666666667 0.9729166666666667 0.0609375 0.052083333333333336
3 0.15625 0.7125 0.04895833333333333 0.059027777777777776
2 0.021875 0.7388888888888889 0.04375 0.075
1 0.3380208333333333 0.42083333333333334 0.0265625 0.022916666666666665
1 0.35104166666666664 0.3194444444444444 0.0265625 0.02013888888888889
1 0.390625 0.2861111111111111 0.019791666666666666 0.021527777777777778
3 0.5661458333333333 0.3125 0.018229166666666668 0.022222222222222223
1 0.5302083333333333 0.2923611111111111 0.013020833333333334 0.01875
3 0.5453125 0.2791666666666667 0.0140625 0.022222222222222223
1 0.55625 0.27291666666666664 0.0125 0.016666666666666666
1 0.60625 0.23472222222222222 0.0125 0.014583333333333334
1 0.6369791666666667 0.20972222222222223 0.011979166666666667 0.013194444444444444
1 0.6458333333333334 0.20208333333333334 0.009895833333333333 0.014583333333333334
1 0.56875 0.5 0.017708333333333333 0.024305555555555556
1 0.421875 0.28055555555555556 0.011979166666666667 0.01597222222222222
1 0.37604166666666666 0.2826388888888889 0.010416666666666666 0.01875
1 0.3489583333333333 0.2965277777777778 0.0171875 0.01597222222222222
1 0.3265625 0.2833333333333333 0.018229166666666668 0.01597222222222222
1 0.09479166666666666 0.21180555555555555 0.015625 0.01597222222222222