1 0.4578125 0.016666666666666666 0.030208333333333334 0.03194444444444444
1 0.5041666666666667 0.020833333333333332 0.04583333333333333 0.041666666666666664
3 0.5317708333333333 0.07013888888888889 0.026041666666666668 0.0625
1 0.425 0.041666666666666664 0.0390625 0.06319444444444444
1 0.47291666666666665 0.12777777777777777 0.03854166666666667 0.07152777777777777
1 0.5177083333333333 0.10972222222222222 0.0421875 0.06944444444444445
3 0.428125 0.17291666666666666 0.04375 0.05694444444444444
3 0.5005208333333333 0.20833333333333334 0.04791666666666667 0.07083333333333333
3 0.39791666666666664 0.19375 0.052083333333333336 0.059027777777777776
1 0.3671875 0.22777777777777777 0.05364583333333333 0.05763888888888889
1 0.34739583333333335 0.2673611111111111 0.0515625 0.06458333333333334
1 0.4609375 0.2423611111111111 0.05416666666666667 0.058333333333333334
1 0.4296875 0.3 0.05625 0.05277777777777778
1 0.4625 0.39444444444444443 0.059375 0.03888888888888889
1 0.4828125 0.5048611111111111 0.041666666666666664 0.07847222222222222
1 0.246875 0.9493055555555555 0.0359375 0.052083333333333336
3 0.39427083333333335 0.9659722222222222 0.040625 0.06805555555555555
1 0.428125 0.8861111111111111 0.03958333333333333 0.08888888888888889
1 0.49583333333333335 0.9611111111111111 0.04375 0.07777777777777778
1 0.45625 0.7715277777777778 0.04375 0.08680555555555555
1 0.5567708333333333 0.7520833333333333 0.041666666666666664 0.09027777777777778
3 0.4354166666666667 0.6625 0.05364583333333333 0.09027777777777778
1 0.4864583333333333 0.6722222222222223 0.034895833333333334 0.0798611111111111
1 0.5307291666666667 0.6416666666666667 0.0375 0.08680555555555555
3 0.5609375 0.6527777777777778 0.0421875 0.09236111111111112
1 0.5166666666666667 0.5736111111111111 0.04010416666666667 0.08263888888888889
1 0.5510416666666667 0.55 0.0359375 0.08263888888888889
1 0.5385416666666667 0.45555555555555555 0.035416666666666666 0.07916666666666666
1 0.575 0.44722222222222224 0.030729166666666665 0.07847222222222222
1 0.6078125 0.4409722222222222 0.030729166666666665 0.07569444444444444
1 0.6203125 0.5173611111111112 0.0359375 0.0763888888888889
3 0.6583333333333333 0.5243055555555556 0.0359375 0.08263888888888889
3 0.86875 0.8013888888888889 0.0359375 0.08472222222222223
3 0.8822916666666667 0.8708333333333333 0.059895833333333336 0.075
3 0.9109375 0.5409722222222222 0.06145833333333333 0.05555555555555555
1 0.9895833333333334 0.5263888888888889 0.0203125 0.05625
3 0.7739583333333333 0.525 0.07604166666666666 0.05138888888888889
1 0.8 0.4701388888888889 0.0640625 0.0375
3 0.740625 0.4263888888888889 0.05677083333333333 0.04375
1 0.5421875 0.3013888888888889 0.03125 0.07708333333333334
1 0.5734375 0.3194444444444444 0.027604166666666666 0.07777777777777778
1 0.640625 0.32916666666666666 0.034895833333333334 0.075
3 0.7104166666666667 0.3229166666666667 0.03802083333333333 0.07569444444444444
1 0.5723958333333333 0.15694444444444444 0.03802083333333333 0.07708333333333334
3 0.6 0.10277777777777777 0.03958333333333333 0.06527777777777778
1 0.6114583333333333 0.18958333333333333 0.03697916666666667 0.075
1 0.6447916666666667 0.08819444444444445 0.03229166666666667 0.07222222222222222
3 0.6729166666666667 0.011805555555555555 0.022916666666666665 0.02361111111111111
1 0.6572916666666667 0.16111111111111112 0.04895833333333333 0.06736111111111111
3 0.9791666666666666 0.3013888888888889 0.040625 0.06319444444444444
3 0.9473958333333333 0.24027777777777778 0.0515625 0.07152777777777777
3 0.890625 0.19027777777777777 0.0453125 0.06041666666666667
2 0.9119791666666667 0.20972222222222223 0.06145833333333333 0.07291666666666667