1 0.45625 0.8326388888888889 0.035416666666666666 0.049305555555555554
1 0.3067708333333333 0.5986111111111111 0.04583333333333333 0.04652777777777778
1 0.3140625 0.4576388888888889 0.0234375 0.05277777777777778
1 0.278125 0.4305555555555556 0.03802083333333333 0.03819444444444445
1 0.2546875 0.31180555555555556 0.034895833333333334 0.03611111111111111
1 0.2046875 0.13125 0.021875 0.03611111111111111
1 0.8135416666666667 0.46944444444444444 0.03697916666666667 0.04097222222222222
1 0.7432291666666667 0.5090277777777777 0.034375 0.041666666666666664
1 0.7296875 0.48333333333333334 0.03333333333333333 0.04236111111111111
1 0.740625 0.3625 0.030208333333333334 0.035416666666666666
1 0.7057291666666666 0.31666666666666665 0.03229166666666667 0.030555555555555555
1 0.6453125 0.2423611111111111 0.030208333333333334 0.029861111111111113
1 0.5875 0.15763888888888888 0.026041666666666668 0.024305555555555556
3 0.5807291666666666 0.14305555555555555 0.021875 0.022222222222222223
1 0.5614583333333333 0.03125 0.020833333333333332 0.01875
1 0.5395833333333333 0.03680555555555556 0.020833333333333332 0.019444444444444445