0 0.1078125 0.2465277777777778 0.05 0.1111111111111111
0 0.16354166666666667 0.24722222222222223 0.0484375 0.10555555555555556
0 0.23333333333333334 0.17916666666666667 0.0578125 0.09513888888888888
0 0.15416666666666667 0.16944444444444445 0.08489583333333334 0.09722222222222222
0 0.290625 0.19027777777777777 0.04583333333333333 0.10833333333333334
0 0.33229166666666665 0.19236111111111112 0.0390625 0.10277777777777777
0 0.3151041666666667 0.04375 0.034375 0.07222222222222222
0 0.3140625 0.30416666666666664 0.0921875 0.14930555555555555
0 0.3765625 0.05138888888888889 0.028645833333333332 0.06319444444444444
0 0.3463541666666667 0.04027777777777778 0.025520833333333333 0.06319444444444444
1 0.45 0.006944444444444444 0.027083333333333334 0.013194444444444444
1 0.44583333333333336 0.03333333333333333 0.015104166666666667 0.020833333333333332
1 0.4734375 0.029861111111111113 0.017708333333333333 0.022222222222222223
1 0.46145833333333336 0.14930555555555555 0.01875 0.03611111111111111
1 0.4510416666666667 0.09930555555555555 0.016666666666666666 0.022222222222222223
1 0.45 0.07916666666666666 0.015625 0.020833333333333332
0 0.47552083333333334 0.22777777777777777 0.04375 0.12222222222222222
0 0.47604166666666664 0.38263888888888886 0.04635416666666667 0.15694444444444444
2 0.95625 0.11180555555555556 0.0359375 0.04097222222222222
1 0.9291666666666667 0.11597222222222223 0.020833333333333332 0.03125
3 0.9166666666666666 0.11458333333333333 0.019270833333333334 0.025
2 0.8796875 0.09652777777777778 0.06354166666666666 0.059027777777777776
3 0.8380208333333333 0.1076388888888889 0.03802083333333333 0.02638888888888889
3 0.903125 0.5930555555555556 0.08333333333333333 0.05625
1 0.9661458333333334 0.6493055555555556 0.06770833333333333 0.06666666666666667