2 0.5744791666666667 0.7486111111111111 0.03802083333333333 0.075
3 0.4546875 0.7756944444444445 0.03177083333333333 0.06180555555555556
2 0.5708333333333333 0.6916666666666667 0.0265625 0.04861111111111111
2 0.6114583333333333 0.6194444444444445 0.03854166666666667 0.08611111111111111
2 0.61875 0.5597222222222222 0.050520833333333334 0.04236111111111111
3 0.6260416666666667 0.5333333333333333 0.03229166666666667 0.021527777777777778
3 0.6203125 0.5159722222222223 0.024479166666666666 0.01875
1 0.6 0.5430555555555555 0.027604166666666666 0.017361111111111112
1 0.6557291666666667 0.5222222222222223 0.027604166666666666 0.013888888888888888
1 0.6619791666666667 0.5416666666666666 0.03177083333333333 0.011805555555555555
2 0.4375 0.7138888888888889 0.06666666666666667 0.059722222222222225
1 0.478125 0.6347222222222222 0.026041666666666668 0.04097222222222222
1 0.49114583333333334 0.5493055555555556 0.015104166666666667 0.021527777777777778
1 0.4953125 0.5368055555555555 0.013020833333333334 0.018055555555555554
1 0.4953125 0.5229166666666667 0.0125 0.01597222222222222
1 0.496875 0.5097222222222222 0.011458333333333333 0.016666666666666666
3 0.5140625 0.50625 0.013541666666666667 0.016666666666666666
1 0.521875 0.5354166666666667 0.013541666666666667 0.01597222222222222
1 0.5536458333333333 0.5375 0.01875 0.015277777777777777
1 0.5223958333333333 0.44722222222222224 0.013541666666666667 0.008333333333333333
1 0.596875 0.48333333333333334 0.0171875 0.015277777777777777
1 0.56875 0.46805555555555556 0.0078125 0.010416666666666666
1 0.47604166666666664 0.44930555555555557 0.015104166666666667 0.008333333333333333