1 0.6739583333333333 0.8590277777777777 0.04114583333333333 0.07222222222222222
1 0.6109375 0.7458333333333333 0.034895833333333334 0.04513888888888889
1 0.6427083333333333 0.7069444444444445 0.030729166666666665 0.035416666666666666
1 0.225 0.6083333333333333 0.030729166666666665 0.021527777777777778
1 0.2484375 0.5645833333333333 0.017708333333333333 0.015277777777777777
1 0.26666666666666666 0.5625 0.015625 0.013888888888888888
1 0.1828125 0.5715277777777777 0.017708333333333333 0.01597222222222222
1 0.1625 0.5729166666666666 0.01875 0.01597222222222222
1 0.41302083333333334 0.5395833333333333 0.025520833333333333 0.013194444444444444
1 0.4791666666666667 0.5465277777777777 0.024479166666666666 0.013194444444444444
1 0.44375 0.5277777777777778 0.0234375 0.011111111111111112
1 0.50625 0.5347222222222222 0.021875 0.011805555555555555
1 0.48541666666666666 0.5145833333333333 0.021354166666666667 0.010416666666666666
1 0.5541666666666667 0.48333333333333334 0.016666666666666666 0.009722222222222222
1 0.5885416666666666 0.46944444444444444 0.0125 0.007638888888888889
1 0.6786458333333333 0.45625 0.0125 0.00625
1 0.7921875 0.48333333333333334 0.013020833333333334 0.008333333333333333
1 0.8234375 0.4666666666666667 0.007291666666666667 0.007638888888888889
1 0.8911458333333333 0.49236111111111114 0.013020833333333334 0.009027777777777777
1 0.8401041666666667 0.43194444444444446 0.0046875 0.005555555555555556
1 0.8296875 0.4284722222222222 0.0046875 0.00625
1 0.8395833333333333 0.4263888888888889 0.0036458333333333334 0.005555555555555556
1 0.8302083333333333 0.4361111111111111 0.005729166666666666 0.005555555555555556
1 0.821875 0.4375 0.0046875 0.004861111111111111
1 0.7786458333333334 0.43125 0.009895833333333333 0.004166666666666667
1 0.7671875 0.43333333333333335 0.009895833333333333 0.004861111111111111
1 0.728125 0.42986111111111114 0.008854166666666666 0.005555555555555556
1 0.69375 0.45 0.011979166666666667 0.005555555555555556
1 0.665625 0.4625 0.013020833333333334 0.006944444444444444
1 0.6619791666666667 0.46597222222222223 0.015104166666666667 0.008333333333333333
2 0.8713541666666667 0.44166666666666665 0.009895833333333333 0.009722222222222222
2 0.8953125 0.46041666666666664 0.009895833333333333 0.013194444444444444
2 0.9104166666666667 0.48333333333333334 0.014583333333333334 0.015277777777777777
2 0.8010416666666667 0.5027777777777778 0.01875 0.02638888888888889
1 0.6682291666666667 0.49444444444444446 0.010416666666666666 0.009722222222222222
0 0.6375 0.4638888888888889 0.015625 0.01597222222222222
0 0.6046875 0.4597222222222222 0.016666666666666666 0.014583333333333334
1 0.596875 0.49166666666666664 0.018229166666666668 0.009027777777777777
1 0.6015625 0.5354166666666667 0.0234375 0.0125
1 0.5921875 0.5423611111111111 0.0234375 0.014583333333333334
1 0.58125 0.5486111111111112 0.026041666666666668 0.016666666666666666
3 0.5161458333333333 0.5277777777777778 0.021875 0.013194444444444444
1 0.4953125 0.5083333333333333 0.018229166666666668 0.010416666666666666
1 0.36875 0.5513888888888889 0.018229166666666668 0.013194444444444444
1 0.3536458333333333 0.5548611111111111 0.016666666666666666 0.013194444444444444
1 0.325 0.5541666666666667 0.014583333333333334 0.014583333333333334
3 0.228125 0.5659722222222222 0.019270833333333334 0.019444444444444445
1 0.23697916666666666 0.59375 0.01875 0.020833333333333332
1 0.0109375 0.5486111111111112 0.021875 0.0125
1 0.013020833333333334 0.5527777777777778 0.026041666666666668 0.013888888888888888
1 0.016145833333333335 0.6 0.03177083333333333 0.02361111111111111
1 0.009895833333333333 0.5923611111111111 0.019270833333333334 0.01597222222222222
1 0.04635416666666667 0.5611111111111111 0.034375 0.015277777777777777
1 0.08072916666666667 0.5715277777777777 0.033854166666666664 0.015277777777777777
1 0.10364583333333334 0.5784722222222223 0.034375 0.016666666666666666