1 0.030208333333333334 0.034027777777777775 0.009375 0.020833333333333332
1 0.09166666666666666 0.09791666666666667 0.013541666666666667 0.025
1 0.08020833333333334 0.09930555555555555 0.017708333333333333 0.022916666666666665
1 0.044270833333333336 0.1451388888888889 0.013020833333333334 0.02361111111111111
1 0.10989583333333333 0.22361111111111112 0.0171875 0.02013888888888889
1 0.14010416666666667 0.2152777777777778 0.011979166666666667 0.020833333333333332
1 0.165625 0.21666666666666667 0.015625 0.02361111111111111
1 0.20572916666666666 0.21180555555555555 0.0171875 0.02361111111111111
1 0.3020833333333333 0.18541666666666667 0.011458333333333333 0.02638888888888889
1 0.32447916666666665 0.19652777777777777 0.009895833333333333 0.025
1 0.35989583333333336 0.1909722222222222 0.009895833333333333 0.027777777777777776
1 0.3890625 0.18680555555555556 0.009895833333333333 0.022916666666666665
1 0.4005208333333333 0.1840277777777778 0.009895833333333333 0.022916666666666665
1 0.42552083333333335 0.18194444444444444 0.008333333333333333 0.025
1 0.43802083333333336 0.18125 0.009895833333333333 0.02361111111111111
1 0.4484375 0.1763888888888889 0.009895833333333333 0.022916666666666665
1 0.4583333333333333 0.17708333333333334 0.009375 0.025
1 0.371875 0.3034722222222222 0.0078125 0.020833333333333332
1 0.3848958333333333 0.3798611111111111 0.011458333333333333 0.02847222222222222
1 0.40989583333333335 0.3798611111111111 0.011458333333333333 0.02847222222222222
1 0.45729166666666665 0.3736111111111111 0.0109375 0.02638888888888889
1 0.340625 0.3902777777777778 0.013020833333333334 0.02847222222222222
1 0.48333333333333334 0.36944444444444446 0.0109375 0.02847222222222222
1 0.5208333333333334 0.3854166666666667 0.024479166666666666 0.01597222222222222
1 0.5010416666666667 0.45208333333333334 0.022395833333333334 0.022222222222222223
1 0.5369791666666667 0.4111111111111111 0.021354166666666667 0.01597222222222222
1 0.5041666666666667 0.18958333333333333 0.022395833333333334 0.013194444444444444
3 0.5583333333333333 0.029166666666666667 0.011458333333333333 0.03333333333333333
1 0.5723958333333333 0.1361111111111111 0.0109375 0.02638888888888889
1 0.5942708333333333 0.2375 0.011458333333333333 0.027777777777777776
1 0.5734375 0.2861111111111111 0.011458333333333333 0.02361111111111111
1 0.5776041666666667 0.3159722222222222 0.011458333333333333 0.027777777777777776
1 0.58125 0.34652777777777777 0.011458333333333333 0.020833333333333332
2 0.5885416666666666 0.3763888888888889 0.015625 0.043055555555555555
1 0.5932291666666667 0.4166666666666667 0.009375 0.02361111111111111
1 0.5979166666666667 0.45069444444444445 0.011458333333333333 0.029861111111111113
1 0.6015625 0.48541666666666666 0.0109375 0.03263888888888889
1 0.6078125 0.525 0.013020833333333334 0.030555555555555555
1 0.5567708333333333 0.6569444444444444 0.013541666666666667 0.035416666666666666
1 0.5411458333333333 0.6597222222222222 0.013541666666666667 0.03333333333333333
1 0.5265625 0.6611111111111111 0.015104166666666667 0.03611111111111111
1 0.5723958333333333 0.6951388888888889 0.029166666666666667 0.017361111111111112
1 0.5666666666666667 0.7222222222222222 0.0140625 0.03888888888888889
1 0.5510416666666667 0.7284722222222222 0.016666666666666666 0.03819444444444445
1 0.5364583333333334 0.7263888888888889 0.0140625 0.034027777777777775
1 0.31197916666666664 0.7125 0.013541666666666667 0.03611111111111111
1 0.31666666666666665 0.6298611111111111 0.0109375 0.03263888888888889
1 0.3546875 0.6326388888888889 0.0234375 0.027777777777777776
1 0.3572916666666667 0.6777777777777778 0.0265625 0.017361111111111112
1 0.3578125 0.6979166666666666 0.027083333333333334 0.018055555555555554
1 0.38125 0.6736111111111112 0.011979166666666667 0.03611111111111111
1 0.39375 0.6743055555555556 0.011458333333333333 0.02847222222222222
1 0.40729166666666666 0.6722222222222223 0.011979166666666667 0.03611111111111111
3 0.4390625 0.6638888888888889 0.011979166666666667 0.03611111111111111
1 0.453125 0.6659722222222222 0.0109375 0.034027777777777775
3 0.5244791666666667 0.8944444444444445 0.013541666666666667 0.04027777777777778
1 0.4921875 0.9902777777777778 0.0140625 0.01875
1 0.4583333333333333 0.9909722222222223 0.013541666666666667 0.018055555555555554
1 0.409375 0.93125 0.013020833333333334 0.043055555555555555
1 0.3619791666666667 0.9479166666666666 0.0140625 0.043055555555555555
1 0.34479166666666666 0.9541666666666667 0.013541666666666667 0.03819444444444445
1 0.3302083333333333 0.9527777777777777 0.013020833333333334 0.03680555555555556
1 0.2994791666666667 0.9569444444444445 0.013020833333333334 0.03611111111111111
1 0.26614583333333336 0.9618055555555556 0.016666666666666666 0.04027777777777778
1 0.26927083333333335 0.6347222222222222 0.0140625 0.03333333333333333
1 0.234375 0.6409722222222223 0.0140625 0.034027777777777775
1 0.22083333333333333 0.6444444444444445 0.013541666666666667 0.03263888888888889
1 0.196875 0.6388888888888888 0.013541666666666667 0.03333333333333333
1 0.17291666666666666 0.6541666666666667 0.0140625 0.034027777777777775
1 0.15729166666666666 0.6583333333333333 0.0140625 0.034027777777777775
1 0.14375 0.6618055555555555 0.015104166666666667 0.03611111111111111
1 0.027604166666666666 0.44027777777777777 0.0171875 0.030555555555555555
1 0.04479166666666667 0.43472222222222223 0.0171875 0.03125
1 0.058854166666666666 0.43125 0.015104166666666667 0.030555555555555555
1 0.0734375 0.4305555555555556 0.0140625 0.02847222222222222
1 0.1 0.42291666666666666 0.013020833333333334 0.02847222222222222
1 0.11302083333333333 0.4222222222222222 0.011979166666666667 0.029861111111111113
1 0.125 0.4201388888888889 0.013020833333333334 0.030555555555555555
1 0.1359375 0.41875 0.011458333333333333 0.022916666666666665
1 0.14947916666666666 0.4166666666666667 0.013020833333333334 0.029861111111111113
3 0.1734375 0.4125 0.013020833333333334 0.02847222222222222
3 0.18802083333333333 0.41458333333333336 0.013541666666666667 0.02638888888888889
1 0.20052083333333334 0.4097222222222222 0.013020833333333334 0.027777777777777776
1 0.2520833333333333 0.4 0.011458333333333333 0.02847222222222222
3 0.30104166666666665 0.39444444444444443 0.011979166666666667 0.027777777777777776
1 0.17760416666666667 0.9659722222222222 0.016666666666666666 0.041666666666666664
1 0.0890625 0.9847222222222223 0.015625 0.030555555555555555
1 0.6677083333333333 0.7909722222222222 0.015625 0.04097222222222222
1 0.6765625 0.6736111111111112 0.015104166666666667 0.03888888888888889
1 0.6875 0.06180555555555556 0.019270833333333334 0.013194444444444444
1 0.6994791666666667 0.11319444444444444 0.021354166666666667 0.013194444444444444
1 0.7401041666666667 0.09027777777777778 0.020833333333333332 0.015277777777777777
1 0.7369791666666666 0.07569444444444444 0.019791666666666666 0.0125
3 0.734375 0.06319444444444444 0.01875 0.013194444444444444
1 0.7177083333333333 0.052083333333333336 0.020833333333333332 0.014583333333333334
1 0.703125 0.1361111111111111 0.019270833333333334 0.015277777777777777
1 0.7078125 0.14930555555555555 0.019791666666666666 0.014583333333333334
3 0.7125 0.16041666666666668 0.025 0.02361111111111111
1 0.7151041666666667 0.175 0.022916666666666665 0.013194444444444444
1 0.7177083333333333 0.1909722222222222 0.022395833333333334 0.0125
1 0.7291666666666666 0.22847222222222222 0.0234375 0.015277777777777777
3 0.7786458333333334 0.2423611111111111 0.025520833333333333 0.018055555555555554
1 0.7739583333333333 0.23055555555555557 0.0234375 0.015277777777777777
1 0.765625 0.19027777777777777 0.022916666666666665 0.015277777777777777
1 0.7567708333333333 0.16041666666666668 0.022395833333333334 0.014583333333333334
1 0.7994791666666666 0.12222222222222222 0.013020833333333334 0.020833333333333332