1 0.24010416666666667 0.022916666666666665 0.022395833333333334 0.04027777777777778
1 0.2552083333333333 0.06111111111111111 0.020833333333333332 0.04027777777777778
1 0.284375 0.13125 0.022916666666666665 0.044444444444444446
1 0.29375 0.04722222222222222 0.021354166666666667 0.04027777777777778
3 0.3234375 0.11666666666666667 0.024479166666666666 0.04583333333333333
3 0.3416666666666667 0.15694444444444444 0.025520833333333333 0.04722222222222222
1 0.32864583333333336 0.1798611111111111 0.025520833333333333 0.04583333333333333
3 0.3645833333333333 0.21458333333333332 0.0265625 0.04791666666666667
3 0.33697916666666666 0.25555555555555554 0.027083333333333334 0.052083333333333336
1 0.3572916666666667 0.3055555555555556 0.027604166666666666 0.05347222222222222
1 0.40989583333333335 0.3111111111111111 0.025 0.04583333333333333
1 0.40729166666666666 0.3638888888888889 0.028645833333333332 0.05555555555555555
3 0.4348958333333333 0.3715277777777778 0.025520833333333333 0.049305555555555554
3 0.45989583333333334 0.42916666666666664 0.03229166666666667 0.06319444444444444
3 0.4890625 0.49375 0.03229166666666667 0.06111111111111111
1 0.5151041666666667 0.5555555555555556 0.03125 0.06111111111111111
1 0.5411458333333333 0.6215277777777778 0.034895833333333334 0.06875
1 0.525 0.6576388888888889 0.034375 0.07083333333333333
1 0.9348958333333334 0.9701388888888889 0.04479166666666667 0.05694444444444444
1 0.8630208333333333 0.7993055555555556 0.042708333333333334 0.06597222222222222