2 0.45 0.2263888888888889 0.028645833333333332 0.034027777777777775
1 0.80625 0.36736111111111114 0.019270833333333334 0.02638888888888889
1 0.7859375 0.36527777777777776 0.016666666666666666 0.029861111111111113
1 0.39791666666666664 0.2701388888888889 0.021354166666666667 0.017361111111111112
1 0.328125 0.16944444444444445 0.009375 0.013194444444444444
3 0.4546875 0.09444444444444444 0.005208333333333333 0.008333333333333333
1 0.575 0.18958333333333333 0.008333333333333333 0.015277777777777777
2 0.5640625 0.16458333333333333 0.019791666666666666 0.013194444444444444
2 0.5708333333333333 0.20625 0.027604166666666666 0.02013888888888889
3 0.7005208333333334 0.2652777777777778 0.015625 0.014583333333333334
2 0.7119791666666667 0.04722222222222222 0.008333333333333333 0.01597222222222222
2 0.45416666666666666 0.058333333333333334 0.007291666666666667 0.017361111111111112
2 0.45729166666666665 0.0798611111111111 0.0078125 0.018055555555555554