1 0.2557291666666667 0.1076388888888889 0.021875 0.013194444444444444
3 0.27708333333333335 0.10625 0.017708333333333333 0.0125
3 0.3015625 0.10555555555555556 0.020833333333333332 0.013888888888888888
1 0.33125 0.10694444444444444 0.0234375 0.011111111111111112
1 0.35885416666666664 0.1076388888888889 0.022395833333333334 0.011111111111111112
1 0.3885416666666667 0.10833333333333334 0.022395833333333334 0.011805555555555555
3 0.34427083333333336 0.09305555555555556 0.021875 0.013194444444444444
1 0.34739583333333335 0.09930555555555555 0.021354166666666667 0.010416666666666666
1 0.37552083333333336 0.09930555555555555 0.021875 0.011111111111111112
1 0.4041666666666667 0.09930555555555555 0.022395833333333334 0.011111111111111112
1 0.4161458333333333 0.10694444444444444 0.022916666666666665 0.011111111111111112
1 0.446875 0.10833333333333334 0.022916666666666665 0.011111111111111112
3 0.43072916666666666 0.09791666666666667 0.01875 0.013888888888888888
3 0.4546875 0.09652777777777778 0.018229166666666668 0.013888888888888888
1 0.48385416666666664 0.09791666666666667 0.023958333333333335 0.013888888888888888
1 0.5026041666666666 0.10833333333333334 0.019791666666666666 0.010416666666666666
1 0.5130208333333334 0.09930555555555555 0.021354166666666667 0.0125
1 0.5270833333333333 0.10902777777777778 0.018229166666666668 0.009722222222222222
1 0.5453125 0.09930555555555555 0.019270833333333334 0.010416666666666666
1 0.5901041666666667 0.10833333333333334 0.024479166666666666 0.011805555555555555
1 0.5989583333333334 0.09305555555555556 0.018229166666666668 0.013194444444444444
1 0.646875 0.09791666666666667 0.020833333333333332 0.0125
1 0.71875 0.11944444444444445 0.009895833333333333 0.011111111111111112
1 0.7161458333333334 0.15 0.015625 0.016666666666666666
1 0.7088541666666667 0.19444444444444445 0.017708333333333333 0.025
1 0.7151041666666667 0.22083333333333333 0.026041666666666668 0.024305555555555556
1 0.6317708333333333 0.2972222222222222 0.020833333333333332 0.0375
1 0.6161458333333333 0.33402777777777776 0.025 0.034027777777777775
1 0.6411458333333333 0.25 0.0203125 0.029166666666666667
1 0.60625 0.37083333333333335 0.0265625 0.04236111111111111
1 0.5958333333333333 0.41041666666666665 0.0296875 0.043055555555555555
1 0.5630208333333333 0.5423611111111111 0.042708333333333334 0.07847222222222222
1 0.43072916666666666 0.41805555555555557 0.0390625 0.05138888888888889
1 0.6411458333333333 0.7041666666666667 0.08020833333333334 0.06805555555555555
1 0.6473958333333333 0.8458333333333333 0.059895833333333336 0.15763888888888888
1 0.2890625 0.6777777777777778 0.0765625 0.1111111111111111
2 0.42083333333333334 0.6493055555555556 0.057291666666666664 0.10555555555555556
1 0.35625 0.8173611111111111 0.06354166666666666 0.09722222222222222
1 0.9385416666666667 0.6881944444444444 0.10625 0.06111111111111111
3 0.7640625 0.1361111111111111 0.0203125 0.020833333333333332
2 0.7078125 0.0125 0.010416666666666666 0.022916666666666665
3 0.3177083333333333 0.07152777777777777 0.0171875 0.014583333333333334
3 0.22552083333333334 0.06180555555555556 0.015625 0.0125
1 0.8364583333333333 0.3034722222222222 0.03802083333333333 0.02013888888888889
1 0.8380208333333333 0.3173611111111111 0.03697916666666667 0.01875
1 0.8395833333333333 0.3347222222222222 0.041666666666666664 0.02361111111111111
1 0.6901041666666666 0.4111111111111111 0.0265625 0.04513888888888889
1 0.5005208333333333 0.475 0.03125 0.075
1 0.26875 0.975 0.06302083333333333 0.044444444444444446