1 0.4630208333333333 0.7368055555555556 0.029166666666666667 0.04722222222222222
1 0.49375 0.6951388888888889 0.025520833333333333 0.035416666666666666
1 0.4947916666666667 0.6513888888888889 0.013020833333333334 0.05486111111111111
0 0.7177083333333333 0.6048611111111111 0.016666666666666666 0.07222222222222222
2 0.7557291666666667 0.6055555555555555 0.021354166666666667 0.08125
3 0.7880208333333333 0.6097222222222223 0.015104166666666667 0.05486111111111111
3 0.8041666666666667 0.6111111111111112 0.016666666666666666 0.05486111111111111
1 0.8203125 0.6090277777777777 0.015104166666666667 0.04791666666666667
2 0.8390625 0.5993055555555555 0.025 0.075
1 0.8552083333333333 0.6138888888888889 0.015625 0.052083333333333336
2 0.8723958333333334 0.5993055555555555 0.025 0.07847222222222222
1 0.8885416666666667 0.6076388888888888 0.0140625 0.058333333333333334
2 0.6619791666666667 0.7291666666666666 0.075 0.03958333333333333
2 0.7911458333333333 0.7243055555555555 0.05625 0.04027777777777778
2 0.9114583333333334 0.7222222222222222 0.06979166666666667 0.035416666666666666
1 0.9838541666666667 0.6006944444444444 0.017708333333333333 0.03958333333333333
2 0.5119791666666667 0.4083333333333333 0.01875 0.1076388888888889
2 0.5140625 0.28958333333333336 0.016666666666666666 0.10902777777777778
2 0.46875 0.31180555555555556 0.016666666666666666 0.11319444444444444
2 0.4666666666666667 0.17430555555555555 0.020833333333333332 0.11319444444444444
2 0.4666666666666667 0.05625 0.01875 0.1076388888888889
3 0.5098958333333333 0.2048611111111111 0.011979166666666667 0.052083333333333336
2 0.058333333333333334 0.7076388888888889 0.05 0.03194444444444444