1 0.7208333333333333 0.8451388888888889 0.05677083333333333 0.15902777777777777
1 0.6625 0.6930555555555555 0.05416666666666667 0.14097222222222222
1 0.6505208333333333 0.5291666666666667 0.052083333333333336 0.09097222222222222
1 0.5635416666666667 0.2604166666666667 0.0421875 0.04722222222222222
1 0.5458333333333333 0.18958333333333333 0.041666666666666664 0.05416666666666667
1 0.42083333333333334 0.4361111111111111 0.05677083333333333 0.08541666666666667
1 0.42083333333333334 0.36944444444444446 0.057291666666666664 0.07291666666666667
1 0.45625 0.0798611111111111 0.021875 0.034027777777777775
1 0.5317708333333333 0.14930555555555555 0.04635416666666667 0.04097222222222222
1 0.4125 0.2638888888888889 0.028125 0.07013888888888889
1 0.4088541666666667 0.1326388888888889 0.0234375 0.04513888888888889
1 0.42916666666666664 0.6319444444444444 0.0734375 0.125
1 0.43645833333333334 0.7833333333333333 0.09739583333333333 0.13472222222222222
1 0.425 0.5083333333333333 0.07239583333333334 0.09305555555555556
1 0.44375 0.9284722222222223 0.12083333333333333 0.1423611111111111
1 0.41875 0.21180555555555555 0.05416666666666667 0.06180555555555556
1 0.53125 0.12569444444444444 0.044270833333333336 0.03819444444444445
3 0.5260416666666666 0.09236111111111112 0.021354166666666667 0.03819444444444445
1 0.40572916666666664 0.09097222222222222 0.021354166666666667 0.04722222222222222
3 0.66875 0.12638888888888888 0.04479166666666667 0.0375
1 0.8046875 0.1798611111111111 0.04375 0.05138888888888889
1 0.9723958333333333 0.4361111111111111 0.05520833333333333 0.10555555555555556
2 0.4083333333333333 0.05694444444444444 0.025 0.04583333333333333
2 0.5119791666666667 0.024305555555555556 0.03125 0.04861111111111111
3 0.678125 0.27361111111111114 0.03697916666666667 0.06875