1 0.3255208333333333 0.8645833333333334 0.035416666666666666 0.09652777777777778
1 0.384375 0.6569444444444444 0.04895833333333333 0.052083333333333336
1 0.35104166666666664 0.4375 0.040625 0.03819444444444445
1 0.3338541666666667 0.37569444444444444 0.029166666666666667 0.027777777777777776
1 0.353125 0.26458333333333334 0.016666666666666666 0.03819444444444445
1 0.3296875 0.27569444444444446 0.018229166666666668 0.03333333333333333
1 0.0125 0.6145833333333334 0.024479166666666666 0.03263888888888889
1 0.009895833333333333 0.6444444444444445 0.019791666666666666 0.034027777777777775
1 0.2125 0.7645833333333333 0.05625 0.06597222222222222
1 0.15625 0.79375 0.051041666666666666 0.05347222222222222
3 0.5036458333333333 0.6777777777777778 0.050520833333333334 0.05763888888888889
1 0.8963541666666667 0.3347222222222222 0.033854166666666664 0.035416666666666666
1 0.9114583333333334 0.29444444444444445 0.028645833333333332 0.034027777777777775
1 0.9927083333333333 0.30416666666666664 0.013541666666666667 0.029861111111111113
1 0.26145833333333335 0.9763888888888889 0.05625 0.04513888888888889