1 0.03125 0.014583333333333334 0.0390625 0.025
1 0.08333333333333333 0.014583333333333334 0.040625 0.025694444444444443
1 0.0125 0.044444444444444446 0.025 0.025694444444444443
1 0.14583333333333334 0.005555555555555556 0.042708333333333334 0.011111111111111112
1 0.36770833333333336 0.034027777777777775 0.021354166666666667 0.03611111111111111
1 0.30572916666666666 0.06805555555555555 0.019791666666666666 0.03680555555555556
3 0.19270833333333334 0.0798611111111111 0.0359375 0.034027777777777775
1 0.40625 0.20902777777777778 0.03802083333333333 0.03888888888888889
1 0.41875 0.22708333333333333 0.03802083333333333 0.04097222222222222
1 0.496875 0.24791666666666667 0.022395833333333334 0.04027777777777778
1 0.4421875 0.23958333333333334 0.0359375 0.050694444444444445
3 0.4744791666666667 0.24305555555555555 0.017708333333333333 0.043055555555555555
3 0.5322916666666667 0.2548611111111111 0.016666666666666666 0.04097222222222222
1 0.028125 0.19722222222222222 0.03333333333333333 0.04375
2 0.21770833333333334 0.36041666666666666 0.03697916666666667 0.06597222222222222
1 0.1078125 0.40555555555555556 0.03697916666666667 0.06180555555555556
1 0.044270833333333336 0.5645833333333333 0.041666666666666664 0.07152777777777777
1 0.1953125 0.8979166666666667 0.04635416666666667 0.10069444444444445
1 0.225 0.7868055555555555 0.042708333333333334 0.09305555555555556
1 0.24791666666666667 0.6840277777777778 0.041666666666666664 0.07708333333333334
1 0.26197916666666665 0.5402777777777777 0.03697916666666667 0.07013888888888889
1 0.48020833333333335 0.5416666666666666 0.0515625 0.04375
1 0.7416666666666667 0.7798611111111111 0.058333333333333334 0.08472222222222223
1 0.6484375 0.8798611111111111 0.05260416666666667 0.05347222222222222