1 0.3333333333333333 0.9465277777777777 0.0578125 0.10416666666666667
1 0.4203125 0.8652777777777778 0.06666666666666667 0.17291666666666666
1 0.4744791666666667 0.7569444444444444 0.06510416666666667 0.13819444444444445
1 0.35989583333333336 0.5138888888888888 0.0484375 0.09930555555555555
1 0.42239583333333336 0.5236111111111111 0.042708333333333334 0.08263888888888889
3 0.5177083333333333 0.47291666666666665 0.04479166666666667 0.11041666666666666
3 0.6078125 0.5354166666666667 0.05416666666666667 0.12430555555555556
1 0.5427083333333333 0.35138888888888886 0.041666666666666664 0.06597222222222222
1 0.47239583333333335 0.2972222222222222 0.030208333333333334 0.05555555555555555
1 0.365625 0.33055555555555555 0.034375 0.05486111111111111
1 0.42239583333333336 0.2423611111111111 0.029166666666666667 0.04791666666666667
1 0.45364583333333336 0.22777777777777777 0.025520833333333333 0.049305555555555554
1 0.48541666666666666 0.2111111111111111 0.030729166666666665 0.044444444444444446
1 0.4348958333333333 0.17291666666666666 0.0234375 0.043055555555555555
1 0.4005208333333333 0.15625 0.022395833333333334 0.050694444444444445
1 0.4515625 0.1284722222222222 0.027083333333333334 0.049305555555555554
1 0.2921875 0.4513888888888889 0.0328125 0.075