1 0.027083333333333334 0.6347222222222222 0.05416666666666667 0.05555555555555555
1 0.14635416666666667 0.6465277777777778 0.11614583333333334 0.06805555555555555
1 0.09270833333333334 0.825 0.121875 0.0763888888888889
3 0.2911458333333333 0.7993055555555556 0.1046875 0.0798611111111111
3 0.27708333333333335 0.6236111111111111 0.08229166666666667 0.05694444444444444
3 0.19583333333333333 0.9388888888888889 0.125 0.07222222222222222
1 0.43125 0.8826388888888889 0.08125 0.1451388888888889
1 0.6411458333333333 0.8805555555555555 0.058333333333333334 0.14930555555555555
1 0.6177083333333333 0.6840277777777778 0.05260416666666667 0.125
2 0.30104166666666665 0.49236111111111114 0.11197916666666667 0.12430555555555556
3 0.3703125 0.4236111111111111 0.03229166666666667 0.07777777777777778
1 0.925 0.3486111111111111 0.07760416666666667 0.05
2 0.37447916666666664 0.22291666666666668 0.042708333333333334 0.13541666666666666
2 0.4328125 0.10833333333333334 0.0296875 0.0798611111111111
3 0.5395833333333333 0.20208333333333334 0.03333333333333333 0.06319444444444444
2 0.43333333333333335 0.04583333333333333 0.025 0.058333333333333334
2 0.5380208333333333 0.04722222222222222 0.05 0.06180555555555556
3 0.5140625 0.021527777777777778 0.022395833333333334 0.04236111111111111