3 0.41770833333333335 0.5923611111111111 0.0078125 0.011111111111111112
3 0.42916666666666664 0.5902777777777778 0.0078125 0.008333333333333333
1 0.446875 0.6006944444444444 0.021354166666666667 0.011805555555555555
1 0.440625 0.6284722222222222 0.027604166666666666 0.011805555555555555
1 0.4427083333333333 0.6354166666666666 0.028645833333333332 0.011805555555555555
1 0.4421875 0.6416666666666667 0.025520833333333333 0.015277777777777777
3 0.4583333333333333 0.6548611111111111 0.0265625 0.02013888888888889
3 0.484375 0.6409722222222223 0.013541666666666667 0.021527777777777778
3 0.4817708333333333 0.6277777777777778 0.011458333333333333 0.013194444444444444
1 0.490625 0.6166666666666667 0.011458333333333333 0.013888888888888888
1 0.5114583333333333 0.6916666666666667 0.01875 0.022916666666666665
1 0.5020833333333333 0.6770833333333334 0.0171875 0.019444444444444445
1 0.5296875 0.7375 0.0234375 0.027777777777777776
3 0.54375 0.75625 0.025520833333333333 0.03611111111111111
1 0.5776041666666667 0.8284722222222223 0.035416666666666666 0.041666666666666664
1 0.5708333333333333 0.8930555555555556 0.034895833333333334 0.05763888888888889
3 0.4375 0.8618055555555556 0.028125 0.05555555555555555
1 0.3885416666666667 0.6166666666666667 0.013020833333333334 0.011805555555555555
1 0.3859375 0.6 0.0078125 0.011111111111111112
1 0.4244791666666667 0.5743055555555555 0.019270833333333334 0.008333333333333333
3 0.46510416666666665 0.6118055555555556 0.010416666666666666 0.019444444444444445