1 0.44479166666666664 0.8916666666666667 0.01875 0.06388888888888888
1 0.4791666666666667 0.7131944444444445 0.017708333333333333 0.03888888888888889
1 0.4588541666666667 0.5291666666666667 0.013541666666666667 0.025694444444444443
1 0.4765625 0.5416666666666666 0.0109375 0.020833333333333332
1 0.4635416666666667 0.3993055555555556 0.009895833333333333 0.014583333333333334
1 0.44947916666666665 0.3090277777777778 0.005208333333333333 0.008333333333333333
1 0.4588541666666667 0.3145833333333333 0.00625 0.009722222222222222
1 0.46979166666666666 0.3229166666666667 0.005729166666666666 0.009722222222222222
1 0.44947916666666665 0.4236111111111111 0.009375 0.015277777777777777
1 0.44947916666666665 0.3763888888888889 0.0078125 0.0125
1 0.44479166666666664 0.6020833333333333 0.015104166666666667 0.03263888888888889
3 0.47760416666666666 0.625 0.015104166666666667 0.03263888888888889