1 0.8208333333333333 0.8666666666666667 0.1 0.14305555555555555
1 0.26510416666666664 0.9395833333333333 0.16354166666666667 0.12083333333333333
1 0.4427083333333333 0.7381944444444445 0.08020833333333334 0.12569444444444444
1 0.7927083333333333 0.7354166666666667 0.07083333333333333 0.09444444444444444
1 0.7833333333333333 0.6520833333333333 0.06666666666666667 0.0763888888888889
1 0.7609375 0.5798611111111112 0.05260416666666667 0.07013888888888889
1 0.49635416666666665 0.6222222222222222 0.0640625 0.07777777777777778
1 0.5234375 0.5715277777777777 0.04479166666666667 0.06319444444444444
1 0.55 0.5368055555555555 0.04010416666666667 0.058333333333333334
1 0.5708333333333333 0.5020833333333333 0.03854166666666667 0.049305555555555554
1 0.5901041666666667 0.475 0.036458333333333336 0.03819444444444445
1 0.609375 0.45694444444444443 0.028645833333333332 0.03125
1 0.6291666666666667 0.4409722222222222 0.03125 0.02847222222222222
1 0.6130208333333333 0.42777777777777776 0.03802083333333333 0.02638888888888889
1 0.6213541666666667 0.4083333333333333 0.04583333333333333 0.025694444444444443
1 0.6473958333333333 0.4048611111111111 0.03125 0.022916666666666665
1 0.7630208333333334 0.5430555555555555 0.044270833333333336 0.059027777777777776
3 0.753125 0.5020833333333333 0.06770833333333333 0.05416666666666667
1 0.7588541666666667 0.4652777777777778 0.025 0.035416666666666666
1 0.7609375 0.4465277777777778 0.025520833333333333 0.02847222222222222
1 0.7463541666666667 0.42986111111111114 0.04739583333333333 0.034027777777777775
1 0.8145833333333333 0.4395833333333333 0.0609375 0.043055555555555555
1 0.7916666666666666 0.41944444444444445 0.05 0.027777777777777776
1 0.7703125 0.40347222222222223 0.025 0.02361111111111111
1 0.6640625 0.4027777777777778 0.036458333333333336 0.02638888888888889
1 0.6776041666666667 0.39375 0.03333333333333333 0.02361111111111111
1 0.7369791666666666 0.3798611111111111 0.022395833333333334 0.02361111111111111
1 0.7526041666666666 0.35555555555555557 0.019791666666666666 0.015277777777777777
1 0.7869791666666667 0.3326388888888889 0.017708333333333333 0.020833333333333332
1 0.7208333333333333 0.35833333333333334 0.019791666666666666 0.015277777777777777
1 0.728125 0.35555555555555557 0.016666666666666666 0.013194444444444444
3 0.7328125 0.3472222222222222 0.025520833333333333 0.018055555555555554
1 0.7411458333333333 0.34444444444444444 0.0234375 0.014583333333333334
1 0.7458333333333333 0.34097222222222223 0.020833333333333332 0.013194444444444444
1 0.7505208333333333 0.33819444444444446 0.01875 0.015277777777777777
1 0.7552083333333334 0.3326388888888889 0.01875 0.014583333333333334
1 0.7609375 0.33125 0.021354166666666667 0.014583333333333334
1 0.7640625 0.39444444444444443 0.0234375 0.018055555555555554
1 0.7765625 0.3888888888888889 0.017708333333333333 0.017361111111111112
1 0.7703125 0.3798611111111111 0.016666666666666666 0.014583333333333334
1 0.78125 0.3763888888888889 0.016666666666666666 0.014583333333333334