1 0.10520833333333333 0.5479166666666667 0.03125 0.05416666666666667
3 0.17291666666666666 0.4083333333333333 0.04739583333333333 0.034027777777777775
1 0.1828125 0.3798611111111111 0.044270833333333336 0.025
1 0.1890625 0.35138888888888886 0.03802083333333333 0.025
1 0.20260416666666667 0.32708333333333334 0.040625 0.022222222222222223
1 0.24947916666666667 0.28541666666666665 0.017708333333333333 0.035416666666666666
1 0.2125 0.2798611111111111 0.036458333333333336 0.025694444444444443
1 0.22083333333333333 0.25625 0.036458333333333336 0.01875
1 0.22708333333333333 0.2375 0.034375 0.01597222222222222
1 0.23802083333333332 0.22430555555555556 0.034375 0.02013888888888889
1 0.24270833333333333 0.06458333333333334 0.024479166666666666 0.017361111111111112
1 0.24739583333333334 0.05555555555555555 0.024479166666666666 0.015277777777777777
1 0.45989583333333334 0.39375 0.01875 0.043055555555555555
0 0.46770833333333334 0.20833333333333334 0.020833333333333332 0.08402777777777778
2 0.5307291666666667 0.21041666666666667 0.042708333333333334 0.034027777777777775
3 0.5208333333333334 0.15902777777777777 0.03125 0.022916666666666665
1 0.5515625 0.1597222222222222 0.024479166666666666 0.02847222222222222
1 0.45729166666666665 0.11458333333333333 0.011979166666666667 0.025
3 0.475 0.10902777777777778 0.011458333333333333 0.025694444444444443
1 0.47604166666666664 0.07569444444444444 0.0109375 0.02013888888888889
3 0.47708333333333336 0.043055555555555555 0.009895833333333333 0.022916666666666665
1 0.4791666666666667 0.02847222222222222 0.0109375 0.017361111111111112
1 0.4791666666666667 0.009027777777777777 0.009895833333333333 0.018055555555555554
2 0.46197916666666666 0.03958333333333333 0.015625 0.05625
3 0.5989583333333334 0.05763888888888889 0.017708333333333333 0.018055555555555554
1 0.6036458333333333 0.06736111111111111 0.021354166666666667 0.015277777777777777
1 0.7265625 0.21458333333333332 0.015625 0.03263888888888889
1 0.8666666666666667 0.4111111111111111 0.029166666666666667 0.04583333333333333
1 0.8901041666666667 0.46875 0.03333333333333333 0.05416666666666667
1 0.8182291666666667 0.4625 0.027604166666666666 0.050694444444444445
1 0.9177083333333333 0.7597222222222222 0.040625 0.06666666666666667
1 0.8916666666666667 0.6736111111111112 0.03854166666666667 0.06736111111111111
1 0.975 0.6673611111111111 0.04583333333333333 0.06666666666666667
1 0.9427083333333334 0.5979166666666667 0.04010416666666667 0.06180555555555556
1 0.8661458333333333 0.5986111111111111 0.036458333333333336 0.06388888888888888
1 0.8401041666666667 0.5305555555555556 0.03125 0.05555555555555555
1 0.8572916666666667 0.22777777777777777 0.013541666666666667 0.03263888888888889
1 0.10052083333333334 0.9645833333333333 0.050520833333333334 0.07013888888888889