2 0.4901041666666667 0.8638888888888889 0.04583333333333333 0.15208333333333332
2 0.46875 0.575 0.05260416666666667 0.125
2 0.51875 0.47430555555555554 0.05572916666666667 0.22291666666666668
2 0.528125 0.2638888888888889 0.04479166666666667 0.18680555555555556
2 0.534375 0.14097222222222222 0.0328125 0.0875
2 0.5390625 0.029166666666666667 0.030729166666666665 0.058333333333333334
2 0.49947916666666664 0.1111111111111111 0.034375 0.08680555555555555
1 0.3572916666666667 0.6965277777777777 0.0390625 0.09930555555555555
1 0.3234375 0.5701388888888889 0.04635416666666667 0.09166666666666666
1 0.2984375 0.4861111111111111 0.03854166666666667 0.07708333333333334
1 0.053125 0.4465277777777778 0.05364583333333333 0.08680555555555555
3 0.025 0.425 0.05 0.07916666666666666
1 0.0265625 0.31180555555555556 0.05260416666666667 0.03680555555555556
3 0.3380208333333333 0.225 0.027604166666666666 0.06319444444444444