1 0.49270833333333336 0.7826388888888889 0.11197916666666667 0.08541666666666667
1 0.5192708333333333 0.6173611111111111 0.05572916666666667 0.09722222222222222
1 0.18697916666666667 0.5416666666666666 0.07135416666666666 0.07361111111111111
1 0.15520833333333334 0.5368055555555555 0.07291666666666667 0.07013888888888889
1 0.4791666666666667 0.43819444444444444 0.059375 0.03263888888888889
1 0.4791666666666667 0.41805555555555557 0.05572916666666667 0.030555555555555555
1 0.49895833333333334 0.40347222222222223 0.049479166666666664 0.027777777777777776
1 0.5109375 0.38263888888888886 0.052083333333333336 0.03125
1 0.5223958333333333 0.37083333333333335 0.0484375 0.02361111111111111
1 0.45260416666666664 0.3527777777777778 0.03697916666666667 0.03125
1 0.5505208333333333 0.34305555555555556 0.041666666666666664 0.02361111111111111
1 0.5671875 0.32569444444444445 0.042708333333333334 0.022916666666666665
1 0.4859375 0.31805555555555554 0.04375 0.02638888888888889
1 0.50625 0.29375 0.0359375 0.022222222222222223
1 0.521875 0.28541666666666665 0.036458333333333336 0.01875
1 0.5369791666666667 0.2798611111111111 0.040625 0.018055555555555554
1 0.5765625 0.32013888888888886 0.03854166666666667 0.01875
1 0.5770833333333333 0.30972222222222223 0.04583333333333333 0.017361111111111112
1 0.6260416666666667 0.32708333333333334 0.020833333333333332 0.025694444444444443
1 0.6046875 0.32569444444444445 0.025 0.02847222222222222
1 0.615625 0.30833333333333335 0.022916666666666665 0.02013888888888889
1 0.6057291666666667 0.2881944444444444 0.03854166666666667 0.02013888888888889
1 0.5427083333333333 0.2708333333333333 0.034895833333333334 0.014583333333333334
1 0.5348958333333333 0.2673611111111111 0.030208333333333334 0.015277777777777777
1 0.5145833333333333 0.24791666666666667 0.030729166666666665 0.01597222222222222
1 0.5463541666666667 0.24930555555555556 0.03125 0.01875
1 0.6130208333333333 0.275 0.03333333333333333 0.018055555555555554
1 0.615625 0.2701388888888889 0.0328125 0.015277777777777777
1 0.6427083333333333 0.27291666666666664 0.020833333333333332 0.02361111111111111
1 0.6598958333333333 0.23680555555555555 0.0140625 0.01875
1 0.6463541666666667 0.2388888888888889 0.013020833333333334 0.01597222222222222
1 0.6161458333333333 0.2375 0.019270833333333334 0.022222222222222223
1 0.6765625 0.23958333333333334 0.013541666666666667 0.018055555555555554
1 0.6932291666666667 0.24166666666666667 0.016666666666666666 0.017361111111111112
1 0.7177083333333333 0.25069444444444444 0.03125 0.01875
1 0.7328125 0.2590277777777778 0.030208333333333334 0.022916666666666665
1 0.6515625 0.36180555555555555 0.0515625 0.02847222222222222
1 0.6651041666666667 0.34444444444444444 0.050520833333333334 0.02847222222222222
1 0.690625 0.30069444444444443 0.044270833333333336 0.022222222222222223
1 0.5515625 0.38680555555555557 0.0328125 0.029861111111111113