1 0.8802083333333334 0.8861111111111111 0.12864583333333332 0.21875
1 0.7666666666666667 0.6722222222222223 0.1421875 0.13680555555555557
1 0.7015625 0.7805555555555556 0.12864583333333332 0.2
1 0.5411458333333333 0.6770833333333334 0.09739583333333333 0.1736111111111111
1 0.43125 0.6138888888888889 0.096875 0.15138888888888888
1 0.33177083333333335 0.55 0.07552083333333333 0.14444444444444443
1 0.146875 0.4375 0.11354166666666667 0.1076388888888889
1 0.06666666666666667 0.35833333333333334 0.058854166666666666 0.11458333333333333
1 0.9822916666666667 0.9159722222222222 0.034895833333333334 0.12361111111111112
1 0.8473958333333333 0.46944444444444444 0.12083333333333333 0.09791666666666667
1 0.6984375 0.39444444444444443 0.10833333333333334 0.08958333333333333
1 0.375 0.2659722222222222 0.042708333333333334 0.08888888888888889
1 0.3171875 0.2326388888888889 0.04583333333333333 0.0798611111111111
1 0.19583333333333333 0.175 0.09583333333333334 0.059722222222222225
1 0.19375 0.2902777777777778 0.103125 0.08055555555555556
1 0.440625 0.13055555555555556 0.07135416666666666 0.07222222222222222
1 0.115625 0.14444444444444443 0.0984375 0.04791666666666667
1 0.07291666666666667 0.11597222222222223 0.09322916666666667 0.05763888888888889
1 0.025520833333333333 0.07569444444444444 0.051041666666666666 0.05138888888888889
1 0.75 0.04375 0.08072916666666667 0.06388888888888888