1 0.3385416666666667 0.38680555555555557 0.0171875 0.07083333333333333
1 0.27447916666666666 0.9208333333333333 0.022395833333333334 0.09791666666666667
1 0.30052083333333335 0.7479166666666667 0.022916666666666665 0.0798611111111111
1 0.2890625 0.38472222222222224 0.019270833333333334 0.058333333333333334
1 0.2989583333333333 0.11041666666666666 0.016666666666666666 0.04583333333333333
3 0.28541666666666665 0.225 0.020833333333333332 0.05694444444444444
3 0.36875 0.3625 0.019791666666666666 0.07222222222222222
3 0.35104166666666664 0.5611111111111111 0.022395833333333334 0.07847222222222222
3 0.2703125 0.5590277777777778 0.020833333333333332 0.07222222222222222
3 0.3671875 0.7833333333333333 0.025520833333333333 0.09027777777777778
3 0.3927083333333333 0.68125 0.024479166666666666 0.09375
0 0.3859375 0.5222222222222223 0.025 0.1076388888888889
0 0.2640625 0.06180555555555556 0.030208333333333334 0.12291666666666666
1 0.915625 0.8347222222222223 0.057291666666666664 0.052083333333333336
1 0.96875 0.8215277777777777 0.05364583333333333 0.04722222222222222
1 0.9125 0.3423611111111111 0.0265625 0.06111111111111111