1 0.6677083333333333 0.07291666666666667 0.036458333333333336 0.022222222222222223
1 0.65625 0.05763888888888889 0.034895833333333334 0.01597222222222222
1 0.6755208333333333 0.07916666666666666 0.036458333333333336 0.022916666666666665
1 0.2984375 0.6145833333333334 0.20729166666666668 0.22569444444444445
1 0.15208333333333332 0.4111111111111111 0.11875 0.11736111111111111
1 0.18125 0.28541666666666665 0.10625 0.08125
3 0.09427083333333333 0.36319444444444443 0.134375 0.11875
1 0.050520833333333334 0.3236111111111111 0.10104166666666667 0.10277777777777777
1 0.059895833333333336 0.26666666666666666 0.10572916666666667 0.06875
1 0.278125 0.30625 0.090625 0.1111111111111111
0 0.29270833333333335 0.36875 0.2677083333333333 0.3159722222222222
3 0.1703125 0.22708333333333333 0.06927083333333334 0.059722222222222225
1 0.09375 0.21388888888888888 0.059375 0.04861111111111111
1 0.15833333333333333 0.20277777777777778 0.049479166666666664 0.04583333333333333
1 0.19114583333333332 0.18125 0.059375 0.04583333333333333
1 0.13072916666666667 0.1701388888888889 0.07708333333333334 0.04375
1 0.3567708333333333 0.16666666666666666 0.0734375 0.04583333333333333
1 0.40260416666666665 0.16319444444444445 0.040625 0.04375
1 0.39010416666666664 0.1361111111111111 0.0359375 0.03611111111111111
1 0.47760416666666666 0.07222222222222222 0.022395833333333334 0.022222222222222223
1 0.49947916666666664 0.05486111111111111 0.0140625 0.01597222222222222
1 0.5276041666666667 0.05138888888888889 0.013020833333333334 0.015277777777777777
1 0.528125 0.06666666666666667 0.025 0.017361111111111112
2 0.3578125 0.049305555555555554 0.04739583333333333 0.02638888888888889
1 0.3734375 0.10347222222222222 0.03229166666666667 0.03680555555555556
1 0.34270833333333334 0.10902777777777778 0.03125 0.027777777777777776
1 0.3072916666666667 0.10694444444444444 0.0328125 0.02638888888888889
1 0.33489583333333334 0.09652777777777778 0.028645833333333332 0.025694444444444443
3 0.35625 0.08194444444444444 0.0265625 0.02847222222222222
1 0.3640625 0.09513888888888888 0.025520833333333333 0.02638888888888889
1 0.39739583333333334 0.09513888888888888 0.0265625 0.022916666666666665
1 0.4140625 0.08541666666666667 0.020833333333333332 0.020833333333333332
1 0.43072916666666666 0.07777777777777778 0.024479166666666666 0.017361111111111112
2 0.38229166666666664 0.08194444444444444 0.03333333333333333 0.02638888888888889
1 0.38645833333333335 0.06944444444444445 0.019791666666666666 0.020833333333333332
1 0.39947916666666666 0.07708333333333334 0.019270833333333334 0.01875
3 0.41302083333333334 0.07013888888888889 0.019791666666666666 0.022222222222222223
0 0.4171875 0.049305555555555554 0.04010416666666667 0.034027777777777775
1 0.42552083333333335 0.06736111111111111 0.0140625 0.018055555555555554
1 0.4359375 0.06319444444444444 0.016666666666666666 0.018055555555555554
1 0.44583333333333336 0.05694444444444444 0.015625 0.018055555555555554
1 0.43125 0.075 0.019270833333333334 0.017361111111111112
2 0.46197916666666666 0.052083333333333336 0.025 0.029861111111111113
2 0.46927083333333336 0.0375 0.01875 0.027777777777777776
3 0.4869791666666667 0.044444444444444446 0.011979166666666667 0.017361111111111112
1 0.5015625 0.041666666666666664 0.0140625 0.014583333333333334
1 0.484375 0.03888888888888889 0.009895833333333333 0.013194444444444444
1 0.4921875 0.03263888888888889 0.009895833333333333 0.013194444444444444
1 0.5052083333333334 0.03333333333333333 0.008333333333333333 0.013194444444444444
1 0.5125 0.03263888888888889 0.009375 0.013194444444444444
0 0.5052083333333334 0.01875 0.020833333333333332 0.025694444444444443
0 0.5265625 0.024305555555555556 0.009895833333333333 0.010416666666666666
1 0.5302083333333333 0.04027777777777778 0.015104166666666667 0.015277777777777777
3 0.540625 0.08125 0.0328125 0.02361111111111111
1 0.5546875 0.0763888888888889 0.029166666666666667 0.022916666666666665
1 0.5973958333333333 0.029861111111111113 0.008333333333333333 0.013194444444444444
1 0.6130208333333333 0.025694444444444443 0.009895833333333333 0.007638888888888889
1 0.6166666666666667 0.016666666666666666 0.007291666666666667 0.010416666666666666
1 0.5807291666666666 0.027083333333333334 0.008333333333333333 0.010416666666666666
1 0.56875 0.024305555555555556 0.008333333333333333 0.0125
1 0.5552083333333333 0.02361111111111111 0.009375 0.011111111111111112
1 0.5635416666666667 0.017361111111111112 0.008333333333333333 0.011111111111111112
1 0.6125 0.02361111111111111 0.0078125 0.011111111111111112
2 0.403125 0.035416666666666666 0.0265625 0.035416666666666666