1 0.47239583333333335 0.9069444444444444 0.03802083333333333 0.11736111111111111
1 0.43020833333333336 0.8229166666666666 0.03697916666666667 0.1125
1 0.3609375 0.6993055555555555 0.06875 0.049305555555555554
1 0.37083333333333335 0.5944444444444444 0.06979166666666667 0.04375
1 0.4125 0.5111111111111111 0.027604166666666666 0.0763888888888889
1 0.4088541666666667 0.43680555555555556 0.0265625 0.06388888888888888
1 0.4125 0.3506944444444444 0.034895833333333334 0.06736111111111111
1 0.4046875 0.28680555555555554 0.025 0.06388888888888888
1 0.43697916666666664 0.26805555555555555 0.025520833333333333 0.06597222222222222
3 0.4 0.1423611111111111 0.022916666666666665 0.06180555555555556
2 0.39739583333333334 0.09166666666666666 0.019270833333333334 0.04097222222222222
1 0.8401041666666667 0.9444444444444444 0.0609375 0.11041666666666666
2 0.7755208333333333 0.7965277777777777 0.06302083333333333 0.12222222222222222
2 0.7677083333333333 0.6590277777777778 0.05364583333333333 0.10277777777777777
1 0.7333333333333333 0.5430555555555555 0.04739583333333333 0.08472222222222223
1 0.66875 0.4708333333333333 0.034895833333333334 0.07708333333333334
1 0.7125 0.44930555555555557 0.04375 0.07708333333333334
1 0.6671875 0.3659722222222222 0.03854166666666667 0.06944444444444445
1 0.6833333333333333 0.3159722222222222 0.0359375 0.06458333333333334
1 0.625 0.23402777777777778 0.0328125 0.058333333333333334
1 0.5708333333333333 0.06388888888888888 0.03333333333333333 0.041666666666666664
1 0.6083333333333333 0.03680555555555556 0.022916666666666665 0.03888888888888889
1 0.5817708333333333 0.011111111111111112 0.021875 0.022222222222222223