1 0.4484375 0.3388888888888889 0.025520833333333333 0.06875
1 0.4078125 0.3645833333333333 0.028645833333333332 0.07013888888888889
1 0.4588541666666667 0.7125 0.029166666666666667 0.1076388888888889
1 0.334375 0.9638888888888889 0.0515625 0.07013888888888889
1 0.36875 0.8354166666666667 0.03854166666666667 0.13055555555555556
1 0.3765625 0.7145833333333333 0.027604166666666666 0.10138888888888889
1 0.3859375 0.6270833333333333 0.028645833333333332 0.08611111111111111
1 0.39166666666666666 0.5 0.029166666666666667 0.10416666666666667
1 0.4239583333333333 0.4965277777777778 0.029166666666666667 0.09791666666666667
1 0.4041666666666667 0.42916666666666664 0.025520833333333333 0.07083333333333333
1 0.44114583333333335 0.4083333333333333 0.025 0.08888888888888889
1 0.37552083333333336 0.30694444444444446 0.040625 0.04027777777777778