1 0.37604166666666666 0.6305555555555555 0.05364583333333333 0.029166666666666667
1 0.37135416666666665 0.6604166666666667 0.05260416666666667 0.029861111111111113
1 0.35625 0.7604166666666666 0.057291666666666664 0.034722222222222224
1 0.4005208333333333 0.4583333333333333 0.03958333333333333 0.02361111111111111
1 0.36822916666666666 0.32430555555555557 0.030208333333333334 0.016666666666666666
1 0.3697916666666667 0.3055555555555556 0.03177083333333333 0.02013888888888889
1 0.5447916666666667 0.26875 0.013020833333333334 0.021527777777777778
3 0.5416666666666666 0.28680555555555554 0.0171875 0.02013888888888889
1 0.5692708333333333 0.29375 0.0296875 0.015277777777777777
1 0.51875 0.3347222222222222 0.014583333333333334 0.025
1 0.8510416666666667 0.02361111111111111 0.011458333333333333 0.008333333333333333
1 0.9166666666666666 0.04791666666666667 0.0140625 0.010416666666666666
1 0.9442708333333333 0.050694444444444445 0.0140625 0.009027777777777777
1 0.9807291666666667 0.05625 0.020833333333333332 0.011805555555555555
1 0.9760416666666667 0.05138888888888889 0.0234375 0.011805555555555555
1 0.96875 0.04652777777777778 0.0265625 0.0125
3 0.93125 0.043055555555555555 0.015104166666666667 0.0125
1 0.9375 0.03194444444444444 0.01875 0.009027777777777777
1 0.9088541666666666 0.03125 0.0140625 0.009722222222222222
1 0.9671875 0.0798611111111111 0.013541666666666667 0.010416666666666666
1 0.8984375 0.025 0.011979166666666667 0.009722222222222222
1 0.8708333333333333 0.022916666666666665 0.011458333333333333 0.009027777777777777
1 0.8515625 0.009027777777777777 0.011458333333333333 0.009027777777777777
1 0.8557291666666667 0.002777777777777778 0.0109375 0.005555555555555556
1 0.9005208333333333 0.014583333333333334 0.019270833333333334 0.010416666666666666
1 0.8921875 0.009722222222222222 0.015104166666666667 0.008333333333333333
3 0.7989583333333333 0.003472222222222222 0.010416666666666666 0.006944444444444444
1 0.3671875 0.11041666666666666 0.021354166666666667 0.010416666666666666
1 0.3703125 0.10555555555555556 0.0203125 0.009722222222222222
1 0.3307291666666667 0.08541666666666667 0.017708333333333333 0.011111111111111112
1 0.3333333333333333 0.08125 0.018229166666666668 0.009722222222222222
1 0.34322916666666664 0.06458333333333334 0.016666666666666666 0.010416666666666666
1 0.371875 0.08472222222222223 0.011979166666666667 0.0125
1 0.3796875 0.07847222222222222 0.016666666666666666 0.008333333333333333
1 0.3807291666666667 0.07361111111111111 0.016666666666666666 0.008333333333333333
1 0.3828125 0.06527777777777778 0.014583333333333334 0.011805555555555555
1 0.35 0.049305555555555554 0.0171875 0.010416666666666666
3 0.33125 0.009722222222222222 0.0078125 0.011111111111111112
3 0.03958333333333333 0.2701388888888889 0.03177083333333333 0.019444444444444445
1 0.010416666666666666 0.26666666666666666 0.020833333333333332 0.01597222222222222