1 0.26666666666666666 0.47430555555555554 0.07760416666666667 0.06458333333333334
1 0.6333333333333333 0.9576388888888889 0.050520833333333334 0.08472222222222223
1 0.7197916666666667 0.6944444444444444 0.07552083333333333 0.06666666666666667
1 0.7630208333333334 0.6465277777777778 0.07552083333333333 0.050694444444444445
1 0.81875 0.6 0.08020833333333334 0.04027777777777778
1 0.671875 0.5534722222222223 0.06927083333333334 0.06666666666666667
1 0.490625 0.4583333333333333 0.03697916666666667 0.0763888888888889
1 0.40520833333333334 0.15069444444444444 0.030729166666666665 0.05347222222222222
1 0.309375 0.17222222222222222 0.03125 0.06736111111111111
1 0.2869791666666667 0.058333333333333334 0.027604166666666666 0.05625
1 0.38385416666666666 0.06597222222222222 0.027604166666666666 0.04791666666666667
1 0.25364583333333335 0.025 0.0484375 0.04791666666666667