2 0.5015625 0.7694444444444445 0.0421875 0.22083333333333333
2 0.48385416666666664 0.4798611111111111 0.0234375 0.07361111111111111
2 0.4739583333333333 0.38263888888888886 0.019270833333333334 0.06597222222222222
1 0.49166666666666664 0.5763888888888888 0.016666666666666666 0.03263888888888889
1 0.45625 0.3111111111111111 0.008333333333333333 0.011111111111111112
1 0.4125 0.2326388888888889 0.005208333333333333 0.008333333333333333
1 0.3890625 0.3611111111111111 0.011458333333333333 0.020833333333333332
2 0.4265625 0.21388888888888888 0.007291666666666667 0.010416666666666666
2 0.4427083333333333 0.26875 0.0140625 0.03333333333333333
2 0.5927083333333333 0.31180555555555556 0.028645833333333332 0.043055555555555555
1 0.5989583333333334 0.2743055555555556 0.013541666666666667 0.009722222222222222
1 0.5901041666666667 0.24930555555555556 0.005729166666666666 0.007638888888888889
1 0.6697916666666667 0.37777777777777777 0.019791666666666666 0.013194444444444444
1 0.6619791666666667 0.3701388888888889 0.016666666666666666 0.011111111111111112
1 0.65625 0.36527777777777776 0.0140625 0.010416666666666666
1 0.6541666666666667 0.3576388888888889 0.013541666666666667 0.010416666666666666
1 0.6473958333333333 0.34930555555555554 0.017708333333333333 0.0125
1 0.6458333333333334 0.3423611111111111 0.016666666666666666 0.010416666666666666
1 0.6411458333333333 0.3388888888888889 0.017708333333333333 0.011111111111111112
1 0.6401041666666667 0.3326388888888889 0.0171875 0.011111111111111112
1 0.634375 0.3277777777777778 0.0140625 0.010416666666666666
1 0.6302083333333334 0.32083333333333336 0.017708333333333333 0.011111111111111112
1 0.6270833333333333 0.3159722222222222 0.0140625 0.009722222222222222
1 0.6213541666666667 0.30277777777777776 0.015625 0.009722222222222222
1 0.6083333333333333 0.28402777777777777 0.013541666666666667 0.010416666666666666
1 0.5947916666666667 0.25972222222222224 0.009895833333333333 0.006944444444444444
1 0.5984375 0.26666666666666666 0.011458333333333333 0.007638888888888889
1 0.058333333333333334 0.5097222222222222 0.025 0.013194444444444444
1 0.065625 0.49583333333333335 0.024479166666666666 0.018055555555555554
1 0.07447916666666667 0.48680555555555555 0.022916666666666665 0.0125
1 0.08125 0.46944444444444444 0.030208333333333334 0.017361111111111112
1 0.09479166666666666 0.4444444444444444 0.030208333333333334 0.015277777777777777
1 0.10572916666666667 0.4340277777777778 0.022916666666666665 0.0125
1 0.115625 0.425 0.01875 0.009722222222222222
1 0.17916666666666667 0.42569444444444443 0.027083333333333334 0.017361111111111112
1 0.190625 0.4076388888888889 0.027083333333333334 0.015277777777777777
1 0.1234375 0.41041666666666665 0.020833333333333332 0.011111111111111112
1 0.20260416666666667 0.39652777777777776 0.020833333333333332 0.015277777777777777
3 0.18385416666666668 0.41458333333333336 0.0265625 0.011111111111111112
1 0.12291666666666666 0.3548611111111111 0.027083333333333334 0.010416666666666666
1 0.9270833333333334 0.8534722222222222 0.057291666666666664 0.034027777777777775
1 0.9078125 0.8194444444444444 0.057291666666666664 0.03125
1 0.8932291666666666 0.7798611111111111 0.049479166666666664 0.022916666666666665
1 0.8552083333333333 0.7305555555555555 0.05 0.025
3 0.8713541666666667 0.7479166666666667 0.058333333333333334 0.035416666666666666
3 0.3177083333333333 0.2972222222222222 0.015104166666666667 0.013194444444444444
1 0.35052083333333334 0.28958333333333336 0.015104166666666667 0.013194444444444444
1 0.31979166666666664 0.24791666666666667 0.00625 0.008333333333333333
1 0.3104166666666667 0.24930555555555556 0.00625 0.006944444444444444
1 0.29739583333333336 0.1763888888888889 0.008333333333333333 0.003472222222222222
1 0.2989583333333333 0.17916666666666667 0.009375 0.005555555555555556
1 0.30104166666666665 0.18194444444444444 0.009375 0.005555555555555556
2 0.3807291666666667 0.16666666666666666 0.007291666666666667 0.009722222222222222
0 0.303125 0.11805555555555555 0.0036458333333333334 0.005555555555555556
2 0.11354166666666667 0.24722222222222223 0.06875 0.025694444444444443