1 0.3802083333333333 0.5298611111111111 0.059895833333333336 0.049305555555555554
1 0.3572916666666667 0.3840277777777778 0.028645833333333332 0.029861111111111113
1 0.1640625 0.5333333333333333 0.065625 0.034027777777777775
1 0.12552083333333333 0.4097222222222222 0.034375 0.035416666666666666
1 0.09375 0.4076388888888889 0.027604166666666666 0.041666666666666664
1 0.1109375 0.34375 0.03125 0.02847222222222222
1 0.0671875 0.4111111111111111 0.03125 0.03611111111111111
1 0.03802083333333333 0.40625 0.0328125 0.03333333333333333
1 0.084375 0.34305555555555556 0.030208333333333334 0.030555555555555555
1 0.057291666666666664 0.34444444444444444 0.028645833333333332 0.03333333333333333
1 0.03125 0.35 0.03125 0.029861111111111113
1 0.013541666666666667 0.40208333333333335 0.027083333333333334 0.03819444444444445
3 0.25104166666666666 0.49722222222222223 0.049479166666666664 0.03611111111111111
2 0.453125 0.8125 0.14635416666666667 0.14652777777777778
2 0.6322916666666667 0.5875 0.1078125 0.09166666666666666
2 0.6651041666666667 0.7444444444444445 0.06510416666666667 0.04791666666666667
1 0.6494791666666667 0.8611111111111112 0.059895833333333336 0.09444444444444444
0 0.828125 0.9381944444444444 0.17239583333333333 0.12361111111111112
1 0.7713541666666667 0.5 0.058333333333333334 0.03611111111111111
1 0.653125 0.4409722222222222 0.04635416666666667 0.025
1 0.5890625 0.4395833333333333 0.04635416666666667 0.03125
1 0.7598958333333333 0.4375 0.0421875 0.029861111111111113
1 0.8244791666666667 0.4270833333333333 0.05364583333333333 0.025694444444444443
1 0.8932291666666666 0.425 0.049479166666666664 0.02638888888888889
1 0.9442708333333333 0.42569444444444443 0.03854166666666667 0.025
1 0.84375 0.4111111111111111 0.04583333333333333 0.025694444444444443
1 0.74375 0.41805555555555557 0.042708333333333334 0.02638888888888889
1 0.36666666666666664 0.3145833333333333 0.017708333333333333 0.025
1 0.30364583333333334 0.28680555555555554 0.0171875 0.030555555555555555
1 0.2791666666666667 0.25 0.013541666666666667 0.022222222222222223
1 0.3109375 0.1736111111111111 0.011979166666666667 0.015277777777777777
1 0.340625 0.13541666666666666 0.009895833333333333 0.014583333333333334
1 0.32864583333333336 0.13055555555555556 0.009895833333333333 0.013194444444444444
1 0.33125 0.11597222222222223 0.008333333333333333 0.011111111111111112
1 0.3692708333333333 0.13194444444444445 0.009895833333333333 0.014583333333333334
1 0.34270833333333334 0.08888888888888889 0.007291666666666667 0.011111111111111112
1 0.34791666666666665 0.07708333333333334 0.007291666666666667 0.009722222222222222
1 0.4421875 0.19444444444444445 0.015625 0.02013888888888889
1 0.22760416666666666 0.3194444444444444 0.0359375 0.025694444444444443
1 0.3578125 0.23541666666666666 0.011458333333333333 0.017361111111111112
1 0.2838541666666667 0.19444444444444445 0.017708333333333333 0.015277777777777777
1 0.23802083333333332 0.19305555555555556 0.01875 0.015277777777777777
1 0.2890625 0.18680555555555556 0.01875 0.013194444444444444
1 0.2921875 0.1763888888888889 0.019791666666666666 0.013194444444444444
1 0.35052083333333334 0.06944444444444445 0.00625 0.011111111111111112
1 0.353125 0.059722222222222225 0.0078125 0.008333333333333333
1 0.3572916666666667 0.050694444444444445 0.005208333333333333 0.009722222222222222
1 0.3723958333333333 0.01597222222222222 0.0026041666666666665 0.005555555555555556
1 0.4505208333333333 0.10902777777777778 0.013020833333333334 0.010416666666666666
1 0.4552083333333333 0.0875 0.015104166666666667 0.009722222222222222
1 0.4817708333333333 0.17777777777777778 0.025 0.013194444444444444
1 0.4036458333333333 0.2388888888888889 0.0171875 0.02013888888888889
1 0.4744791666666667 0.15833333333333333 0.024479166666666666 0.0125
3 0.4786458333333333 0.16527777777777777 0.021354166666666667 0.0125
1 0.48020833333333335 0.17291666666666666 0.024479166666666666 0.0125
1 0.4015625 0.22083333333333333 0.019270833333333334 0.017361111111111112
1 0.4015625 0.19930555555555557 0.0171875 0.02013888888888889
1 0.38177083333333334 0.19583333333333333 0.0109375 0.01597222222222222
1 0.40677083333333336 0.14027777777777778 0.016666666666666666 0.013194444444444444
1 0.45 0.23125 0.028645833333333332 0.01875
1 0.4609375 0.2777777777777778 0.029166666666666667 0.02013888888888889
1 0.4484375 0.2986111111111111 0.027604166666666666 0.022222222222222223
1 0.4583333333333333 0.2875 0.027604166666666666 0.020833333333333332
1 0.45416666666666666 0.3159722222222222 0.03333333333333333 0.02013888888888889
1 0.45677083333333335 0.3368055555555556 0.0390625 0.01875
1 0.4583333333333333 0.3548611111111111 0.04010416666666667 0.022222222222222223
1 0.45260416666666664 0.36875 0.03854166666666667 0.02013888888888889
1 0.396875 0.32222222222222224 0.019270833333333334 0.022916666666666665
1 0.3958333333333333 0.35 0.019270833333333334 0.027777777777777776
1 0.45989583333333334 0.3854166666666667 0.04739583333333333 0.02361111111111111
1 0.5109375 0.2965277777777778 0.021354166666666667 0.02361111111111111
1 0.5166666666666667 0.3145833333333333 0.025520833333333333 0.02361111111111111
1 0.5333333333333333 0.325 0.027083333333333334 0.02638888888888889
1 0.5546875 0.33194444444444443 0.03229166666666667 0.029861111111111113
1 0.5713541666666667 0.3416666666666667 0.028645833333333332 0.025
1 0.5895833333333333 0.34652777777777777 0.027604166666666666 0.025
1 0.6109375 0.35833333333333334 0.030729166666666665 0.02361111111111111
1 0.6317708333333333 0.3659722222222222 0.027604166666666666 0.025
1 0.6541666666666667 0.37569444444444444 0.029166666666666667 0.027777777777777776
1 0.39947916666666666 0.2513888888888889 0.0171875 0.01875
1 0.46979166666666666 0.09652777777777778 0.00625 0.011111111111111112
3 0.46875 0.10694444444444444 0.009375 0.01597222222222222
1 0.47239583333333335 0.1361111111111111 0.022395833333333334 0.013194444444444444
1 0.4734375 0.14027777777777778 0.019791666666666666 0.010416666666666666
2 0.9703125 0.48194444444444445 0.059375 0.05138888888888889
1 0.9864583333333333 0.4236111111111111 0.027083333333333334 0.03611111111111111