1 0.025520833333333333 0.5201388888888889 0.04635416666666667 0.0798611111111111
1 0.0546875 0.4583333333333333 0.04635416666666667 0.050694444444444445
1 0.10104166666666667 0.4597222222222222 0.04791666666666667 0.05347222222222222
1 0.15520833333333334 0.45208333333333334 0.0359375 0.044444444444444446
1 0.08385416666666666 0.5215277777777778 0.052083333333333336 0.075
3 0.1359375 0.5090277777777777 0.04791666666666667 0.08888888888888889
1 0.18020833333333333 0.5048611111111111 0.041666666666666664 0.07013888888888889
1 0.23072916666666668 0.44375 0.041666666666666664 0.05555555555555555
1 0.27760416666666665 0.44513888888888886 0.0359375 0.052083333333333336
1 0.3729166666666667 0.42986111111111114 0.0359375 0.044444444444444446
1 0.4109375 0.42777777777777776 0.03854166666666667 0.06319444444444444
1 0.46197916666666666 0.4201388888888889 0.036458333333333336 0.050694444444444445
1 0.46041666666666664 0.4652777777777778 0.04375 0.059722222222222225
1 0.4109375 0.475 0.042708333333333334 0.05555555555555555
1 0.3723958333333333 0.4777777777777778 0.04010416666666667 0.06944444444444445
1 0.3255208333333333 0.48125 0.034895833333333334 0.07152777777777777
1 0.27239583333333334 0.49722222222222223 0.04010416666666667 0.059027777777777776
1 0.22760416666666666 0.5 0.04010416666666667 0.06319444444444444
3 0.057291666666666664 0.7076388888888889 0.09739583333333333 0.10486111111111111
1 0.13489583333333333 0.7027777777777777 0.059375 0.09166666666666666
1 0.2 0.6833333333333333 0.059895833333333336 0.1
1 0.2708333333333333 0.6833333333333333 0.050520833333333334 0.11527777777777778
1 0.38958333333333334 0.6597222222222222 0.06770833333333333 0.11041666666666666
1 0.4473958333333333 0.6506944444444445 0.05364583333333333 0.1
1 0.50625 0.6326388888888889 0.058333333333333334 0.10347222222222222
1 0.5677083333333334 0.6222222222222222 0.05364583333333333 0.09513888888888888
1 0.6213541666666667 0.6208333333333333 0.058333333333333334 0.10486111111111111
1 0.6765625 0.6083333333333333 0.05625 0.09444444444444444
3 0.7484375 0.5368055555555555 0.09479166666666666 0.05694444444444444
1 0.7427083333333333 0.5027777777777778 0.084375 0.049305555555555554
1 0.7541666666666667 0.47152777777777777 0.0765625 0.041666666666666664
1 0.7640625 0.4479166666666667 0.059375 0.034027777777777775
1 0.7666666666666667 0.42777777777777776 0.06666666666666667 0.04583333333333333
1 0.6588541666666666 0.34791666666666665 0.0421875 0.04583333333333333
1 0.7026041666666667 0.3854166666666667 0.06354166666666666 0.04791666666666667
1 0.7135416666666666 0.3645833333333333 0.05 0.029861111111111113
1 0.7208333333333333 0.35347222222222224 0.05416666666666667 0.03125
1 0.7276041666666667 0.34444444444444444 0.05416666666666667 0.029861111111111113
1 0.7369791666666666 0.33055555555555555 0.0515625 0.02847222222222222
1 0.7583333333333333 0.2972222222222222 0.052083333333333336 0.02638888888888889
1 0.7755208333333333 0.28888888888888886 0.03854166666666667 0.02361111111111111
1 0.7791666666666667 0.2833333333333333 0.0390625 0.02361111111111111
1 0.7838541666666666 0.27847222222222223 0.0421875 0.025694444444444443
1 0.7828125 0.26666666666666666 0.04583333333333333 0.02638888888888889
1 0.7161458333333334 0.2222222222222222 0.03229166666666667 0.017361111111111112
1 0.703125 0.21597222222222223 0.025 0.01597222222222222
1 0.696875 0.20972222222222223 0.025 0.01875
1 0.6901041666666666 0.20416666666666666 0.028645833333333332 0.018055555555555554
1 0.6848958333333334 0.19791666666666666 0.024479166666666666 0.013194444444444444
1 0.6791666666666667 0.19652777777777777 0.022916666666666665 0.0125
1 0.675 0.19375 0.027083333333333334 0.01597222222222222
3 0.6666666666666666 0.18680555555555556 0.030729166666666665 0.014583333333333334
1 0.7276041666666667 0.22916666666666666 0.034375 0.02361111111111111
1 0.7666666666666667 0.2263888888888889 0.0328125 0.025
1 0.7609375 0.18888888888888888 0.030208333333333334 0.018055555555555554
3 0.7520833333333333 0.18194444444444444 0.03125 0.015277777777777777
1 0.740625 0.17708333333333334 0.021354166666666667 0.013194444444444444
1 0.73125 0.1736111111111111 0.022395833333333334 0.013194444444444444
1 0.7197916666666667 0.16597222222222222 0.0265625 0.017361111111111112
1 0.7098958333333333 0.1763888888888889 0.019270833333333334 0.018055555555555554
3 0.696875 0.18472222222222223 0.03229166666666667 0.022916666666666665
1 0.6708333333333333 0.1701388888888889 0.024479166666666666 0.013194444444444444
1 0.7036458333333333 0.1625 0.021354166666666667 0.0125
1 0.6958333333333333 0.15694444444444444 0.020833333333333332 0.01597222222222222
1 0.6947916666666667 0.1284722222222222 0.019270833333333334 0.020833333333333332
1 0.7270833333333333 0.1451388888888889 0.019791666666666666 0.01597222222222222
1 0.7416666666666667 0.15833333333333333 0.017708333333333333 0.018055555555555554
1 0.7708333333333334 0.15416666666666667 0.025 0.020833333333333332
1 0.7723958333333333 0.16527777777777777 0.019270833333333334 0.01597222222222222
1 0.8010416666666667 0.16944444444444445 0.0265625 0.020833333333333332
1 0.8244791666666667 0.19166666666666668 0.0359375 0.029861111111111113
1 0.8619791666666666 0.19444444444444445 0.03125 0.030555555555555555
1 0.9401041666666666 0.23402777777777778 0.03854166666666667 0.03263888888888889
0 0.85625 0.2326388888888889 0.057291666666666664 0.03680555555555556
1 0.8270833333333333 0.21805555555555556 0.044270833333333336 0.02638888888888889
1 0.8984375 0.22777777777777777 0.0234375 0.022916666666666665
3 0.9697916666666667 0.25555555555555554 0.03854166666666667 0.03125