1 0.5296875 0.8416666666666667 0.0515625 0.1625
1 0.5895833333333333 0.9243055555555556 0.059375 0.15138888888888888
3 0.9380208333333333 0.9361111111111111 0.1234375 0.09444444444444444
1 0.9052083333333333 0.8263888888888888 0.12552083333333333 0.06527777777777778
1 0.8875 0.5958333333333333 0.09895833333333333 0.059027777777777776
1 0.696875 0.5159722222222223 0.0421875 0.07916666666666666
1 0.5901041666666667 0.6222222222222222 0.049479166666666664 0.09236111111111112
1 0.53125 0.6111111111111112 0.05260416666666667 0.09930555555555555
1 0.44375 0.6097222222222223 0.042708333333333334 0.08819444444444445
1 0.503125 0.5534722222222223 0.044270833333333336 0.08055555555555556
1 0.31666666666666665 0.7673611111111112 0.06979166666666667 0.12083333333333333
2 0.3885416666666667 0.5104166666666666 0.06510416666666667 0.14097222222222222
1 0.4734375 0.46597222222222223 0.0421875 0.07361111111111111
3 0.5927083333333333 0.44305555555555554 0.0328125 0.07152777777777777
3 0.5322916666666667 0.3590277777777778 0.0359375 0.05486111111111111
1 0.5901041666666667 0.3729166666666667 0.025 0.05
1 0.440625 0.3784722222222222 0.0328125 0.04722222222222222
1 0.7307291666666667 0.30416666666666664 0.05 0.029861111111111113
1 0.37916666666666665 0.3458333333333333 0.034375 0.05347222222222222
1 0.521875 0.28541666666666665 0.022916666666666665 0.0375
1 0.42083333333333334 0.24166666666666667 0.021875 0.03125
3 0.4765625 0.2534722222222222 0.0203125 0.044444444444444446
1 0.5296875 0.2298611111111111 0.016666666666666666 0.02361111111111111
1 0.5901041666666667 0.22361111111111112 0.017708333333333333 0.02361111111111111
1 0.5317708333333333 0.20833333333333334 0.016145833333333335 0.022916666666666665
1 0.5348958333333333 0.19166666666666668 0.015104166666666667 0.019444444444444445
1 0.5416666666666666 0.17291666666666666 0.014583333333333334 0.02361111111111111
1 0.6807291666666667 0.17847222222222223 0.025 0.015277777777777777
1 0.6807291666666667 0.17083333333333334 0.026041666666666668 0.014583333333333334
1 0.6796875 0.16319444444444445 0.0265625 0.01597222222222222
1 0.54375 0.14722222222222223 0.0140625 0.02013888888888889
3 0.6234375 0.075 0.016145833333333335 0.01597222222222222
1 0.5942708333333333 0.12708333333333333 0.021875 0.016666666666666666
1 0.5875 0.1125 0.015625 0.019444444444444445
1 0.5890625 0.0875 0.013020833333333334 0.014583333333333334
1 0.5885416666666666 0.06527777777777778 0.009375 0.013194444444444444
1 0.484375 0.06527777777777778 0.019791666666666666 0.010416666666666666
1 0.4901041666666667 0.05416666666666667 0.015625 0.011805555555555555
1 0.44583333333333336 0.06111111111111111 0.016666666666666666 0.008333333333333333
1 0.4322916666666667 0.06805555555555555 0.015104166666666667 0.009027777777777777
1 0.4119791666666667 0.06944444444444445 0.015625 0.010416666666666666
1 0.41770833333333335 0.06180555555555556 0.01875 0.010416666666666666
3 0.4296875 0.04583333333333333 0.010416666666666666 0.011805555555555555
1 0.3927083333333333 0.06180555555555556 0.020833333333333332 0.011111111111111112
1 0.3619791666666667 0.07152777777777777 0.021875 0.010416666666666666
1 0.334375 0.07291666666666667 0.020833333333333332 0.011111111111111112
1 0.309375 0.075 0.021354166666666667 0.010416666666666666
3 0.36614583333333334 0.0625 0.0171875 0.011111111111111112
3 0.34375 0.06527777777777778 0.01875 0.0125
1 0.3203125 0.06805555555555555 0.020833333333333332 0.009722222222222222
1 0.2947916666666667 0.06875 0.019791666666666666 0.011111111111111112
1 0.28177083333333336 0.0763888888888889 0.021875 0.011111111111111112
1 0.25625 0.07708333333333334 0.0234375 0.010416666666666666
1 0.2682291666666667 0.07083333333333333 0.020833333333333332 0.009722222222222222
3 0.2640625 0.06527777777777778 0.0203125 0.011805555555555555
3 0.22760416666666666 0.07777777777777778 0.0203125 0.014583333333333334
1 0.24479166666666666 0.06319444444444444 0.015104166666666667 0.011111111111111112
3 0.20416666666666666 0.08055555555555556 0.018229166666666668 0.011111111111111112
1 0.18020833333333333 0.08125 0.016666666666666666 0.011805555555555555
1 0.15677083333333333 0.08263888888888889 0.0265625 0.010416666666666666
1 0.1609375 0.07361111111111111 0.019791666666666666 0.009722222222222222
1 0.1546875 0.07708333333333334 0.020833333333333332 0.011111111111111112
1 0.128125 0.07777777777777778 0.021875 0.009027777777777777
3 0.09947916666666666 0.07847222222222222 0.020833333333333332 0.0125
1 0.0734375 0.08194444444444444 0.022395833333333334 0.011805555555555555
1 0.046875 0.09027777777777778 0.021875 0.010416666666666666
1 0.0515625 0.08333333333333333 0.020833333333333332 0.011805555555555555
1 0.027083333333333334 0.08333333333333333 0.021354166666666667 0.011111111111111112