1 0.8427083333333333 0.7513888888888889 0.11510416666666666 0.11458333333333333
1 0.5307291666666667 0.3611111111111111 0.07864583333333333 0.07361111111111111
1 0.4630208333333333 0.25277777777777777 0.06666666666666667 0.06736111111111111
1 0.34479166666666666 0.22569444444444445 0.06510416666666667 0.05694444444444444
1 0.0765625 0.7284722222222222 0.0859375 0.09166666666666666
1 0.04479166666666667 0.5534722222222223 0.05364583333333333 0.125
1 0.24947916666666667 0.21319444444444444 0.06354166666666666 0.06458333333333334
1 0.36041666666666666 0.12638888888888888 0.05364583333333333 0.05416666666666667
1 0.45989583333333334 0.19166666666666668 0.0578125 0.05625
1 0.2671875 0.11180555555555556 0.05 0.050694444444444445
1 0.23125 0.14097222222222222 0.05572916666666667 0.05694444444444444
1 0.28177083333333336 0.07777777777777778 0.0609375 0.06736111111111111
1 0.1578125 0.20208333333333334 0.058333333333333334 0.06666666666666667
1 0.0984375 0.14652777777777778 0.05520833333333333 0.052083333333333336
1 0.13697916666666668 0.12152777777777778 0.065625 0.059722222222222225
1 0.11197916666666667 0.05555555555555555 0.052083333333333336 0.04652777777777778
1 0.030208333333333334 0.09930555555555555 0.05260416666666667 0.05138888888888889
1 0.04479166666666667 0.05486111111111111 0.05572916666666667 0.050694444444444445
1 0.0609375 0.022222222222222223 0.05625 0.04375
3 0.37552083333333336 0.3020833333333333 0.0671875 0.06736111111111111
3 0.15520833333333334 0.6340277777777777 0.0734375 0.0875
3 0.4473958333333333 0.4354166666666667 0.08020833333333334 0.08263888888888889
3 0.6494791666666667 0.5215277777777778 0.0859375 0.08472222222222223
3 0.76875 0.53125 0.10520833333333333 0.09791666666666667
1 0.03854166666666667 0.7881944444444444 0.07708333333333334 0.10555555555555556
0 0.36614583333333334 0.02361111111111111 0.109375 0.04722222222222222