1 0.3489583333333333 0.05763888888888889 0.036458333333333336 0.09444444444444444
1 0.4171875 0.022916666666666665 0.0328125 0.04583333333333333
1 0.5791666666666667 0.06944444444444445 0.034895833333333334 0.09722222222222222
1 0.5734375 0.18055555555555555 0.034895833333333334 0.09652777777777778
3 0.41770833333333335 0.12430555555555556 0.03125 0.09027777777777778
3 0.5864583333333333 0.3236111111111111 0.030208333333333334 0.09236111111111112
3 0.36875 0.8027777777777778 0.03697916666666667 0.11597222222222223
3 0.24739583333333334 0.9104166666666667 0.09375 0.05694444444444444
1 0.24322916666666666 0.9722222222222222 0.08645833333333333 0.04791666666666667
1 0.41302083333333334 0.8868055555555555 0.040625 0.11319444444444444
1 0.5979166666666667 0.9069444444444444 0.03697916666666667 0.12986111111111112
3 0.5901041666666667 0.7798611111111111 0.030729166666666665 0.09652777777777778
1 0.4140625 0.73125 0.03854166666666667 0.12569444444444444
1 0.5880208333333333 0.6576388888888889 0.034895833333333334 0.10347222222222222
1 0.5890625 0.5388888888888889 0.03229166666666667 0.09444444444444444
1 0.4822916666666667 0.6097222222222223 0.0390625 0.12361111111111112
1 0.41302083333333334 0.6055555555555555 0.034895833333333334 0.10277777777777777
1 0.3265625 0.5736111111111111 0.03697916666666667 0.10277777777777777
1 0.2828125 0.40625 0.084375 0.044444444444444446
1 0.3697916666666667 0.3159722222222222 0.03697916666666667 0.10833333333333334
2 0.409375 0.24444444444444444 0.041666666666666664 0.13819444444444445