3 0.965625 0.8263888888888888 0.06875 0.10902777777777778
1 0.4166666666666667 0.9090277777777778 0.10729166666666666 0.1638888888888889
1 0.6302083333333334 0.44305555555555554 0.0453125 0.052083333333333336
1 0.490625 0.3736111111111111 0.044270833333333336 0.05486111111111111
1 0.153125 0.9166666666666666 0.14635416666666667 0.16597222222222222
1 0.04791666666666667 0.6666666666666666 0.0953125 0.07708333333333334
2 0.12604166666666666 0.8166666666666667 0.1609375 0.18263888888888888
3 0.415625 0.4756944444444444 0.0609375 0.08055555555555556
0 0.5692708333333333 0.31875 0.08385416666666666 0.12222222222222222
2 0.6953125 0.2833333333333333 0.040625 0.049305555555555554
2 0.6119791666666666 0.23055555555555557 0.035416666666666666 0.03680555555555556
3 0.7552083333333334 0.16666666666666666 0.022395833333333334 0.025
3 0.7369791666666666 0.15902777777777777 0.019270833333333334 0.022222222222222223
2 0.6682291666666667 0.1638888888888889 0.051041666666666666 0.05486111111111111
2 0.7005208333333334 0.12638888888888888 0.033854166666666664 0.043055555555555555
2 0.7239583333333334 0.09930555555555555 0.0296875 0.03263888888888889
1 0.7067708333333333 0.15694444444444444 0.0203125 0.021527777777777778
1 0.7265625 0.13055555555555556 0.01875 0.01875
2 0.7411458333333333 0.08194444444444444 0.0171875 0.02361111111111111
2 0.7473958333333334 0.06527777777777778 0.019270833333333334 0.03125
3 0.8546875 0.10416666666666667 0.026041666666666668 0.015277777777777777
3 0.8223958333333333 0.1 0.029166666666666667 0.014583333333333334
1 0.8020833333333334 0.06944444444444445 0.010416666666666666 0.010416666666666666
1 0.7677083333333333 0.075 0.0109375 0.0125
1 0.78125 0.05694444444444444 0.009895833333333333 0.010416666666666666
1 0.7552083333333334 0.06805555555555555 0.009895833333333333 0.011111111111111112
1 0.75625 0.06319444444444444 0.009895833333333333 0.008333333333333333
1 0.7614583333333333 0.06319444444444444 0.009895833333333333 0.011111111111111112
2 0.7666666666666667 0.05 0.01875 0.02847222222222222
1 0.7739583333333333 0.050694444444444445 0.009895833333333333 0.011111111111111112
0 0.7744791666666667 0.04027777777777778 0.016145833333333335 0.02013888888888889
1 0.875 0.04236111111111111 0.01875 0.011111111111111112
2 0.79375 0.03611111111111111 0.013020833333333334 0.01875
1 0.7859375 0.03333333333333333 0.0067708333333333336 0.008333333333333333
1 0.7989583333333333 0.03125 0.009375 0.009722222222222222
1 0.7880208333333333 0.027083333333333334 0.0078125 0.010416666666666666