0 0.019791666666666666 0.06527777777777778 0.028645833333333332 0.021527777777777778
3 0.06927083333333334 0.10347222222222222 0.01875 0.013888888888888888
0 0.11302083333333333 0.04236111111111111 0.040625 0.041666666666666664
0 0.1609375 0.03958333333333333 0.0515625 0.025694444444444443
0 0.32447916666666665 0.044444444444444446 0.04583333333333333 0.035416666666666666
3 0.2869791666666667 0.07777777777777778 0.017708333333333333 0.016666666666666666
1 0.36354166666666665 0.07152777777777777 0.015625 0.01875
1 0.3828125 0.10833333333333334 0.011458333333333333 0.024305555555555556
1 0.40729166666666666 0.1284722222222222 0.007291666666666667 0.022916666666666665
1 0.39479166666666665 0.20625 0.0078125 0.02638888888888889
1 0.40729166666666666 0.2638888888888889 0.009895833333333333 0.027777777777777776
1 0.4328125 0.49166666666666664 0.011458333333333333 0.03680555555555556
1 0.42916666666666664 0.5868055555555556 0.011458333333333333 0.041666666666666664
0 0.46197916666666666 0.6027777777777777 0.024479166666666666 0.12152777777777778
3 0.4390625 0.8166666666666667 0.013020833333333334 0.05486111111111111
1 0.43333333333333335 0.9715277777777778 0.022395833333333334 0.05486111111111111
3 0.021875 0.9770833333333333 0.0265625 0.043055555555555555
3 0.18229166666666666 0.9548611111111112 0.021354166666666667 0.0625
3 0.22760416666666666 0.9423611111111111 0.01875 0.059722222222222225
3 0.26666666666666666 0.9381944444444444 0.01875 0.0625
3 0.24739583333333334 0.9451388888888889 0.01875 0.06319444444444444
0 0.5442708333333334 0.4847222222222222 0.024479166666666666 0.09930555555555555
0 0.6354166666666666 0.5763888888888888 0.06770833333333333 0.043055555555555555
0 0.5291666666666667 0.6513888888888889 0.024479166666666666 0.11805555555555555
0 0.6619791666666667 0.7881944444444444 0.034895833333333334 0.13680555555555557
0 0.5760416666666667 0.7263888888888889 0.04375 0.06458333333333334
0 0.5734375 0.7666666666666667 0.04583333333333333 0.06875
0 0.5901041666666667 0.7881944444444444 0.04635416666666667 0.06875
0 0.5859375 0.8333333333333334 0.05260416666666667 0.0798611111111111
0 0.5927083333333333 0.9125 0.06510416666666667 0.10138888888888889
0 0.68125 0.9888888888888889 0.059375 0.01875
0 0.709375 0.9520833333333333 0.0859375 0.06736111111111111
0 0.7052083333333333 0.9145833333333333 0.0859375 0.059722222222222225
2 0.8276041666666667 0.7243055555555555 0.052083333333333336 0.04722222222222222
3 0.7322916666666667 0.7381944444444445 0.029166666666666667 0.02638888888888889
3 0.8020833333333334 0.6041666666666666 0.024479166666666666 0.022916666666666665
3 0.8052083333333333 0.6222222222222222 0.030729166666666665 0.029166666666666667
1 0.7140625 0.6611111111111111 0.027604166666666666 0.025694444444444443
1 0.7182291666666667 0.6868055555555556 0.0265625 0.022916666666666665
1 0.8072916666666666 0.6506944444444445 0.029166666666666667 0.024305555555555556