1 0.5057291666666667 0.8944444444444445 0.065625 0.1284722222222222
1 0.5203125 0.5041666666666667 0.06666666666666667 0.043055555555555555
1 0.5822916666666667 0.46319444444444446 0.05520833333333333 0.03819444444444445
1 0.7869791666666667 0.5798611111111112 0.06302083333333333 0.05347222222222222
1 0.7552083333333334 0.5354166666666667 0.065625 0.043055555555555555
1 0.8541666666666666 0.5277777777777778 0.07083333333333333 0.04027777777777778
1 0.4088541666666667 0.44583333333333336 0.05520833333333333 0.041666666666666664
1 0.27760416666666665 0.43680555555555556 0.052083333333333336 0.035416666666666666
1 0.1859375 0.45208333333333334 0.052083333333333336 0.043055555555555555
1 0.1828125 0.3854166666666667 0.0484375 0.029861111111111113
1 0.0875 0.35833333333333334 0.04635416666666667 0.030555555555555555
1 0.13072916666666667 0.34652777777777777 0.041666666666666664 0.02638888888888889
1 0.1734375 0.5340277777777778 0.059895833333333336 0.050694444444444445
1 0.3927083333333333 0.33402777777777776 0.03697916666666667 0.025
1 0.5208333333333334 0.3145833333333333 0.022395833333333334 0.022916666666666665
1 0.5567708333333333 0.3020833333333333 0.019270833333333334 0.025694444444444443
1 0.5765625 0.27361111111111114 0.015625 0.022222222222222223
1 0.603125 0.23680555555555555 0.015104166666666667 0.014583333333333334
1 0.6723958333333333 0.20347222222222222 0.0109375 0.018055555555555554
1 0.6380208333333334 0.1909722222222222 0.0109375 0.0125
1 0.6880208333333333 0.16944444444444445 0.008333333333333333 0.011111111111111112
1 0.66875 0.16111111111111112 0.008333333333333333 0.010416666666666666
1 0.6677083333333333 0.15 0.008333333333333333 0.010416666666666666
1 0.6994791666666667 0.1486111111111111 0.008333333333333333 0.009722222222222222
1 0.6927083333333334 0.1388888888888889 0.007291666666666667 0.009722222222222222
1 0.6984375 0.1326388888888889 0.00625 0.008333333333333333
1 0.7177083333333333 0.3284722222222222 0.016666666666666666 0.020833333333333332
1 0.7203125 0.30833333333333335 0.013541666666666667 0.017361111111111112
1 0.7223958333333333 0.29305555555555557 0.013020833333333334 0.01875
1 0.7765625 0.3111111111111111 0.015104166666666667 0.020833333333333332
1 0.775 0.29791666666666666 0.013020833333333334 0.02013888888888889
1 0.7979166666666667 0.38263888888888886 0.04010416666666667 0.034027777777777775
1 0.7776041666666667 0.32708333333333334 0.015104166666666667 0.02013888888888889
1 0.7291666666666666 0.21875 0.0109375 0.014583333333333334
1 0.6291666666666667 0.2048611111111111 0.0109375 0.015277777777777777
1 0.54375 0.2763888888888889 0.01875 0.022222222222222223
1 0.5526041666666667 0.2625 0.0171875 0.018055555555555554
1 0.5609375 0.25069444444444444 0.015625 0.018055555555555554
1 0.5708333333333333 0.24166666666666667 0.013541666666666667 0.017361111111111112
1 0.5828125 0.2298611111111111 0.0140625 0.017361111111111112
1 0.5927083333333333 0.22013888888888888 0.013020833333333334 0.015277777777777777
1 0.5973958333333333 0.2125 0.013541666666666667 0.013194444444444444
1 0.5385416666666667 0.24166666666666667 0.0171875 0.018055555555555554
1 0.5203125 0.25763888888888886 0.017708333333333333 0.018055555555555554
1 0.4796875 0.2777777777777778 0.03229166666666667 0.02013888888888889
3 0.6338541666666667 0.2777777777777778 0.015104166666666667 0.02361111111111111
3 0.7265625 0.26180555555555557 0.0109375 0.01875
1 0.7291666666666666 0.2465277777777778 0.0109375 0.013194444444444444
3 0.7270833333333333 0.25625 0.013020833333333334 0.017361111111111112
2 0.6197916666666666 0.21597222222222223 0.0140625 0.02638888888888889
1 0.6447916666666667 0.18125 0.009895833333333333 0.0125
1 0.6541666666666667 0.17152777777777778 0.0078125 0.011111111111111112
1 0.6598958333333333 0.16319444444444445 0.007291666666666667 0.011111111111111112
1 0.65625 0.16597222222222222 0.0078125 0.0125
1 0.671875 0.14305555555555555 0.00625 0.011111111111111112
2 0.6755208333333333 0.1361111111111111 0.008333333333333333 0.015277777777777777
1 0.715625 0.11319444444444444 0.005729166666666666 0.006944444444444444
1 0.71875 0.10625 0.005208333333333333 0.006944444444444444
1 0.70625 0.10902777777777778 0.005208333333333333 0.006944444444444444
1 0.715625 0.10208333333333333 0.004166666666666667 0.006944444444444444
1 0.7307291666666667 0.11944444444444445 0.004166666666666667 0.006944444444444444
1 0.73125 0.09166666666666666 0.004166666666666667 0.004861111111111111
1 0.7182291666666667 0.09444444444444444 0.0036458333333333334 0.004861111111111111
2 0.8036458333333333 0.32916666666666666 0.03125 0.04097222222222222
1 0.140625 0.5236111111111111 0.0515625 0.049305555555555554
1 0.11770833333333333 0.5131944444444444 0.0640625 0.05694444444444444
1 0.090625 0.5 0.057291666666666664 0.04791666666666667
1 0.08229166666666667 0.6895833333333333 0.06927083333333334 0.08402777777777778
1 0.03177083333333333 0.49375 0.06354166666666666 0.05625
1 0.017708333333333333 0.47847222222222224 0.034895833333333334 0.04861111111111111
1 0.971875 0.47152777777777777 0.05625 0.034722222222222224
1 0.8921875 0.9409722222222222 0.06354166666666666 0.11805555555555555
1 0.25364583333333335 0.29791666666666666 0.0328125 0.025694444444444443
3 0.3671875 0.39166666666666666 0.04583333333333333 0.03611111111111111