1 0.5119791666666667 0.7243055555555555 0.034895833333333334 0.06388888888888888
1 0.496875 0.8006944444444445 0.040625 0.07430555555555556
1 0.4630208333333333 0.9243055555555556 0.0515625 0.1076388888888889
1 0.5666666666666667 0.39652777777777776 0.011458333333333333 0.01875
1 0.5947916666666667 0.24305555555555555 0.005729166666666666 0.007638888888888889
1 0.5973958333333333 0.21944444444444444 0.005729166666666666 0.004861111111111111
1 0.6786458333333333 0.3840277777777778 0.009895833333333333 0.013194444444444444
1 0.65625 0.30833333333333335 0.005729166666666666 0.005555555555555556
1 0.6458333333333334 0.2777777777777778 0.005208333333333333 0.005555555555555556
1 0.6234375 0.24513888888888888 0.004166666666666667 0.002777777777777778
1 0.6322916666666667 0.24583333333333332 0.0020833333333333333 0.003472222222222222
1 0.6380208333333334 0.2520833333333333 0.0036458333333333334 0.002777777777777778
1 0.6380208333333334 0.2722222222222222 0.0036458333333333334 0.004861111111111111
1 0.6645833333333333 0.25972222222222224 0.005208333333333333 0.006944444444444444
1 0.6921875 0.3034722222222222 0.005729166666666666 0.005555555555555556
1 0.68125 0.2798611111111111 0.004166666666666667 0.006944444444444444
1 0.6458333333333334 0.25555555555555554 0.0036458333333333334 0.004861111111111111
1 0.6578125 0.2916666666666667 0.005729166666666666 0.004861111111111111
1 0.6557291666666667 0.28541666666666665 0.005729166666666666 0.004861111111111111
1 0.6640625 0.24722222222222223 0.004166666666666667 0.004861111111111111
1 0.7213541666666666 0.35138888888888886 0.019791666666666666 0.011111111111111112
1 0.7697916666666667 0.4305555555555556 0.00625 0.007638888888888889
1 0.8765625 0.5979166666666667 0.05260416666666667 0.034027777777777775