1 0.42135416666666664 0.9631944444444445 0.078125 0.07361111111111111
1 0.41354166666666664 0.85 0.084375 0.11041666666666666
1 0.4166666666666667 0.7652777777777777 0.0625 0.09444444444444444
1 0.41822916666666665 0.6923611111111111 0.06041666666666667 0.075
3 0.41510416666666666 0.5888888888888889 0.027604166666666666 0.06388888888888888
1 0.42552083333333335 0.5402777777777777 0.053125 0.04791666666666667
1 0.6692708333333334 0.8784722222222222 0.06510416666666667 0.11597222222222223
1 0.984375 0.7305555555555555 0.03125 0.05694444444444444
1 0.7875 0.5145833333333333 0.04635416666666667 0.04861111111111111
1 0.8119791666666667 0.5333333333333333 0.019270833333333334 0.022222222222222223
3 0.6770833333333334 0.5965277777777778 0.043229166666666666 0.0625
3 0.6557291666666667 0.46875 0.04375 0.03263888888888889
3 0.6505208333333333 0.3625 0.01875 0.022916666666666665
1 0.5640625 0.5861111111111111 0.0421875 0.04236111111111111
1 0.5447916666666667 0.5236111111111111 0.03958333333333333 0.04375
1 0.41822916666666665 0.475 0.021354166666666667 0.0375
1 0.5317708333333333 0.4875 0.04375 0.035416666666666666
1 0.53125 0.46875 0.04114583333333333 0.03263888888888889
1 0.646875 0.33194444444444443 0.018229166666666668 0.019444444444444445
1 0.41822916666666665 0.44027777777777777 0.019791666666666666 0.03263888888888889
2 0.42291666666666666 0.41458333333333336 0.022395833333333334 0.03333333333333333
3 0.5265625 0.44166666666666665 0.01875 0.029166666666666667
3 0.5130208333333334 0.3875 0.0265625 0.04097222222222222
1 0.4984375 0.35347222222222224 0.015104166666666667 0.019444444444444445
1 0.4942708333333333 0.3416666666666667 0.0125 0.016666666666666666
1 0.4197916666666667 0.35347222222222224 0.0125 0.017361111111111112
1 0.4890625 0.3194444444444444 0.013020833333333334 0.016666666666666666
1 0.46041666666666664 0.28125 0.009895833333333333 0.011111111111111112
1 0.44166666666666665 0.2722222222222222 0.008854166666666666 0.011111111111111112
1 0.42083333333333334 0.3159722222222222 0.011979166666666667 0.015277777777777777
1 0.42083333333333334 0.30625 0.010416666666666666 0.013888888888888888
1 0.421875 0.29791666666666666 0.0109375 0.013194444444444444
1 0.42291666666666666 0.27291666666666664 0.008333333333333333 0.011111111111111112
1 0.42291666666666666 0.2659722222222222 0.008854166666666666 0.011805555555555555
1 0.42291666666666666 0.25763888888888886 0.008333333333333333 0.009722222222222222
1 0.5333333333333333 0.3284722222222222 0.027083333333333334 0.015277777777777777
2 0.5864583333333333 0.3298611111111111 0.022916666666666665 0.034722222222222224
1 0.5947916666666667 0.325 0.020833333333333332 0.02013888888888889
1 0.5807291666666666 0.31666666666666665 0.026041666666666668 0.01597222222222222
1 0.5765625 0.2791666666666667 0.0109375 0.011805555555555555
1 0.5213541666666667 0.24305555555555555 0.014583333333333334 0.009722222222222222
1 0.5390625 0.23125 0.0078125 0.008333333333333333
1 0.440625 0.22569444444444445 0.00625 0.007638888888888889
1 0.4375 0.2152777777777778 0.00625 0.008333333333333333
1 0.425 0.22291666666666668 0.00625 0.006944444444444444