2 0.3875 0.044444444444444446 0.016666666666666666 0.08888888888888889
1 0.3671875 0.2520833333333333 0.025520833333333333 0.018055555555555554
1 0.6166666666666667 0.31180555555555556 0.011979166666666667 0.03125
1 0.6203125 0.5034722222222222 0.009375 0.03611111111111111
2 0.5192708333333333 0.6944444444444444 0.01875 0.11041666666666666
2 0.6286458333333333 0.7854166666666667 0.015625 0.08125
2 0.5598958333333334 0.9416666666666667 0.011979166666666667 0.043055555555555555
1 0.4734375 0.9340277777777778 0.022395833333333334 0.014583333333333334
1 0.8713541666666667 0.9256944444444445 0.015625 0.03263888888888889
1 0.8802083333333334 0.9923611111111111 0.024479166666666666 0.015277777777777777
2 0.7848958333333333 0.059722222222222225 0.017708333333333333 0.07013888888888889
2 0.39427083333333335 0.31875 0.015625 0.041666666666666664