0 0.5083333333333333 0.18680555555555556 0.015625 0.050694444444444445
0 0.5375 0.4875 0.020833333333333332 0.08402777777777778
1 0.5364583333333334 0.21805555555555556 0.013020833333333334 0.03819444444444445
1 0.5083333333333333 0.2375 0.009895833333333333 0.030555555555555555
1 0.490625 0.22916666666666666 0.011458333333333333 0.029166666666666667
1 0.4890625 0.30486111111111114 0.0140625 0.03333333333333333
1 0.5083333333333333 0.36180555555555555 0.013020833333333334 0.04027777777777778
1 0.484375 0.4354166666666667 0.013020833333333334 0.04027777777777778
1 0.4859375 0.38958333333333334 0.013020833333333334 0.04027777777777778
1 0.4869791666666667 0.34444444444444444 0.013020833333333334 0.03680555555555556
1 0.5125 0.28194444444444444 0.013541666666666667 0.03819444444444445
1 0.5427083333333333 0.5798611111111112 0.0171875 0.05347222222222222
1 0.5442708333333334 0.8222222222222222 0.022916666666666665 0.07847222222222222
3 0.4895833333333333 0.2638888888888889 0.013541666666666667 0.03819444444444445
3 0.5098958333333333 0.31527777777777777 0.011979166666666667 0.03958333333333333
3 0.5348958333333333 0.36944444444444446 0.015625 0.050694444444444445
2 0.5692708333333333 0.6486111111111111 0.024479166666666666 0.11666666666666667
1 0.6427083333333333 0.1875 0.03802083333333333 0.02638888888888889
1 0.6411458333333333 0.1527777777777778 0.030729166666666665 0.03194444444444444
1 0.64375 0.1673611111111111 0.0265625 0.025694444444444443