1 0.32447916666666665 0.8236111111111111 0.030729166666666665 0.08611111111111111
1 0.28802083333333334 0.8083333333333333 0.034375 0.09166666666666666
1 0.39010416666666664 0.5006944444444444 0.022916666666666665 0.059722222222222225
1 0.334375 0.4465277777777778 0.022916666666666665 0.058333333333333334
1 0.5083333333333333 0.4152777777777778 0.019270833333333334 0.06111111111111111
3 0.4510416666666667 0.31875 0.020833333333333332 0.06319444444444444
1 0.4786458333333333 0.24097222222222223 0.01875 0.058333333333333334
1 0.41354166666666664 0.23125 0.019791666666666666 0.043055555555555555
1 0.35989583333333336 0.24027777777777778 0.019270833333333334 0.041666666666666664
1 0.4625 0.09513888888888888 0.016666666666666666 0.03819444444444445
1 0.38697916666666665 0.034722222222222224 0.015625 0.03194444444444444
1 0.40989583333333335 0.04513888888888889 0.015625 0.03194444444444444
3 0.434375 0.016666666666666666 0.015625 0.03333333333333333
2 0.3984375 0.10625 0.028645833333333332 0.0798611111111111
2 0.18385416666666668 0.28888888888888886 0.034895833333333334 0.07222222222222222
2 0.0171875 0.8722222222222222 0.03125 0.15833333333333333
2 0.24270833333333333 0.09513888888888888 0.04010416666666667 0.06319444444444444
2 0.16302083333333334 0.14652777777777778 0.04375 0.03958333333333333
2 0.15052083333333333 0.17847222222222223 0.03802083333333333 0.049305555555555554
1 0.19322916666666667 0.17430555555555555 0.017708333333333333 0.024305555555555556
1 0.17864583333333334 0.1875 0.028645833333333332 0.027777777777777776
1 0.2708333333333333 0.013888888888888888 0.0171875 0.027777777777777776