1 0.015104166666666667 0.06388888888888888 0.030208333333333334 0.049305555555555554
1 0.09947916666666666 0.10694444444444444 0.05520833333333333 0.06875
2 0.275 0.7236111111111111 0.115625 0.14583333333333334
1 0.16770833333333332 0.8472222222222222 0.10572916666666667 0.1326388888888889
1 0.4901041666666667 0.9243055555555556 0.13020833333333334 0.14930555555555555
1 0.6505208333333333 0.3145833333333333 0.06510416666666667 0.075
1 0.7166666666666667 0.24861111111111112 0.05520833333333333 0.07222222222222222
1 0.8244791666666667 0.125 0.05625 0.06666666666666667
1 0.7635416666666667 0.19444444444444445 0.05416666666666667 0.06597222222222222
1 0.8635416666666667 0.08194444444444444 0.0484375 0.059027777777777776
1 0.9072916666666667 0.03888888888888889 0.049479166666666664 0.05555555555555555
1 0.946875 0.013194444444444444 0.04635416666666667 0.02361111111111111