3 0.06875 0.7930555555555555 0.1 0.14652777777777778
1 0.14166666666666666 0.7333333333333333 0.0984375 0.12222222222222222
1 0.2140625 0.6944444444444444 0.07708333333333334 0.10486111111111111
1 0.27760416666666665 0.6715277777777777 0.07760416666666667 0.0798611111111111
3 0.3625 0.6083333333333333 0.07239583333333334 0.07777777777777778
1 0.32395833333333335 0.6388888888888888 0.08229166666666667 0.0763888888888889
1 0.4010416666666667 0.5895833333333333 0.07760416666666667 0.06111111111111111
3 0.378125 0.5340277777777778 0.059375 0.05138888888888889
1 0.34010416666666665 0.5555555555555556 0.0640625 0.04652777777777778
1 0.3015625 0.5777777777777777 0.06197916666666667 0.05138888888888889
1 0.2609375 0.5993055555555555 0.06875 0.05625
1 0.21614583333333334 0.6236111111111111 0.06927083333333334 0.06319444444444444
1 0.16041666666666668 0.6520833333333333 0.0609375 0.06458333333333334
1 0.09791666666666667 0.6791666666666667 0.06979166666666667 0.06875
1 0.0375 0.7229166666666667 0.0734375 0.07777777777777778
1 0.0296875 0.5701388888888889 0.0578125 0.06666666666666667
1 0.08802083333333334 0.55625 0.050520833333333334 0.05694444444444444
1 0.1375 0.5395833333333333 0.05520833333333333 0.05625
1 0.18020833333333333 0.5208333333333334 0.05572916666666667 0.05138888888888889
1 0.21927083333333333 0.5041666666666667 0.05572916666666667 0.05416666666666667
1 0.253125 0.49236111111111114 0.052083333333333336 0.04375
1 0.4078125 0.47708333333333336 0.059895833333333336 0.04027777777777778
1 0.47291666666666665 0.49444444444444446 0.05572916666666667 0.04027777777777778
1 0.384375 0.39166666666666666 0.04010416666666667 0.02361111111111111
3 0.48854166666666665 0.4236111111111111 0.05260416666666667 0.044444444444444446
1 0.5203125 0.41805555555555557 0.040625 0.030555555555555555
1 0.5416666666666666 0.4048611111111111 0.04375 0.034027777777777775
1 0.5916666666666667 0.3854166666666667 0.034895833333333334 0.02638888888888889
3 0.6015625 0.5097222222222222 0.06145833333333333 0.04652777777777778
3 0.5744791666666667 0.4409722222222222 0.044270833333333336 0.04027777777777778
1 0.5447916666666667 0.33402777777777776 0.029166666666666667 0.022222222222222223
1 0.5703125 0.34375 0.0234375 0.017361111111111112
1 0.5916666666666667 0.3486111111111111 0.027083333333333334 0.01875
1 0.6114583333333333 0.9736111111111111 0.1484375 0.052083333333333336
1 0.5776041666666667 0.9145833333333333 0.15520833333333334 0.10486111111111111
1 0.5723958333333333 0.8291666666666667 0.13854166666666667 0.09027777777777778
1 0.5598958333333334 0.7694444444444445 0.11875 0.0763888888888889
1 0.5484375 0.7131944444444445 0.11197916666666667 0.06875
1 0.5427083333333333 0.6638888888888889 0.09375 0.059027777777777776
1 0.5598958333333334 0.6340277777777777 0.09583333333333334 0.05416666666666667
1 0.6 0.6076388888888888 0.084375 0.06111111111111111