1 0.4765625 0.41597222222222224 0.036458333333333336 0.03680555555555556
1 0.309375 0.5645833333333333 0.027083333333333334 0.059027777777777776
1 0.27239583333333334 0.5930555555555556 0.03125 0.05694444444444444
1 0.16458333333333333 0.68125 0.05520833333333333 0.04652777777777778
1 0.35989583333333336 0.5097222222222222 0.042708333333333334 0.04652777777777778
1 0.4979166666666667 0.3902777777777778 0.0359375 0.03680555555555556
1 0.5213541666666667 0.36944444444444446 0.0328125 0.03263888888888889
1 0.5447916666666667 0.34444444444444444 0.03229166666666667 0.035416666666666666
1 0.3541666666666667 0.425 0.03802083333333333 0.03333333333333333
1 0.08489583333333334 0.7583333333333333 0.059375 0.04027777777777778
1 0.25833333333333336 0.45555555555555555 0.030208333333333334 0.044444444444444446
3 0.253125 0.5118055555555555 0.04479166666666667 0.04861111111111111
1 0.6885416666666667 0.675 0.04010416666666667 0.06319444444444444
2 0.6760416666666667 0.2263888888888889 0.0390625 0.043055555555555555
2 0.71875 0.16875 0.03125 0.025
1 0.653125 0.2076388888888889 0.022395833333333334 0.022916666666666665