1 0.26666666666666666 0.9229166666666667 0.028645833333333332 0.08402777777777778
1 0.16770833333333332 0.5340277777777778 0.017708333333333333 0.04791666666666667
1 0.2046875 0.3638888888888889 0.03802083333333333 0.035416666666666666
1 0.31197916666666664 0.4826388888888889 0.019791666666666666 0.052083333333333336
1 0.3072916666666667 0.5409722222222222 0.01875 0.049305555555555554
1 0.30104166666666665 0.6048611111111111 0.019270833333333334 0.04722222222222222
1 0.35833333333333334 0.6395833333333333 0.020833333333333332 0.06875
1 0.32447916666666665 0.3875 0.0140625 0.03680555555555556
1 0.32864583333333336 0.3451388888888889 0.013020833333333334 0.043055555555555555
0 0.25052083333333336 0.49930555555555556 0.04010416666666667 0.13819444444444445
1 0.159375 0.5895833333333333 0.025520833333333333 0.059722222222222225
1 0.146875 0.7875 0.049479166666666664 0.03958333333333333
1 0.07916666666666666 0.8090277777777778 0.057291666666666664 0.075
1 0.024479166666666666 0.89375 0.04895833333333333 0.07361111111111111
1 0.7833333333333333 0.9361111111111111 0.052083333333333336 0.09027777777777778
1 0.8151041666666666 0.8625 0.0390625 0.08263888888888889
1 0.9010416666666666 0.6993055555555555 0.036458333333333336 0.07361111111111111
1 0.7729166666666667 0.6986111111111111 0.021354166666666667 0.0798611111111111
1 0.6791666666666667 0.8201388888888889 0.025520833333333333 0.09791666666666667
1 0.7723958333333333 0.4826388888888889 0.0328125 0.029166666666666667
1 0.7125 0.4618055555555556 0.040625 0.03333333333333333
1 0.5630208333333333 0.6729166666666667 0.027083333333333334 0.0798611111111111
3 0.5046875 0.5881944444444445 0.027604166666666666 0.1
1 0.4942708333333333 0.39305555555555555 0.021354166666666667 0.059722222222222225
1 0.48125 0.25972222222222224 0.015625 0.05486111111111111
1 0.4734375 0.15694444444444444 0.015104166666666667 0.03958333333333333
1 0.465625 0.027777777777777776 0.011458333333333333 0.03333333333333333
2 0.4953125 0.07708333333333334 0.020833333333333332 0.07361111111111111
3 0.48541666666666666 0.013194444444444444 0.0109375 0.02638888888888889
0 0.6234375 0.34375 0.017708333333333333 0.08125
3 0.7640625 0.24166666666666667 0.022395833333333334 0.044444444444444446
2 0.5776041666666667 0.13125 0.021354166666666667 0.06736111111111111
1 0.6651041666666667 0.12152777777777778 0.013541666666666667 0.03333333333333333
1 0.671875 0.15902777777777777 0.0265625 0.024305555555555556
1 0.9572916666666667 0.16041666666666668 0.025520833333333333 0.03194444444444444
1 0.13020833333333334 0.5402777777777777 0.025 0.05555555555555555
1 0.3203125 0.43680555555555556 0.022395833333333334 0.050694444444444445