3 0.04010416666666667 0.04236111111111111 0.042708333333333334 0.029861111111111113
1 0.07552083333333333 0.15486111111111112 0.04583333333333333 0.03125
1 0.0828125 0.1638888888888889 0.04583333333333333 0.02847222222222222
1 0.07135416666666666 0.1388888888888889 0.034375 0.025
1 0.0578125 0.08402777777777778 0.044270833333333336 0.029861111111111113
3 0.18802083333333333 0.06875 0.0328125 0.03819444444444445
1 0.43020833333333336 0.03888888888888889 0.025 0.03263888888888889
1 0.48333333333333334 0.052083333333333336 0.027083333333333334 0.03333333333333333
1 0.29322916666666665 0.2701388888888889 0.04791666666666667 0.03263888888888889
1 0.30625 0.28888888888888886 0.044270833333333336 0.034027777777777775
1 0.3260416666666667 0.3263888888888889 0.04635416666666667 0.035416666666666666
1 0.33489583333333334 0.34791666666666665 0.0515625 0.04027777777777778
1 0.3489583333333333 0.36666666666666664 0.04635416666666667 0.04027777777777778
1 0.36666666666666664 0.41388888888888886 0.0484375 0.04652777777777778
1 0.27239583333333334 0.5173611111111112 0.034895833333333334 0.06875
1 0.12604166666666666 0.33611111111111114 0.0578125 0.041666666666666664
1 0.12135416666666667 0.31319444444444444 0.0515625 0.03819444444444445
1 0.20625 0.5298611111111111 0.04583333333333333 0.034027777777777775
1 0.17760416666666667 0.6534722222222222 0.041666666666666664 0.08263888888888889
3 0.14375 0.5756944444444444 0.06354166666666666 0.08888888888888889
3 0.017708333333333333 0.6652777777777777 0.034895833333333334 0.09027777777777778
0 0.04895833333333333 0.9180555555555555 0.09791666666666667 0.1597222222222222
3 0.75625 0.04513888888888889 0.03854166666666667 0.03888888888888889
1 0.7380208333333333 0.6986111111111111 0.07239583333333334 0.075
3 0.8864583333333333 0.19652777777777777 0.06979166666666667 0.059027777777777776