1 0.084375 0.9236111111111112 0.06354166666666666 0.035416666666666666
1 0.2578125 0.8715277777777778 0.05520833333333333 0.08055555555555556
1 0.2140625 0.875 0.043229166666666666 0.08125
1 0.18125 0.8743055555555556 0.04479166666666667 0.06944444444444445
1 0.20625 0.7951388888888888 0.06197916666666667 0.050694444444444445
1 0.15 0.7541666666666667 0.021875 0.04861111111111111
3 0.12447916666666667 0.7541666666666667 0.021875 0.04652777777777778
1 0.3098958333333333 0.6909722222222222 0.019791666666666666 0.05138888888888889
1 0.33958333333333335 0.6923611111111111 0.022395833333333334 0.059722222222222225
1 0.36822916666666666 0.6833333333333333 0.020833333333333332 0.05
1 0.31145833333333334 0.6368055555555555 0.01875 0.041666666666666664
1 0.3375 0.6375 0.016666666666666666 0.04375
3 0.3614583333333333 0.6333333333333333 0.018229166666666668 0.043055555555555555
1 0.36302083333333335 0.5659722222222222 0.01875 0.03958333333333333
1 0.4791666666666667 0.6083333333333333 0.0234375 0.05416666666666667
1 0.50625 0.4701388888888889 0.016145833333333335 0.025
1 0.5458333333333333 0.39861111111111114 0.01875 0.03125
1 0.371875 0.39652777777777776 0.0171875 0.029861111111111113
1 0.37604166666666666 0.3229166666666667 0.014583333333333334 0.030555555555555555
2 0.43854166666666666 0.21041666666666667 0.015104166666666667 0.02847222222222222
3 0.375 0.2875 0.0234375 0.02847222222222222
1 0.37135416666666665 0.27152777777777776 0.019791666666666666 0.022222222222222223
1 0.3890625 0.2375 0.011979166666666667 0.021527777777777778
1 0.36302083333333335 0.2465277777777778 0.013541666666666667 0.025
3 0.3614583333333333 0.225 0.025520833333333333 0.01875
3 0.33645833333333336 0.2826388888888889 0.016145833333333335 0.029861111111111113
1 0.3625 0.2076388888888889 0.01875 0.018055555555555554
3 0.35833333333333334 0.19166666666666668 0.015104166666666667 0.020833333333333332
1 0.35572916666666665 0.175 0.014583333333333334 0.018055555555555554
1 0.3494791666666667 0.1486111111111111 0.0109375 0.016666666666666666
1 0.34375 0.12708333333333333 0.0109375 0.017361111111111112
1 0.4015625 0.09097222222222222 0.009375 0.013194444444444444
1 0.42291666666666666 0.07847222222222222 0.010416666666666666 0.013888888888888888
0 0.415625 0.05486111111111111 0.011458333333333333 0.022916666666666665
0 0.4083333333333333 0.029166666666666667 0.0109375 0.019444444444444445
1 0.40520833333333334 0.006944444444444444 0.009375 0.010416666666666666
1 0.33229166666666665 0.025 0.00625 0.009027777777777777
1 0.33489583333333334 0.05 0.009375 0.011111111111111112
1 0.26979166666666665 0.05763888888888889 0.0078125 0.009722222222222222
1 0.2526041666666667 0.06944444444444445 0.0067708333333333336 0.011805555555555555
1 0.26197916666666665 0.05555555555555555 0.00625 0.009027777777777777
1 0.5192708333333333 0.14930555555555555 0.021354166666666667 0.013194444444444444
1 0.5197916666666667 0.16180555555555556 0.01875 0.011805555555555555
1 0.5276041666666667 0.17569444444444443 0.020833333333333332 0.020833333333333332
1 0.5552083333333333 0.23055555555555557 0.024479166666666666 0.015277777777777777
1 0.6020833333333333 0.20208333333333334 0.022916666666666665 0.01597222222222222
1 0.6348958333333333 0.21319444444444444 0.0265625 0.01597222222222222
1 0.64375 0.23055555555555557 0.025 0.016666666666666666
1 0.5901041666666667 0.29097222222222224 0.013541666666666667 0.025
1 0.5677083333333334 0.30625 0.0296875 0.014583333333333334
1 0.571875 0.3173611111111111 0.03125 0.01875
1 0.60625 0.3076388888888889 0.017708333333333333 0.021527777777777778
1 0.6369791666666667 0.3034722222222222 0.027604166666666666 0.019444444444444445
1 0.628125 0.29375 0.028125 0.01597222222222222
3 0.6244791666666667 0.28194444444444444 0.03177083333333333 0.022222222222222223
3 0.6447916666666667 0.26805555555555555 0.015104166666666667 0.025
1 0.6578125 0.26666666666666666 0.016666666666666666 0.02013888888888889
1 0.6677083333333333 0.2826388888888889 0.021875 0.025
1 0.6791666666666667 0.26319444444444445 0.0171875 0.02638888888888889
1 0.6953125 0.2611111111111111 0.0140625 0.01875
1 0.6927083333333334 0.2791666666666667 0.029166666666666667 0.019444444444444445
1 0.6994791666666667 0.30277777777777776 0.021875 0.01875
1 0.684375 0.3333333333333333 0.018229166666666668 0.02361111111111111
1 0.6557291666666667 0.33402777777777776 0.03125 0.018055555555555554
1 0.6640625 0.3458333333333333 0.030729166666666665 0.018055555555555554
3 0.6885416666666667 0.3736111111111111 0.029166666666666667 0.027083333333333334
1 0.7083333333333334 0.3909722222222222 0.03177083333333333 0.022222222222222223
1 0.6526041666666667 0.38819444444444445 0.022916666666666665 0.02847222222222222
1 0.6703125 0.41805555555555557 0.025520833333333333 0.030555555555555555
3 0.6890625 0.45 0.0265625 0.044444444444444446
1 0.7125 0.4909722222222222 0.0265625 0.03680555555555556
1 0.7151041666666667 0.4201388888888889 0.020833333333333332 0.027083333333333334
1 0.7348958333333333 0.4513888888888889 0.027083333333333334 0.03680555555555556
1 0.7625 0.4909722222222222 0.03125 0.035416666666666666
1 0.7380208333333333 0.5208333333333334 0.03125 0.025
1 0.7890625 0.5298611111111111 0.03333333333333333 0.041666666666666664
1 0.7104166666666667 0.6090277777777777 0.0453125 0.029166666666666667
1 0.7234375 0.6340277777777777 0.04895833333333333 0.03263888888888889
1 0.7380208333333333 0.6569444444444444 0.049479166666666664 0.03611111111111111
1 0.7583333333333333 0.6118055555555556 0.051041666666666666 0.03263888888888889
1 0.778125 0.5784722222222223 0.019791666666666666 0.04097222222222222
1 0.8 0.6236111111111111 0.03125 0.03958333333333333
1 0.8015625 0.6659722222222222 0.025 0.050694444444444445
1 0.8317708333333333 0.6666666666666666 0.0359375 0.04861111111111111
1 0.8526041666666667 0.6569444444444444 0.0375 0.04791666666666667
1 0.88125 0.6527777777777778 0.04114583333333333 0.049305555555555554
1 0.9078125 0.6451388888888889 0.04791666666666667 0.04791666666666667
1 0.9083333333333333 0.6111111111111112 0.053125 0.030555555555555555
1 0.859375 0.6034722222222222 0.04635416666666667 0.03611111111111111
1 0.8682291666666667 0.5770833333333333 0.04583333333333333 0.02847222222222222
1 0.825 0.5666666666666667 0.024479166666666666 0.035416666666666666
1 0.9770833333333333 0.6222222222222222 0.04375 0.04583333333333333
1 0.9421875 0.5631944444444444 0.04010416666666667 0.029166666666666667
1 0.975 0.5534722222222223 0.026041666666666668 0.035416666666666666
1 0.9875 0.5340277777777778 0.025 0.02638888888888889