1 0.5552083333333333 0.8493055555555555 0.024479166666666666 0.08472222222222223
1 0.37552083333333336 0.9125 0.025 0.08402777777777778
1 0.375 0.7173611111111111 0.021354166666666667 0.07013888888888889
3 0.43020833333333336 0.7166666666666667 0.022916666666666665 0.09166666666666666
1 0.42291666666666666 0.4777777777777778 0.021354166666666667 0.08472222222222223
1 0.36302083333333335 0.3458333333333333 0.022916666666666665 0.075
1 0.3885416666666667 0.3590277777777778 0.021354166666666667 0.08402777777777778
1 0.4197916666666667 0.3472222222222222 0.022395833333333334 0.08263888888888889
2 0.44895833333333335 0.3590277777777778 0.0234375 0.09375
0 0.49322916666666666 0.1951388888888889 0.03333333333333333 0.23194444444444445
3 0.80625 0.15763888888888888 0.04635416666666667 0.03819444444444445
2 0.7307291666666667 0.15069444444444444 0.07552083333333333 0.05694444444444444
1 0.7026041666666667 0.10694444444444444 0.049479166666666664 0.041666666666666664
0 0.7817708333333333 0.10347222222222222 0.06927083333333334 0.049305555555555554
1 0.2109375 0.15138888888888888 0.04739583333333333 0.03680555555555556
1 0.019791666666666666 0.1 0.0390625 0.035416666666666666