1 0.6208333333333333 0.6534722222222222 0.08333333333333333 0.11319444444444444
1 0.7166666666666667 0.30069444444444443 0.04739583333333333 0.05555555555555555
1 0.48854166666666665 0.3729166666666667 0.07135416666666666 0.043055555555555555
1 0.5369791666666667 0.31875 0.05364583333333333 0.06666666666666667
1 0.47239583333333335 0.2902777777777778 0.05416666666666667 0.05347222222222222
1 0.38177083333333334 0.6034722222222222 0.08489583333333334 0.10208333333333333
1 0.3072916666666667 0.6277777777777778 0.08020833333333334 0.10555555555555556
1 0.8755208333333333 0.44305555555555554 0.052083333333333336 0.075
1 0.9213541666666667 0.4777777777777778 0.059895833333333336 0.08194444444444444
1 0.940625 0.40555555555555556 0.05 0.06597222222222222
1 0.8895833333333333 0.3486111111111111 0.08229166666666667 0.05347222222222222
1 0.5895833333333333 0.325 0.05520833333333333 0.07152777777777777
1 0.6588541666666666 0.23333333333333334 0.04635416666666667 0.049305555555555554
1 0.6963541666666667 0.19722222222222222 0.04010416666666667 0.04375
1 0.7276041666666667 0.1673611111111111 0.0359375 0.04861111111111111
1 0.746875 0.13958333333333334 0.03229166666666667 0.03680555555555556
1 0.6848958333333334 0.1527777777777778 0.040625 0.03680555555555556
1 0.6265625 0.20972222222222223 0.0390625 0.04027777777777778
1 0.6015625 0.2423611111111111 0.057291666666666664 0.043055555555555555
1 0.5765625 0.27569444444444446 0.06197916666666667 0.043055555555555555
1 0.5109375 0.24791666666666667 0.052083333333333336 0.05625
1 0.5880208333333333 0.1736111111111111 0.0359375 0.05138888888888889
1 0.61875 0.28194444444444444 0.0390625 0.04791666666666667
1 0.2203125 0.6361111111111111 0.08072916666666667 0.12013888888888889
1 0.16927083333333334 0.60625 0.0984375 0.10972222222222222
3 0.22239583333333332 0.7270833333333333 0.09739583333333333 0.1326388888888889
3 0.3802083333333333 0.4652777777777778 0.08854166666666667 0.09444444444444444
3 0.40520833333333334 0.5111111111111111 0.07864583333333333 0.10347222222222222
1 0.10052083333333334 0.8736111111111111 0.13020833333333334 0.16458333333333333
1 0.12552083333333333 0.7361111111111112 0.0859375 0.13680555555555557
1 0.1375 0.5826388888888889 0.08072916666666667 0.10277777777777777
3 0.3067708333333333 0.5444444444444444 0.04375 0.09166666666666666
1 0.3109375 0.43125 0.07708333333333334 0.06666666666666667
1 0.033854166666666664 0.6944444444444444 0.06770833333333333 0.10555555555555556
3 0.4557291666666667 0.7270833333333333 0.09166666666666666 0.1361111111111111
3 0.728125 0.6638888888888889 0.06770833333333333 0.09513888888888888
3 0.8046875 0.07083333333333333 0.034895833333333334 0.052083333333333336
3 0.7697916666666667 0.06388888888888888 0.03697916666666667 0.03263888888888889
3 0.6505208333333333 0.12013888888888889 0.036458333333333336 0.04583333333333333
3 0.9697916666666667 0.2798611111111111 0.059895833333333336 0.05347222222222222
1 0.7453125 0.9381944444444444 0.09895833333333333 0.12361111111111112
1 0.9661458333333334 0.8902777777777777 0.06770833333333333 0.1736111111111111
1 0.9708333333333333 0.5375 0.058333333333333334 0.10347222222222222
1 0.9921875 0.05694444444444444 0.015625 0.03125
1 0.9213541666666667 0.3145833333333333 0.04010416666666667 0.06319444444444444
1 0.8151041666666666 0.7888888888888889 0.0765625 0.13402777777777777
1 0.9057291666666667 0.8215277777777777 0.07708333333333334 0.15555555555555556
2 0.7765625 0.10277777777777777 0.04375 0.04791666666666667
2 0.740625 0.08888888888888889 0.034375 0.041666666666666664
1 0.7119791666666667 0.125 0.03229166666666667 0.043055555555555555
2 0.9640625 0.3277777777777778 0.0484375 0.07777777777777778
1 0.9817708333333334 0.10347222222222222 0.03229166666666667 0.03888888888888889
1 0.678125 0.09652777777777778 0.029166666666666667 0.03263888888888889
1 0.7255208333333333 0.05555555555555555 0.025520833333333333 0.03125
3 0.7484375 0.029861111111111113 0.0328125 0.03333333333333333
1 0.8234375 0.05694444444444444 0.022395833333333334 0.03125
1 0.8 0.034027777777777775 0.025520833333333333 0.025694444444444443
1 0.8416666666666667 0.03888888888888889 0.027083333333333334 0.030555555555555555
1 0.85 0.01875 0.021354166666666667 0.022916666666666665
1 0.8723958333333334 0.008333333333333333 0.021354166666666667 0.01597222222222222
1 0.19375 0.021527777777777778 0.034895833333333334 0.02013888888888889
1 0.6677083333333333 0.13680555555555557 0.030729166666666665 0.034027777777777775
1 0.6234375 0.15347222222222223 0.03333333333333333 0.03819444444444445
1 0.859375 0.975 0.09427083333333333 0.049305555555555554