1 0.08020833333333334 0.09166666666666666 0.049479166666666664 0.041666666666666664
3 0.029166666666666667 0.22013888888888888 0.034375 0.059027777777777776
3 0.059895833333333336 0.21319444444444444 0.025520833333333333 0.05277777777777778
1 0.35260416666666666 0.6791666666666667 0.06354166666666666 0.06180555555555556
1 0.4322916666666667 0.9451388888888889 0.0359375 0.10833333333333334
1 0.4166666666666667 0.3423611111111111 0.04635416666666667 0.04652777777777778
1 0.43333333333333335 0.27291666666666664 0.04375 0.03958333333333333
1 0.39166666666666666 0.059722222222222225 0.04114583333333333 0.041666666666666664
1 0.4739583333333333 0.12708333333333333 0.021354166666666667 0.05555555555555555
1 0.5880208333333333 0.06597222222222222 0.04375 0.03888888888888889
1 0.5802083333333333 0.11319444444444444 0.041666666666666664 0.04097222222222222
1 0.5760416666666667 0.14097222222222222 0.0421875 0.04097222222222222
1 0.5473958333333333 0.24097222222222223 0.046875 0.044444444444444446
1 0.5494791666666666 0.275 0.0453125 0.04513888888888889
1 0.5401041666666667 0.3236111111111111 0.049479166666666664 0.04513888888888889
1 0.53125 0.35833333333333334 0.052083333333333336 0.04652777777777778
1 0.5208333333333334 0.3958333333333333 0.052083333333333336 0.04722222222222222
1 0.5130208333333334 0.4375 0.05572916666666667 0.04513888888888889
1 0.9703125 0.8729166666666667 0.044270833333333336 0.12430555555555556