1 0.7411458333333333 0.96875 0.08072916666666667 0.0625
1 0.784375 0.7277777777777777 0.058333333333333334 0.04583333333333333
1 0.3385416666666667 0.8916666666666667 0.06875 0.07361111111111111
1 0.3302083333333333 0.8354166666666667 0.06614583333333333 0.06736111111111111
3 0.31354166666666666 0.7236111111111111 0.0546875 0.050694444444444445
1 0.29375 0.6951388888888889 0.059895833333333336 0.04791666666666667
1 0.2833333333333333 0.6631944444444444 0.0453125 0.04375
1 0.2953125 0.6111111111111112 0.050520833333333334 0.05694444444444444
1 0.26197916666666665 0.6034722222222222 0.05520833333333333 0.05486111111111111
1 0.24114583333333334 0.5777777777777777 0.0328125 0.03888888888888889
1 0.25104166666666666 0.5333333333333333 0.04583333333333333 0.04791666666666667
1 0.23385416666666667 0.5152777777777777 0.04739583333333333 0.04583333333333333
1 0.23697916666666666 0.3854166666666667 0.030729166666666665 0.030555555555555555
1 0.1765625 0.36944444444444446 0.0296875 0.03194444444444444
2 0.07447916666666667 0.11041666666666666 0.0390625 0.022222222222222223
2 0.096875 0.1375 0.03333333333333333 0.016666666666666666
1 0.0875 0.16458333333333333 0.022395833333333334 0.013888888888888888
2 0.15052083333333333 0.125 0.017708333333333333 0.013888888888888888
3 0.18385416666666668 0.10486111111111111 0.013020833333333334 0.01597222222222222
1 0.9739583333333334 0.5201388888888889 0.0328125 0.04513888888888889
1 0.9166666666666666 0.6416666666666667 0.03697916666666667 0.07083333333333333
1 0.9020833333333333 0.5708333333333333 0.033854166666666664 0.0625
1 0.8901041666666667 0.5215277777777778 0.030729166666666665 0.050694444444444445
1 0.8828125 0.4618055555555556 0.027083333333333334 0.05416666666666667
1 0.4510416666666667 0.6069444444444444 0.05520833333333333 0.04583333333333333
1 0.503125 0.16875 0.021875 0.013194444444444444
2 0.4875 0.23958333333333334 0.1 0.035416666666666666
1 0.58125 0.25555555555555554 0.019791666666666666 0.0125
1 0.6255208333333333 0.26805555555555555 0.026041666666666668 0.02013888888888889
1 0.8088541666666667 0.24583333333333332 0.026041666666666668 0.01875
1 0.8572916666666667 0.23333333333333334 0.015625 0.020833333333333332
1 0.8697916666666666 0.21875 0.016145833333333335 0.02013888888888889
1 0.8572916666666667 0.18680555555555556 0.015104166666666667 0.01875
1 0.8932291666666666 0.11319444444444444 0.013020833333333334 0.011805555555555555
1 0.8276041666666667 0.11805555555555555 0.011458333333333333 0.013194444444444444
1 0.8171875 0.13541666666666666 0.008854166666666666 0.014583333333333334
1 0.8057291666666667 0.09236111111111112 0.0078125 0.011111111111111112
1 0.8010416666666667 0.07152777777777777 0.0078125 0.011111111111111112
1 0.8546875 0.08263888888888889 0.010416666666666666 0.009722222222222222
1 0.8380208333333333 0.08055555555555556 0.009375 0.009722222222222222
1 0.8927083333333333 0.08611111111111111 0.009895833333333333 0.010416666666666666
1 0.8125 0.05277777777777778 0.007291666666666667 0.009722222222222222
1 0.7677083333333333 0.11597222222222223 0.01875 0.011111111111111112
1 0.76875 0.11180555555555556 0.023958333333333335 0.011111111111111112
1 0.7671875 0.10138888888888889 0.024479166666666666 0.010416666666666666
1 0.7645833333333333 0.07222222222222222 0.019270833333333334 0.010416666666666666
1 0.7817708333333333 0.003472222222222222 0.0046875 0.006944444444444444
1 0.7848958333333333 0.009722222222222222 0.005208333333333333 0.007638888888888889
1 0.7890625 0.01875 0.011979166666666667 0.007638888888888889
1 0.7901041666666667 0.03194444444444444 0.00625 0.007638888888888889
1 0.79375 0.04236111111111111 0.0067708333333333336 0.008333333333333333
1 0.875 0.06875 0.016666666666666666 0.009027777777777777
1 0.8734375 0.06319444444444444 0.0171875 0.011111111111111112
1 0.8677083333333333 0.06041666666666667 0.017708333333333333 0.009722222222222222
1 0.8661458333333333 0.058333333333333334 0.01875 0.009027777777777777
1 0.8619791666666666 0.05347222222222222 0.01875 0.008333333333333333
1 0.8546875 0.049305555555555554 0.015104166666666667 0.008333333333333333
1 0.8375 0.03888888888888889 0.0125 0.009027777777777777
1 0.8078125 0.010416666666666666 0.00625 0.006944444444444444
1 0.8208333333333333 0.018055555555555554 0.00625 0.008333333333333333
1 0.825 0.003472222222222222 0.0125 0.006944444444444444
1 0.8322916666666667 0.0125 0.0140625 0.007638888888888889
1 0.8333333333333334 0.016666666666666666 0.015104166666666667 0.008333333333333333
1 0.8380208333333333 0.02638888888888889 0.015625 0.008333333333333333
1 0.8401041666666667 0.024305555555555556 0.013541666666666667 0.008333333333333333
1 0.8411458333333334 0.022916666666666665 0.013541666666666667 0.007638888888888889