1 0.3619791666666667 0.08055555555555556 0.027083333333333334 0.05416666666666667
1 0.5526041666666667 0.1625 0.03333333333333333 0.05416666666666667
1 0.5651041666666666 0.2326388888888889 0.036458333333333336 0.059027777777777776
2 0.45260416666666664 0.3013888888888889 0.0390625 0.09236111111111112
1 0.6546875 0.5645833333333333 0.05364583333333333 0.10277777777777777
1 0.6958333333333333 0.7111111111111111 0.05364583333333333 0.09305555555555556
1 0.07447916666666667 0.3236111111111111 0.07552083333333333 0.05416666666666667
1 0.13489583333333333 0.30625 0.03697916666666667 0.08888888888888889
1 0.1296875 0.21388888888888888 0.03802083333333333 0.06180555555555556
1 0.1375 0.15833333333333333 0.03229166666666667 0.06875
1 0.146875 0.09375 0.027604166666666666 0.05416666666666667