2 0.4276041666666667 0.6493055555555556 0.07864583333333333 0.12569444444444444
2 0.42291666666666666 0.7423611111111111 0.022916666666666665 0.03888888888888889
2 0.2203125 0.33402777777777776 0.027604166666666666 0.03263888888888889
2 0.1359375 0.28541666666666665 0.009895833333333333 0.01597222222222222
1 0.23020833333333332 0.4027777777777778 0.0109375 0.015277777777777777
1 0.23333333333333334 0.3902777777777778 0.009895833333333333 0.0125
2 0.0640625 0.18472222222222223 0.008333333333333333 0.009722222222222222
2 0.07239583333333334 0.18888888888888888 0.005729166666666666 0.010416666666666666
1 0.071875 0.21458333333333332 0.00625 0.008333333333333333
1 0.07864583333333333 0.22152777777777777 0.004166666666666667 0.004861111111111111
1 0.0890625 0.2361111111111111 0.005208333333333333 0.005555555555555556
1 0.0984375 0.24305555555555555 0.005729166666666666 0.006944444444444444
1 0.1125 0.25833333333333336 0.005208333333333333 0.007638888888888889
1 0.13958333333333334 0.2791666666666667 0.00625 0.009722222222222222
1 0.15520833333333334 0.29791666666666666 0.007291666666666667 0.006944444444444444
2 0.0875 0.20694444444444443 0.005208333333333333 0.007638888888888889
2 0.10052083333333334 0.21597222222222223 0.011979166666666667 0.013194444444444444
1 0.6765625 0.5729166666666666 0.025 0.02361111111111111
1 0.690625 0.5645833333333333 0.025520833333333333 0.025694444444444443
1 0.6411458333333333 0.5263888888888889 0.020833333333333332 0.02013888888888889
1 0.6947916666666667 0.5069444444444444 0.021354166666666667 0.018055555555555554