1 0.23802083333333332 0.1798611111111111 0.027083333333333334 0.052083333333333336
1 0.4161458333333333 0.34444444444444444 0.03802083333333333 0.075
1 0.4640625 0.5930555555555556 0.04791666666666667 0.1076388888888889
1 0.3890625 0.8020833333333334 0.05572916666666667 0.14166666666666666
1 0.5291666666666667 0.9236111111111112 0.0578125 0.1486111111111111
1 0.5296875 0.43333333333333335 0.04479166666666667 0.08194444444444444
1 0.60625 0.3638888888888889 0.027604166666666666 0.04791666666666667
1 0.6505208333333333 0.7951388888888888 0.06927083333333334 0.12361111111111112
1 0.7682291666666666 0.5694444444444444 0.052083333333333336 0.08958333333333333
1 0.36666666666666664 0.28541666666666665 0.03125 0.06736111111111111
1 0.07864583333333333 0.02361111111111111 0.04583333333333333 0.04027777777777778
3 0.21770833333333334 0.3284722222222222 0.034375 0.07430555555555556
3 0.3109375 0.04027777777777778 0.022916666666666665 0.05347222222222222
3 0.5609375 0.35208333333333336 0.036458333333333336 0.06458333333333334
3 0.59375 0.8159722222222222 0.05520833333333333 0.11597222222222223
1 0.8802083333333334 0.8013888888888889 0.09739583333333333 0.13819444444444445
0 0.6921875 0.35625 0.11302083333333333 0.19027777777777777
1 0.5296875 0.10972222222222222 0.027604166666666666 0.03888888888888889
1 0.4869791666666667 0.008333333333333333 0.025 0.01597222222222222
1 0.041666666666666664 0.3645833333333333 0.08229166666666667 0.04861111111111111