3 0.018229166666666668 0.01875 0.017708333333333333 0.02013888888888889
1 0.17083333333333334 0.12291666666666666 0.041666666666666664 0.02638888888888889
1 0.1484375 0.11597222222222223 0.028645833333333332 0.02361111111111111
3 0.11770833333333333 0.1111111111111111 0.03802083333333333 0.03263888888888889
1 0.0859375 0.11180555555555556 0.0328125 0.027777777777777776
1 0.044270833333333336 0.10555555555555556 0.04010416666666667 0.025
1 0.01875 0.09791666666666667 0.030729166666666665 0.025694444444444443
1 0.1625 0.09305555555555556 0.03229166666666667 0.020833333333333332
1 0.13072916666666667 0.08819444444444445 0.0328125 0.022222222222222223
1 0.10885416666666667 0.08819444444444445 0.029166666666666667 0.022222222222222223
1 0.08802083333333334 0.08402777777777778 0.025 0.02361111111111111
1 0.06302083333333333 0.08125 0.027083333333333334 0.025694444444444443
1 0.040625 0.0763888888888889 0.024479166666666666 0.01875
1 0.01875 0.07361111111111111 0.0265625 0.02361111111111111
1 0.19947916666666668 0.1 0.029166666666666667 0.02847222222222222
1 0.225 0.10069444444444445 0.0328125 0.020833333333333332
1 0.24010416666666667 0.12916666666666668 0.034375 0.027777777777777776
1 0.2526041666666667 0.10486111111111111 0.027604166666666666 0.025
1 0.275 0.1326388888888889 0.028645833333333332 0.02361111111111111
1 0.31979166666666664 0.11597222222222223 0.021354166666666667 0.022222222222222223
1 0.2942708333333333 0.10555555555555556 0.027083333333333334 0.029861111111111113
1 0.0890625 0.04722222222222222 0.019791666666666666 0.018055555555555554
3 0.11458333333333333 0.044444444444444446 0.03229166666666667 0.030555555555555555
1 0.13333333333333333 0.05277777777777778 0.0234375 0.02361111111111111
1 0.15208333333333332 0.05347222222222222 0.024479166666666666 0.02013888888888889
1 0.1734375 0.058333333333333334 0.019791666666666666 0.01875
1 0.1921875 0.05763888888888889 0.024479166666666666 0.027777777777777776
1 0.21822916666666667 0.06041666666666667 0.0265625 0.025694444444444443
1 0.25625 0.06736111111111111 0.020833333333333332 0.022916666666666665
1 0.2760416666666667 0.07083333333333333 0.020833333333333332 0.02361111111111111
3 0.2947916666666667 0.07013888888888889 0.0234375 0.02638888888888889
1 0.31927083333333334 0.075 0.027083333333333334 0.02361111111111111
1 0.35625 0.08263888888888889 0.024479166666666666 0.02361111111111111
1 0.37916666666666665 0.08541666666666667 0.01875 0.02361111111111111
1 0.4005208333333333 0.08888888888888889 0.025 0.027777777777777776
3 0.425 0.08541666666666667 0.021354166666666667 0.03125
1 0.46145833333333336 0.09375 0.022916666666666665 0.025694444444444443
1 0.34010416666666665 0.11736111111111111 0.029166666666666667 0.02638888888888889
1 0.3234375 0.14444444444444443 0.0328125 0.02638888888888889
1 0.37395833333333334 0.125 0.0265625 0.029861111111111113
1 0.4083333333333333 0.12916666666666668 0.025 0.025694444444444443
1 0.4348958333333333 0.12916666666666668 0.027083333333333334 0.029861111111111113
1 0.4359375 0.1625 0.027604166666666666 0.029861111111111113
3 0.4635416666666667 0.16319444444444445 0.025520833333333333 0.04097222222222222
3 0.49270833333333336 0.16458333333333333 0.029166666666666667 0.04791666666666667
3 0.3802083333333333 0.15 0.0359375 0.04097222222222222
1 0.4822916666666667 0.1388888888888889 0.0234375 0.025694444444444443
1 0.4578125 0.13541666666666666 0.022916666666666665 0.029861111111111113
1 0.47708333333333336 0.0798611111111111 0.0171875 0.022916666666666665
1 0.45260416666666664 0.0763888888888889 0.017708333333333333 0.022916666666666665
1 0.48489583333333336 0.059027777777777776 0.015625 0.022916666666666665
3 0.4666666666666667 0.06111111111111111 0.025 0.022916666666666665
1 0.4505208333333333 0.05347222222222222 0.019791666666666666 0.022916666666666665
1 0.43020833333333336 0.07013888888888889 0.020833333333333332 0.015277777777777777
1 0.42135416666666664 0.050694444444444445 0.024479166666666666 0.018055555555555554
1 0.39114583333333336 0.06736111111111111 0.017708333333333333 0.018055555555555554
1 0.39791666666666664 0.04791666666666667 0.019791666666666666 0.01597222222222222
1 0.38125 0.04236111111111111 0.0140625 0.02361111111111111
1 0.37083333333333335 0.06666666666666667 0.019270833333333334 0.017361111111111112
1 0.3651041666666667 0.043055555555555555 0.0171875 0.022222222222222223
1 0.34479166666666666 0.043055555555555555 0.01875 0.018055555555555554
1 0.3489583333333333 0.06527777777777778 0.022395833333333334 0.018055555555555554
1 0.3328125 0.06319444444444444 0.0171875 0.02013888888888889
3 0.32708333333333334 0.034027777777777775 0.021354166666666667 0.022222222222222223
1 0.31666666666666665 0.05694444444444444 0.016666666666666666 0.014583333333333334
3 0.30625 0.034027777777777775 0.022916666666666665 0.02361111111111111
1 0.30052083333333335 0.05416666666666667 0.0171875 0.013194444444444444
1 0.28802083333333334 0.03333333333333333 0.016666666666666666 0.017361111111111112
1 0.2708333333333333 0.029861111111111113 0.0171875 0.020833333333333332
1 0.25104166666666666 0.029166666666666667 0.020833333333333332 0.018055555555555554
1 0.21979166666666666 0.04722222222222222 0.020833333333333332 0.02013888888888889
1 0.23020833333333332 0.02638888888888889 0.022916666666666665 0.017361111111111112
1 0.20052083333333334 0.022222222222222223 0.022395833333333334 0.02013888888888889
1 0.19947916666666668 0.043055555555555555 0.0234375 0.013194444444444444
3 0.17552083333333332 0.016666666666666666 0.021354166666666667 0.02361111111111111
1 0.15520833333333334 0.017361111111111112 0.013541666666666667 0.017361111111111112
1 0.14114583333333333 0.014583333333333334 0.020833333333333332 0.017361111111111112
1 0.1515625 0.03680555555555556 0.020833333333333332 0.015277777777777777
1 0.128125 0.03263888888888889 0.0234375 0.01597222222222222
2 0.025520833333333333 0.19166666666666668 0.051041666666666666 0.04722222222222222
3 0.06979166666666667 0.16527777777777777 0.050520833333333334 0.044444444444444446
1 0.1140625 0.1736111111111111 0.04583333333333333 0.03125
1 0.17239583333333333 0.18958333333333333 0.027083333333333334 0.030555555555555555
2 0.21197916666666666 0.18055555555555555 0.0671875 0.05416666666666667
2 0.2140625 0.225 0.07083333333333333 0.059722222222222225
1 0.29739583333333336 0.20208333333333334 0.040625 0.035416666666666666
2 0.33697916666666666 0.22361111111111112 0.0640625 0.08541666666666667
2 0.3854166666666667 0.24861111111111112 0.04791666666666667 0.04583333333333333
1 0.4083333333333333 0.21875 0.0328125 0.03819444444444445
3 0.5401041666666667 0.12986111111111112 0.022916666666666665 0.02847222222222222
2 0.5567708333333333 0.15555555555555556 0.029166666666666667 0.04027777777777778
2 0.5651041666666666 0.20833333333333334 0.04375 0.05625
3 0.58125 0.12361111111111112 0.03697916666666667 0.03125
2 0.5859375 0.03194444444444444 0.036458333333333336 0.027777777777777776
2 0.5625 0.014583333333333334 0.03229166666666667 0.02361111111111111
2 0.625 0.01597222222222222 0.05 0.020833333333333332
3 0.6692708333333334 0.011111111111111112 0.013020833333333334 0.022222222222222223
2 0.6989583333333333 0.02361111111111111 0.016666666666666666 0.04583333333333333
1 0.7177083333333333 0.08263888888888889 0.015104166666666667 0.025694444444444443
2 0.7447916666666666 0.09375 0.016666666666666666 0.04097222222222222
1 0.671875 0.12152777777777778 0.016666666666666666 0.03125
2 0.6651041666666667 0.1875 0.0265625 0.07013888888888889
1 0.7609375 0.2520833333333333 0.04375 0.035416666666666666
1 0.7541666666666667 0.2263888888888889 0.04479166666666667 0.029861111111111113
3 0.6567708333333333 0.275 0.0265625 0.050694444444444445
3 0.6651041666666667 0.3333333333333333 0.0390625 0.0875
1 0.7890625 0.3423611111111111 0.04010416666666667 0.052083333333333336
1 0.7630208333333334 0.45625 0.04635416666666667 0.06875
1 0.6973958333333333 0.4597222222222222 0.03802083333333333 0.07708333333333334
3 0.9390625 0.5958333333333333 0.10260416666666666 0.09652777777777778
3 0.9385416666666667 0.8569444444444444 0.11979166666666667 0.10555555555555556
1 0.4114583333333333 0.07430555555555556 0.024479166666666666 0.022916666666666665