1 0.15052083333333333 0.23333333333333334 0.019791666666666666 0.013194444444444444
1 0.2328125 0.27847222222222223 0.0171875 0.029861111111111113
1 0.22083333333333333 0.3138888888888889 0.0171875 0.03125
1 0.07916666666666666 0.5666666666666667 0.015625 0.02847222222222222
1 0.053125 0.5611111111111111 0.013541666666666667 0.02847222222222222
1 0.33229166666666665 0.16111111111111112 0.015104166666666667 0.029861111111111113
1 0.33125 0.26319444444444445 0.0140625 0.030555555555555555
2 0.34375 0.26944444444444443 0.0140625 0.02847222222222222
1 0.35520833333333335 0.2743055555555556 0.013541666666666667 0.030555555555555555
1 0.36666666666666664 0.28055555555555556 0.011458333333333333 0.03125
1 0.3848958333333333 0.2875 0.011458333333333333 0.030555555555555555
1 0.4041666666666667 0.29305555555555557 0.011979166666666667 0.027777777777777776
1 0.4140625 0.2972222222222222 0.013541666666666667 0.02847222222222222
3 0.43020833333333336 0.29930555555555555 0.015104166666666667 0.030555555555555555
1 0.440625 0.30694444444444446 0.0140625 0.03333333333333333
3 0.4588541666666667 0.30277777777777776 0.015104166666666667 0.02847222222222222
1 0.4817708333333333 0.31875 0.013541666666666667 0.030555555555555555
1 0.49947916666666664 0.3298611111111111 0.013541666666666667 0.034027777777777775
1 0.3625 0.1763888888888889 0.013541666666666667 0.03125
1 0.3796875 0.17847222222222223 0.015104166666666667 0.027777777777777776
1 0.5755208333333334 0.36875 0.0140625 0.03333333333333333
1 0.6515625 0.05763888888888889 0.025 0.03125
1 0.7260416666666667 0.9604166666666667 0.022395833333333334 0.029861111111111113
1 0.7447916666666666 0.9847222222222223 0.019791666666666666 0.02638888888888889
1 0.8052083333333333 0.9340277777777778 0.0234375 0.035416666666666666
2 0.8177083333333334 0.9729166666666667 0.0265625 0.03888888888888889
1 0.8229166666666666 0.7520833333333333 0.019791666666666666 0.027777777777777776
1 0.8552083333333333 0.8 0.022395833333333334 0.030555555555555555
1 0.8875 0.8506944444444444 0.020833333333333332 0.027777777777777776
1 0.90625 0.8763888888888889 0.019791666666666666 0.030555555555555555
1 0.9166666666666666 0.8854166666666666 0.01875 0.029861111111111113
1 0.9380208333333333 0.9243055555555556 0.027604166666666666 0.043055555555555555
1 0.06979166666666667 0.9680555555555556 0.027083333333333334 0.02013888888888889
1 0.20104166666666667 0.8576388888888888 0.019270833333333334 0.029861111111111113
1 0.18854166666666666 0.8680555555555556 0.01875 0.03125
1 0.17864583333333334 0.8826388888888889 0.015625 0.025694444444444443
1 0.17447916666666666 0.9055555555555556 0.019270833333333334 0.03263888888888889
1 0.16197916666666667 0.9201388888888888 0.015104166666666667 0.03125
1 0.1515625 0.9444444444444444 0.015104166666666667 0.035416666666666666
1 0.2635416666666667 0.8777777777777778 0.022916666666666665 0.025694444444444443
1 0.2546875 0.8930555555555556 0.022395833333333334 0.022916666666666665
1 0.24114583333333334 0.9111111111111111 0.0234375 0.030555555555555555
1 0.23020833333333332 0.9388888888888889 0.021354166666666667 0.027777777777777776
1 0.20885416666666667 0.9673611111111111 0.020833333333333332 0.029861111111111113
1 0.20104166666666667 0.9847222222222223 0.0234375 0.02638888888888889