1 0.5401041666666667 0.7277777777777777 0.040625 0.06180555555555556
1 0.5489583333333333 0.54375 0.0234375 0.030555555555555555
1 0.5651041666666666 0.5159722222222223 0.0171875 0.02013888888888889
1 0.575 0.4861111111111111 0.024479166666666666 0.027777777777777776
1 0.5244791666666667 0.5826388888888889 0.030208333333333334 0.04027777777777778
1 0.4979166666666667 0.6243055555555556 0.0328125 0.044444444444444446
1 0.5041666666666667 0.5708333333333333 0.0265625 0.035416666666666666
1 0.46197916666666666 0.6840277777777778 0.04375 0.052083333333333336
1 0.41302083333333334 0.7597222222222222 0.04739583333333333 0.06597222222222222
1 0.3927083333333333 0.7319444444444444 0.0515625 0.06388888888888888
1 0.43697916666666664 0.6590277777777778 0.0359375 0.041666666666666664
1 0.3416666666666667 0.8069444444444445 0.05416666666666667 0.07708333333333334
1 0.2796875 0.8923611111111112 0.07083333333333333 0.09930555555555555
1 0.3651041666666667 0.8479166666666667 0.05416666666666667 0.08194444444444444
3 0.47239583333333335 0.6131944444444445 0.034375 0.04861111111111111
1 0.5677083333333334 0.47291666666666665 0.017708333333333333 0.02361111111111111
1 0.2796875 0.9701388888888889 0.0609375 0.059722222222222225