1 0.050520833333333334 0.018055555555555554 0.03802083333333333 0.03611111111111111
1 0.08541666666666667 0.043055555555555555 0.03802083333333333 0.041666666666666664
1 0.1234375 0.07222222222222222 0.0390625 0.05138888888888889
1 0.15885416666666666 0.09444444444444444 0.05520833333333333 0.052083333333333336
1 0.19322916666666667 0.14166666666666666 0.06354166666666666 0.04861111111111111
1 0.2953125 0.19722222222222222 0.07760416666666667 0.06666666666666667
1 0.365625 0.2534722222222222 0.0984375 0.07708333333333334
3 0.025 0.43194444444444446 0.05 0.15347222222222223
1 0.5869791666666667 0.10972222222222222 0.065625 0.04791666666666667
0 0.6223958333333334 0.1388888888888889 0.12239583333333333 0.09930555555555555
2 0.6885416666666667 0.15138888888888888 0.13125 0.09930555555555555
1 0.85 0.16527777777777777 0.08020833333333334 0.06944444444444445
1 0.9213541666666667 0.20208333333333334 0.08020833333333334 0.07361111111111111
1 0.9510416666666667 0.07777777777777778 0.07760416666666667 0.08402777777777778