3 0.5604166666666667 0.8826388888888889 0.019270833333333334 0.059722222222222225
3 0.44114583333333335 0.7118055555555556 0.013541666666666667 0.03819444444444445
3 0.45 0.6493055555555556 0.013020833333333334 0.02638888888888889
1 0.5067708333333333 0.8986111111111111 0.015104166666666667 0.050694444444444445
1 0.5276041666666667 0.8340277777777778 0.015625 0.035416666666666666
1 0.475 0.8125 0.0140625 0.035416666666666666
1 0.46145833333333336 0.7194444444444444 0.013020833333333334 0.027777777777777776
1 0.48489583333333336 0.6256944444444444 0.0109375 0.02013888888888889
1 0.5109375 0.5472222222222223 0.008333333333333333 0.018055555555555554
1 0.5322916666666667 0.5159722222222223 0.008333333333333333 0.01875
1 0.5338541666666666 0.475 0.00625 0.013888888888888888
3 0.5119791666666667 0.45416666666666666 0.00625 0.015277777777777777
1 0.5333333333333333 0.45208333333333334 0.0078125 0.015277777777777777
1 0.5322916666666667 0.4326388888888889 0.00625 0.010416666666666666
1 0.48385416666666664 0.46111111111111114 0.00625 0.011111111111111112