1 0.4942708333333333 0.7902777777777777 0.019791666666666666 0.0625
1 0.4890625 0.8826388888888889 0.01875 0.07222222222222222
1 0.5296875 0.6763888888888889 0.016666666666666666 0.05347222222222222
1 0.5541666666666667 0.6444444444444445 0.016666666666666666 0.050694444444444445
1 0.5520833333333334 0.5402777777777777 0.013020833333333334 0.03680555555555556
1 0.5302083333333333 0.4701388888888889 0.011979166666666667 0.03194444444444444
1 0.5322916666666667 0.3215277777777778 0.009375 0.024305555555555556
1 0.48020833333333335 0.2902777777777778 0.008333333333333333 0.022916666666666665
1 0.5359375 0.24791666666666667 0.0078125 0.016666666666666666
1 0.5338541666666666 0.22152777777777777 0.00625 0.016666666666666666
1 0.5364583333333334 0.19166666666666668 0.007291666666666667 0.015277777777777777
1 0.5296875 0.1076388888888889 0.005208333333333333 0.010416666666666666
1 0.5385416666666667 0.10416666666666667 0.005729166666666666 0.0125
1 0.5109375 0.11805555555555555 0.005208333333333333 0.010416666666666666
1 0.5119791666666667 0.10416666666666667 0.004166666666666667 0.010416666666666666
1 0.503125 0.10138888888888889 0.005208333333333333 0.010416666666666666
1 0.5067708333333333 0.09236111111111112 0.005208333333333333 0.010416666666666666
1 0.5098958333333333 0.07569444444444444 0.0036458333333333334 0.009027777777777777
1 0.5302083333333333 0.09166666666666666 0.005729166666666666 0.0125
1 0.5375 0.04652777777777778 0.0036458333333333334 0.009027777777777777
1 0.5380208333333333 0.05347222222222222 0.004166666666666667 0.007638888888888889
1 0.5197916666666667 0.05138888888888889 0.0036458333333333334 0.009027777777777777
1 0.5166666666666667 0.03819444444444445 0.004166666666666667 0.007638888888888889
1 0.53125 0.03333333333333333 0.0036458333333333334 0.007638888888888889
3 0.5276041666666667 0.9263888888888889 0.022395833333333334 0.08611111111111111
3 0.5609375 0.8506944444444444 0.021354166666666667 0.08472222222222223
1 0.48020833333333335 0.9701388888888889 0.025520833333333333 0.05694444444444444
3 0.48072916666666665 0.4375 0.013020833333333334 0.029166666666666667
3 0.44895833333333335 0.4305555555555556 0.013541666666666667 0.02638888888888889
3 0.5307291666666667 0.5333333333333333 0.0140625 0.04791666666666667
3 0.53125 0.1701388888888889 0.00625 0.015277777777777777
1 0.51875 0.16805555555555557 0.0109375 0.013888888888888888
1 0.5208333333333334 0.15625 0.00625 0.0125
1 0.5010416666666667 0.1875 0.00625 0.016666666666666666
0 0.5473958333333333 0.1763888888888889 0.0109375 0.05347222222222222
3 0.4953125 0.11319444444444444 0.00625 0.0125
3 0.5151041666666667 0.08402777777777778 0.005208333333333333 0.010416666666666666
3 0.53125 0.06458333333333334 0.0036458333333333334 0.010416666666666666
3 0.5307291666666667 0.04861111111111111 0.004166666666666667 0.011111111111111112
1 0.5390625 0.0763888888888889 0.005208333333333333 0.010416666666666666
1 0.5166666666666667 0.06388888888888888 0.0036458333333333334 0.011111111111111112
1 0.5119791666666667 0.05694444444444444 0.0036458333333333334 0.010416666666666666
0 0.5177083333333333 0.010416666666666666 0.00625 0.015277777777777777
2 0.515625 0.025 0.005729166666666666 0.016666666666666666
0 0.5229166666666667 0.025694444444444443 0.004166666666666667 0.015277777777777777
1 0.525 0.009722222222222222 0.005729166666666666 0.011111111111111112
1 0.5244791666666667 0.016666666666666666 0.005208333333333333 0.0125
1 0.49114583333333334 0.35208333333333336 0.0078125 0.01875
1 0.5114583333333333 0.42291666666666666 0.011458333333333333 0.03819444444444445
2 0.43333333333333335 0.6798611111111111 0.028645833333333332 0.08125