1 0.3015625 0.6423611111111112 0.029166666666666667 0.018055555555555554
1 0.30572916666666666 0.6659722222222222 0.030208333333333334 0.02013888888888889
1 0.30520833333333336 0.6916666666666667 0.028645833333333332 0.018055555555555554
1 0.3072916666666667 0.7180555555555556 0.029166666666666667 0.01875
1 0.30833333333333335 0.7402777777777778 0.027604166666666666 0.020833333333333332
1 0.30520833333333336 0.7625 0.028645833333333332 0.018055555555555554
1 0.3072916666666667 0.7819444444444444 0.030208333333333334 0.015277777777777777
1 0.3109375 0.8034722222222223 0.024479166666666666 0.01875
3 0.31197916666666664 0.825 0.029166666666666667 0.01875
1 0.38645833333333335 0.6972222222222222 0.027083333333333334 0.020833333333333332
3 0.3848958333333333 0.7194444444444444 0.030208333333333334 0.018055555555555554
1 0.39114583333333336 0.7631944444444444 0.0265625 0.022916666666666665
1 0.3890625 0.7861111111111111 0.028645833333333332 0.018055555555555554
1 0.4635416666666667 0.28888888888888886 0.030208333333333334 0.02361111111111111
2 0.5802083333333333 0.09097222222222222 0.021354166666666667 0.09236111111111112
1 0.5973958333333333 0.8951388888888889 0.011458333333333333 0.041666666666666664
1 0.7901041666666667 0.9368055555555556 0.013541666666666667 0.04027777777777778
1 0.8119791666666667 0.7493055555555556 0.01875 0.04027777777777778
1 0.85625 0.8145833333333333 0.028645833333333332 0.020833333333333332
1 0.8625 0.8493055555555555 0.0265625 0.01875
1 0.9229166666666667 0.8298611111111112 0.025520833333333333 0.022916666666666665
1 0.8526041666666667 0.7055555555555556 0.025520833333333333 0.022222222222222223
1 0.8515625 0.6881944444444444 0.029166666666666667 0.018055555555555554
1 0.8484375 0.5951388888888889 0.027604166666666666 0.01875
1 0.9109375 0.60625 0.030729166666666665 0.02013888888888889
1 0.9130208333333333 0.6430555555555556 0.028645833333333332 0.018055555555555554
3 0.8505208333333333 0.6708333333333333 0.027083333333333334 0.018055555555555554
1 0.7494791666666667 0.4479166666666667 0.015104166666666667 0.034027777777777775