3 0.5005208333333333 0.7833333333333333 0.0171875 0.05347222222222222
3 0.6526041666666667 0.6618055555555555 0.0171875 0.049305555555555554
1 0.46979166666666666 0.6395833333333333 0.013541666666666667 0.027777777777777776
1 0.45416666666666666 0.6041666666666666 0.013020833333333334 0.022916666666666665
3 0.4265625 0.5805555555555556 0.013541666666666667 0.02638888888888889
1 0.46510416666666665 0.48541666666666666 0.0109375 0.01875
1 0.5598958333333334 0.5361111111111111 0.011458333333333333 0.024305555555555556
3 0.5052083333333334 0.44930555555555557 0.0109375 0.027777777777777776
1 0.50625 0.41597222222222224 0.008333333333333333 0.018055555555555554
1 0.5166666666666667 0.34444444444444444 0.008333333333333333 0.011111111111111112
3 0.5276041666666667 0.3347222222222222 0.007291666666666667 0.016666666666666666
1 0.5072916666666667 0.29791666666666666 0.00625 0.013888888888888888
1 0.484375 0.28194444444444444 0.005729166666666666 0.0125
1 0.5151041666666667 0.27569444444444446 0.005729166666666666 0.0125
3 0.6822916666666666 0.5430555555555555 0.028645833333333332 0.025694444444444443
3 0.7380208333333333 0.5381944444444444 0.030208333333333334 0.027777777777777776