2 0.3578125 0.7083333333333334 0.0859375 0.18680555555555556
1 0.68125 0.7972222222222223 0.07864583333333333 0.13333333333333333
3 0.6598958333333333 0.6465277777777778 0.052083333333333336 0.10208333333333333
1 0.3859375 0.5388888888888889 0.04635416666666667 0.08194444444444444
1 0.40520833333333334 0.4534722222222222 0.0390625 0.07152777777777777
1 0.6296875 0.5270833333333333 0.07760416666666667 0.07916666666666666
1 0.40989583333333335 0.36736111111111114 0.034895833333333334 0.06180555555555556
1 0.41875 0.30972222222222223 0.034375 0.06111111111111111
1 0.6010416666666667 0.38333333333333336 0.059375 0.05625
1 0.5958333333333333 0.34097222222222223 0.05416666666666667 0.059027777777777776
1 0.4317708333333333 0.2638888888888889 0.036458333333333336 0.04583333333333333
1 0.5901041666666667 0.2986111111111111 0.0484375 0.03680555555555556
1 0.4265625 0.21875 0.0390625 0.03819444444444445
1 0.4317708333333333 0.18819444444444444 0.0265625 0.03333333333333333
1 0.4390625 0.15555555555555556 0.027083333333333334 0.03680555555555556
3 0.434375 0.13472222222222222 0.04739583333333333 0.03125
1 0.4234375 0.1076388888888889 0.04479166666666667 0.02638888888888889
1 0.44583333333333336 0.09305555555555556 0.019791666666666666 0.02361111111111111
1 0.4473958333333333 0.07430555555555556 0.016666666666666666 0.015277777777777777
1 0.4505208333333333 0.06041666666666667 0.013541666666666667 0.02013888888888889
1 0.45260416666666664 0.04652777777777778 0.015104166666666667 0.014583333333333334
1 0.45364583333333336 0.03333333333333333 0.0140625 0.013194444444444444
1 0.4270833333333333 0.029861111111111113 0.015625 0.020833333333333332
1 0.453125 0.014583333333333334 0.027604166666666666 0.01875
1 0.5833333333333334 0.27291666666666664 0.05625 0.03888888888888889
1 0.5734375 0.25 0.058333333333333334 0.03333333333333333
1 0.56875 0.225 0.052083333333333336 0.029861111111111113
1 0.5729166666666666 0.2048611111111111 0.04739583333333333 0.02847222222222222
1 0.5630208333333333 0.19236111111111112 0.041666666666666664 0.020833333333333332
1 0.5625 0.1736111111111111 0.04479166666666667 0.025
1 0.553125 0.15208333333333332 0.0421875 0.020833333333333332
1 0.5484375 0.1388888888888889 0.041666666666666664 0.022222222222222223
1 0.5572916666666666 0.12569444444444444 0.04739583333333333 0.025
1 0.5614583333333333 0.10347222222222222 0.041666666666666664 0.02638888888888889
1 0.5473958333333333 0.09652777777777778 0.044270833333333336 0.020833333333333332
1 0.6333333333333333 0.11875 0.05572916666666667 0.03263888888888889
1 0.5463541666666667 0.07777777777777778 0.03854166666666667 0.02013888888888889
1 0.5427083333333333 0.06041666666666667 0.036458333333333336 0.022222222222222223
1 0.54375 0.05347222222222222 0.03697916666666667 0.02013888888888889
1 0.540625 0.043055555555555555 0.034375 0.015277777777777777
3 0.5359375 0.03194444444444444 0.041666666666666664 0.027777777777777776
1 0.5364583333333334 0.01597222222222222 0.0328125 0.020833333333333332
1 0.5348958333333333 0.010416666666666666 0.03125 0.01875
2 0.6348958333333333 0.4305555555555556 0.0640625 0.12013888888888889