1 0.634375 0.71875 0.06145833333333333 0.14444444444444443
2 0.6723958333333333 0.4875 0.06302083333333333 0.14444444444444443
3 0.6890625 0.41180555555555554 0.034375 0.06388888888888888
1 0.69375 0.3104166666666667 0.03125 0.05694444444444444
3 0.38697916666666665 0.39166666666666666 0.050520833333333334 0.08194444444444444
3 0.43802083333333336 0.3020833333333333 0.04375 0.06944444444444445
2 0.4734375 0.2388888888888889 0.057291666666666664 0.08263888888888889
2 0.5125 0.16319444444444445 0.06354166666666666 0.09444444444444444
1 0.6140625 0.12986111111111112 0.025520833333333333 0.03611111111111111
3 0.721875 0.10972222222222222 0.019270833333333334 0.034027777777777775
2 0.7161458333333334 0.06736111111111111 0.052083333333333336 0.049305555555555554
1 0.6854166666666667 0.029861111111111113 0.019270833333333334 0.025
2 0.6328125 0.017361111111111112 0.028125 0.034722222222222224
2 0.55625 0.10069444444444445 0.03697916666666667 0.05416666666666667
2 0.5744791666666667 0.059027777777777776 0.044270833333333336 0.07430555555555556
2 0.5973958333333333 0.02638888888888889 0.03854166666666667 0.05277777777777778
1 0.26979166666666665 0.5930555555555556 0.07552083333333333 0.11041666666666666