1 0.35833333333333334 0.8131944444444444 0.125 0.21805555555555556
1 0.6765625 0.49027777777777776 0.06927083333333334 0.1840277777777778
1 0.7901041666666667 0.39305555555555555 0.13229166666666667 0.09236111111111112
1 0.6385416666666667 0.29305555555555557 0.12708333333333333 0.08888888888888889
1 0.5994791666666667 0.4652777777777778 0.06666666666666667 0.18541666666666667
1 0.5265625 0.45555555555555555 0.084375 0.18263888888888888
1 0.45 0.4354166666666667 0.084375 0.16944444444444445
1 0.3765625 0.41805555555555557 0.08020833333333334 0.16944444444444445
1 0.30833333333333335 0.40069444444444446 0.090625 0.17708333333333334
1 0.23958333333333334 0.37777777777777777 0.09479166666666666 0.16944444444444445
1 0.16770833333333332 0.3625 0.1 0.16319444444444445
1 0.1 0.35208333333333336 0.11302083333333333 0.15555555555555556
1 0.0390625 0.3347222222222222 0.078125 0.15
1 0.7953125 0.3145833333333333 0.12916666666666668 0.08888888888888889
1 0.7927083333333333 0.23819444444444443 0.140625 0.07777777777777778
1 0.7984375 0.16458333333333333 0.1265625 0.07916666666666666
1 0.7947916666666667 0.11458333333333333 0.12447916666666667 0.08472222222222223
1 0.5442708333333334 0.13541666666666666 0.11979166666666667 0.08680555555555555
1 0.559375 0.08958333333333333 0.12135416666666667 0.08541666666666667
3 0.5322916666666667 0.2013888888888889 0.11510416666666666 0.08680555555555555
3 0.5729166666666666 0.03263888888888889 0.09010416666666667 0.06458333333333334
1 0.4739583333333333 0.02013888888888889 0.05520833333333333 0.04027777777777778
1 0.8041666666666667 0.052083333333333336 0.10260416666666666 0.07708333333333334
3 0.6515625 0.6777777777777778 0.13854166666666667 0.14027777777777778
3 0.8984375 0.4638888888888889 0.04010416666666667 0.10833333333333334