2 0.6557291666666667 0.059722222222222225 0.011458333333333333 0.009722222222222222
2 0.6458333333333334 0.06736111111111111 0.005208333333333333 0.009722222222222222
1 0.6421875 0.075 0.0026041666666666665 0.003472222222222222
1 0.6447916666666667 0.07847222222222222 0.0036458333333333334 0.004861111111111111
3 0.6473958333333333 0.12916666666666668 0.005208333333333333 0.008333333333333333
2 0.6432291666666666 0.1423611111111111 0.00625 0.008333333333333333
2 0.615625 0.14930555555555555 0.024479166666666666 0.017361111111111112
3 0.5588541666666667 0.14791666666666667 0.005208333333333333 0.008333333333333333
2 0.42552083333333335 0.2465277777777778 0.03229166666666667 0.01597222222222222
2 0.30625 0.4652777777777778 0.030208333333333334 0.027777777777777776
2 0.4171875 0.38125 0.021354166666666667 0.050694444444444445
2 0.4010416666666667 0.2701388888888889 0.0234375 0.017361111111111112
3 0.4119791666666667 0.31527777777777777 0.019791666666666666 0.017361111111111112
1 0.4197916666666667 0.30486111111111114 0.01875 0.013194444444444444
1 0.3963541666666667 0.33194444444444443 0.0171875 0.01597222222222222
1 0.33125 0.3506944444444444 0.025520833333333333 0.01597222222222222
1 0.38958333333333334 0.24722222222222223 0.017708333333333333 0.010416666666666666
1 0.3796875 0.28680555555555554 0.015104166666666667 0.0125
2 0.3776041666666667 0.9173611111111111 0.041666666666666664 0.1076388888888889
1 0.4427083333333333 0.7375 0.024479166666666666 0.05625
1 0.24375 0.47152777777777777 0.021354166666666667 0.03263888888888889
1 0.21302083333333333 0.4777777777777778 0.021354166666666667 0.03333333333333333
0 0.035416666666666666 0.46875 0.07083333333333333 0.04027777777777778
0 0.058333333333333334 0.4465277777777778 0.09166666666666666 0.03680555555555556
2 0.059375 0.42569444444444443 0.06302083333333333 0.03611111111111111
1 0.5276041666666667 0.1451388888888889 0.007291666666666667 0.006944444444444444
1 0.9854166666666667 0.7638888888888888 0.029166666666666667 0.03263888888888889
2 0.7052083333333333 0.034027777777777775 0.005729166666666666 0.006944444444444444
1 0.8265625 0.18888888888888888 0.0140625 0.008333333333333333
1 0.4421875 0.7368055555555556 0.024479166666666666 0.05625