1 0.20572916666666666 0.034027777777777775 0.0328125 0.018055555555555554
1 0.18489583333333334 0.24375 0.036458333333333336 0.027777777777777776
1 0.17864583333333334 0.26875 0.028645833333333332 0.022916666666666665
1 0.17604166666666668 0.32013888888888886 0.034895833333333334 0.03333333333333333
1 0.027083333333333334 0.4465277777777778 0.01875 0.050694444444444445
2 0.0296875 0.7770833333333333 0.059375 0.052083333333333336
1 0.020833333333333332 0.8340277777777778 0.041666666666666664 0.043055555555555555
1 0.5864583333333333 0.9722222222222222 0.04010416666666667 0.043055555555555555
1 0.5671875 0.9104166666666667 0.04583333333333333 0.03680555555555556
3 0.634375 0.9027777777777778 0.04583333333333333 0.03194444444444444
1 0.6583333333333333 0.9583333333333334 0.0421875 0.035416666666666666
1 0.6994791666666667 0.9083333333333333 0.04010416666666667 0.03819444444444445
1 0.7182291666666667 0.9618055555555556 0.04479166666666667 0.035416666666666666
3 0.38333333333333336 0.7145833333333333 0.020833333333333332 0.08402777777777778
3 0.4125 0.6444444444444445 0.020833333333333332 0.07847222222222222
1 0.4109375 0.12083333333333333 0.013020833333333334 0.05347222222222222
2 0.40729166666666666 0.3173611111111111 0.022916666666666665 0.18541666666666667
1 0.38229166666666664 0.47430555555555554 0.0171875 0.0625