1 0.3723958333333333 0.2798611111111111 0.051041666666666666 0.04375
1 0.6635416666666667 0.15416666666666667 0.04375 0.04236111111111111
1 0.7760416666666666 0.18888888888888888 0.046875 0.03611111111111111
1 0.2942708333333333 0.30625 0.052083333333333336 0.04652777777777778
1 0.253125 0.2375 0.049479166666666664 0.04236111111111111
1 0.08385416666666666 0.18194444444444444 0.04895833333333333 0.04097222222222222
1 0.1796875 0.21319444444444444 0.049479166666666664 0.05
2 0.18802083333333333 0.24930555555555556 0.13333333333333333 0.10486111111111111
2 0.05572916666666667 0.19652777777777777 0.11145833333333334 0.11597222222222223
1 0.828125 0.20069444444444445 0.0484375 0.04236111111111111
0 0.9583333333333334 0.35138888888888886 0.08177083333333333 0.08333333333333333