2 0.4661458333333333 0.9638888888888889 0.040625 0.07013888888888889
2 0.4401041666666667 0.54375 0.0359375 0.09027777777777778
2 0.3807291666666667 0.2847222222222222 0.01875 0.03194444444444444
2 0.21302083333333333 0.21458333333333332 0.009895833333333333 0.022916666666666665
2 0.2359375 0.23541666666666666 0.013020833333333334 0.024305555555555556
2 0.24947916666666667 0.15763888888888888 0.00625 0.0125
2 0.315625 0.3375 0.01875 0.03333333333333333
2 0.5416666666666666 0.2534722222222222 0.011979166666666667 0.025694444444444443
2 0.6390625 0.19375 0.0078125 0.024305555555555556
2 0.5880208333333333 0.25833333333333336 0.009895833333333333 0.016666666666666666
1 0.5359375 0.81875 0.030729166666666665 0.06319444444444444
1 0.6088541666666667 0.7145833333333333 0.029166666666666667 0.058333333333333334
1 0.5015625 0.6722222222222223 0.022916666666666665 0.044444444444444446
1 0.5244791666666667 0.5826388888888889 0.022916666666666665 0.04027777777777778
1 0.5359375 0.5402777777777777 0.021354166666666667 0.034027777777777775
1 0.43333333333333335 0.4666666666666667 0.016666666666666666 0.025694444444444443
1 0.4036458333333333 0.4097222222222222 0.0140625 0.02013888888888889
1 0.42083333333333334 0.35833333333333334 0.0140625 0.021527777777777778
1 0.39166666666666666 0.3909722222222222 0.015625 0.02013888888888889
1 0.3463541666666667 0.3888888888888889 0.015625 0.024305555555555556
1 0.34791666666666665 0.36180555555555555 0.0140625 0.02013888888888889
1 0.3729166666666667 0.3104166666666667 0.013020833333333334 0.016666666666666666
1 0.33125 0.3173611111111111 0.013020833333333334 0.015277777777777777
1 0.3072916666666667 0.3125 0.013020833333333334 0.013888888888888888
1 0.31197916666666664 0.29930555555555555 0.011458333333333333 0.015277777777777777
1 0.35572916666666665 0.2673611111111111 0.009895833333333333 0.016666666666666666
1 0.3234375 0.24583333333333332 0.009895833333333333 0.013888888888888888
1 0.2869791666666667 0.27708333333333335 0.011458333333333333 0.013888888888888888
1 0.2557291666666667 0.27569444444444446 0.009895833333333333 0.013888888888888888
1 0.26145833333333335 0.2548611111111111 0.009895833333333333 0.0125
1 0.275 0.24513888888888888 0.009895833333333333 0.015277777777777777
1 0.2671875 0.23055555555555557 0.008333333333333333 0.013888888888888888
1 0.2640625 0.18333333333333332 0.005729166666666666 0.009027777777777777
1 0.2520833333333333 0.2423611111111111 0.008333333333333333 0.015277777777777777
1 0.2171875 0.17708333333333334 0.005729166666666666 0.009027777777777777
1 0.22291666666666668 0.1840277777777778 0.005729166666666666 0.010416666666666666
1 0.23020833333333332 0.18888888888888888 0.00625 0.007638888888888889
1 0.22916666666666666 0.2 0.00625 0.011111111111111112
1 0.24739583333333334 0.18194444444444444 0.005729166666666666 0.009027777777777777
1 0.27395833333333336 0.17291666666666666 0.005208333333333333 0.010416666666666666
1 0.28072916666666664 0.1597222222222222 0.004166666666666667 0.007638888888888889
1 0.2708333333333333 0.21458333333333332 0.007291666666666667 0.010416666666666666
3 0.28125 0.22291666666666668 0.0078125 0.016666666666666666
3 0.29635416666666664 0.23402777777777778 0.008333333333333333 0.016666666666666666
3 0.2791666666666667 0.14930555555555555 0.0078125 0.011111111111111112
1 0.24010416666666667 0.17152777777777778 0.007291666666666667 0.010416666666666666
3 0.6265625 0.21041666666666667 0.004166666666666667 0.010416666666666666
3 0.9354166666666667 0.6590277777777778 0.029166666666666667 0.052083333333333336
3 0.8713541666666667 0.5826388888888889 0.019791666666666666 0.04583333333333333
1 0.9479166666666666 0.5861111111111111 0.0328125 0.022916666666666665
3 0.37447916666666664 0.42291666666666666 0.024479166666666666 0.04027777777777778