2 0.84375 0.47291666666666665 0.0296875 0.06597222222222222
1 0.7098958333333333 0.46944444444444444 0.03802083333333333 0.03680555555555556
1 0.7276041666666667 0.42916666666666664 0.035416666666666666 0.030555555555555555
1 0.7927083333333333 0.3277777777777778 0.030729166666666665 0.02847222222222222
1 0.671875 0.4083333333333333 0.033854166666666664 0.034027777777777775
1 0.6953125 0.37569444444444444 0.034375 0.029861111111111113
1 0.6786458333333333 0.33958333333333335 0.03177083333333333 0.029861111111111113
1 0.6442708333333333 0.36944444444444446 0.03333333333333333 0.029861111111111113
1 0.7526041666666666 0.2701388888888889 0.029166666666666667 0.025
2 0.7963541666666667 0.21041666666666667 0.049479166666666664 0.035416666666666666
1 0.8067708333333333 0.1909722222222222 0.022395833333333334 0.01875
1 0.8302083333333333 0.13055555555555556 0.022916666666666665 0.017361111111111112
1 0.8119791666666667 0.11527777777777778 0.021875 0.016666666666666666
1 0.9015625 0.08611111111111111 0.026041666666666668 0.016666666666666666
1 0.8994791666666667 0.05486111111111111 0.024479166666666666 0.024305555555555556
1 0.8963541666666667 0.013194444444444444 0.01875 0.014583333333333334
1 0.5630208333333333 0.37430555555555556 0.033854166666666664 0.02847222222222222
1 0.6036458333333333 0.5104166666666666 0.03854166666666667 0.03611111111111111
1 0.6166666666666667 0.5340277777777778 0.040625 0.03263888888888889
3 0.6307291666666667 0.5590277777777778 0.035416666666666666 0.041666666666666664
1 0.6369791666666667 0.6236111111111111 0.04479166666666667 0.03888888888888889
1 0.5578125 0.7243055555555555 0.0484375 0.04513888888888889
1 0.5291666666666667 0.5951388888888889 0.042708333333333334 0.03819444444444445
1 0.1453125 0.04375 0.0234375 0.016666666666666666
1 0.24635416666666668 0.052083333333333336 0.011458333333333333 0.025