1 0.40260416666666665 0.9652777777777778 0.1234375 0.06944444444444445
3 0.2015625 0.9798611111111111 0.11927083333333334 0.04027777777777778
1 0.1671875 0.6527777777777778 0.11979166666666667 0.10347222222222222
1 0.2635416666666667 0.3909722222222222 0.06875 0.14027777777777778
3 0.38697916666666665 0.2388888888888889 0.07239583333333334 0.1361111111111111
1 0.6166666666666667 0.32222222222222224 0.07447916666666667 0.15208333333333332
1 0.6802083333333333 0.3486111111111111 0.07239583333333334 0.15069444444444444
1 0.7390625 0.3819444444444444 0.0734375 0.14305555555555555
1 0.7791666666666667 0.16180555555555556 0.11197916666666667 0.08541666666666667
1 0.5166666666666667 0.07222222222222222 0.09791666666666667 0.09236111111111112
1 0.9401041666666666 0.44583333333333336 0.08020833333333334 0.15833333333333333
1 0.5166666666666667 0.2722222222222222 0.059375 0.1076388888888889
1 0.46197916666666666 0.2590277777777778 0.06770833333333333 0.13333333333333333