1 0.1 0.9472222222222222 0.0875 0.09930555555555555
1 0.0984375 0.7763888888888889 0.075 0.17916666666666667
1 0.3963541666666667 0.9125 0.14739583333333334 0.15555555555555556
1 0.37552083333333336 0.8055555555555556 0.16145833333333334 0.14027777777777778
1 0.36302083333333335 0.7229166666666667 0.13385416666666666 0.1076388888888889
1 0.32864583333333336 0.5958333333333333 0.11354166666666667 0.08888888888888889
1 0.109375 0.6013888888888889 0.0828125 0.12430555555555556
1 0.31354166666666666 0.5465277777777777 0.11041666666666666 0.08958333333333333
1 0.2947916666666667 0.5048611111111111 0.103125 0.07430555555555556
1 0.29375 0.4638888888888889 0.09010416666666667 0.06805555555555555
1 0.2734375 0.43472222222222223 0.08802083333333334 0.06597222222222222
1 0.6151041666666667 0.41041666666666665 0.06302083333333333 0.0763888888888889
1 0.9015625 0.5798611111111112 0.10520833333333333 0.10972222222222222
1 0.78125 0.46041666666666664 0.08020833333333334 0.08333333333333333
1 0.6875 0.3680555555555556 0.06302083333333333 0.06597222222222222
1 0.3848958333333333 0.2076388888888889 0.03697916666666667 0.04513888888888889
1 0.35885416666666664 0.16944444444444445 0.020833333333333332 0.035416666666666666
1 0.7901041666666667 0.39166666666666666 0.05364583333333333 0.06805555555555555
1 0.7619791666666667 0.19305555555555556 0.0453125 0.03263888888888889
1 0.8135416666666667 0.22708333333333333 0.053125 0.041666666666666664
1 0.49583333333333335 0.36319444444444443 0.04791666666666667 0.07569444444444444
1 0.06041666666666667 0.014583333333333334 0.0234375 0.014583333333333334
1 0.0609375 0.007638888888888889 0.021354166666666667 0.013194444444444444
1 0.07291666666666667 0.05347222222222222 0.021354166666666667 0.025
1 0.1375 0.11944444444444445 0.022395833333333334 0.029861111111111113
1 0.08645833333333333 0.15555555555555556 0.04583333333333333 0.03263888888888889
1 0.06197916666666667 0.11944444444444445 0.022395833333333334 0.02847222222222222
1 0.06510416666666667 0.10069444444444445 0.024479166666666666 0.027777777777777776
1 0.13489583333333333 0.09652777777777778 0.020833333333333332 0.02361111111111111
1 0.1328125 0.08125 0.01875 0.02361111111111111
1 0.12708333333333333 0.03888888888888889 0.019270833333333334 0.022222222222222223
1 0.1234375 0.02638888888888889 0.028125 0.01875
1 0.12708333333333333 0.020833333333333332 0.0140625 0.01597222222222222
1 0.125 0.01597222222222222 0.011979166666666667 0.020833333333333332
1 0.0796875 0.027777777777777776 0.017708333333333333 0.020833333333333332
1 0.08802083333333334 0.09236111111111112 0.021354166666666667 0.029861111111111113
1 0.13541666666666666 0.14097222222222222 0.0234375 0.034027777777777775
1 0.23333333333333334 0.16875 0.05520833333333333 0.02361111111111111
3 0.1265625 0.007638888888888889 0.013020833333333334 0.015277777777777777
3 0.12864583333333332 0.05555555555555555 0.0171875 0.025
3 0.20989583333333334 0.14097222222222222 0.0421875 0.034027777777777775
3 0.16510416666666666 0.1701388888888889 0.04375 0.06597222222222222
1 0.43802083333333336 0.2659722222222222 0.0453125 0.06319444444444444
0 0.7744791666666667 0.575 0.25052083333333336 0.2875
1 0.9713541666666666 0.5805555555555556 0.05572916666666667 0.09652777777777778
1 0.9276041666666667 0.24513888888888888 0.05520833333333333 0.03819444444444445
1 0.971875 0.2722222222222222 0.049479166666666664 0.030555555555555555
3 0.953125 0.3173611111111111 0.0921875 0.08888888888888889
1 0.6104166666666667 0.09652777777777778 0.036458333333333336 0.025694444444444443
3 0.5416666666666666 0.06180555555555556 0.0328125 0.029861111111111113
1 0.490625 0.034027777777777775 0.021354166666666667 0.020833333333333332
1 0.45729166666666665 0.017361111111111112 0.0171875 0.01597222222222222
1 0.45416666666666666 0.06041666666666667 0.024479166666666666 0.02013888888888889