3 0.45 0.016666666666666666 0.009895833333333333 0.018055555555555554
1 0.5067708333333333 0.16041666666666668 0.009375 0.03194444444444444
1 0.5213541666666667 0.12430555555555556 0.009895833333333333 0.025694444444444443
3 0.521875 0.15694444444444444 0.009375 0.03680555555555556
1 0.5223958333333333 0.1909722222222222 0.0109375 0.029166666666666667
1 0.5229166666666667 0.2222222222222222 0.009895833333333333 0.03333333333333333
3 0.5041666666666667 0.23472222222222222 0.013020833333333334 0.043055555555555555
1 0.38229166666666664 0.45625 0.015625 0.041666666666666664
0 0.4828125 0.36041666666666666 0.019791666666666666 0.10416666666666667
1 0.5020833333333333 0.4027777777777778 0.013020833333333334 0.04722222222222222
1 0.5041666666666667 0.33958333333333335 0.011979166666666667 0.034027777777777775
1 0.5208333333333334 0.3506944444444444 0.015104166666666667 0.03680555555555556
3 0.5234375 0.4166666666666667 0.0140625 0.052083333333333336
1 0.5005208333333333 0.4826388888888889 0.016666666666666666 0.04722222222222222
1 0.421875 0.5375 0.016666666666666666 0.044444444444444446
1 0.3958333333333333 0.5722222222222222 0.016666666666666666 0.043055555555555555
3 0.36614583333333334 0.6159722222222223 0.022395833333333334 0.0625
1 0.38229166666666664 0.6965277777777777 0.019791666666666666 0.06111111111111111
1 0.4109375 0.6951388888888889 0.01875 0.06319444444444444
1 0.3734375 0.8076388888888889 0.020833333333333332 0.06736111111111111
3 0.3645833333333333 0.9430555555555555 0.022395833333333334 0.08611111111111111
3 0.39739583333333334 0.9305555555555556 0.021354166666666667 0.08263888888888889
3 0.4041666666666667 0.8083333333333333 0.022916666666666665 0.08125
3 0.9322916666666666 0.15555555555555556 0.015104166666666667 0.029166666666666667