1 0.9572916666666667 0.6409722222222223 0.08541666666666667 0.06041666666666667
1 0.85 0.5909722222222222 0.0828125 0.05555555555555555
1 0.7848958333333333 0.6493055555555556 0.08645833333333333 0.06041666666666667
1 0.7505208333333333 0.5486111111111112 0.07083333333333333 0.04583333333333333
3 0.7015625 0.6 0.065625 0.06875
1 0.6270833333333333 0.56875 0.06614583333333333 0.044444444444444446
1 0.6838541666666667 0.4361111111111111 0.0421875 0.027777777777777776
1 0.7015625 0.4270833333333333 0.04010416666666667 0.025
1 0.7098958333333333 0.4840277777777778 0.03958333333333333 0.03194444444444444
1 0.7453125 0.4340277777777778 0.030208333333333334 0.027777777777777776
1 0.7817708333333333 0.4395833333333333 0.03229166666666667 0.025694444444444443
1 0.8072916666666666 0.4638888888888889 0.05677083333333333 0.029166666666666667
1 0.7958333333333333 0.3875 0.03854166666666667 0.025
1 0.8171875 0.38125 0.040625 0.022222222222222223
1 0.8286458333333333 0.37569444444444444 0.0328125 0.022222222222222223
1 0.8411458333333334 0.3729166666666667 0.028125 0.022222222222222223
1 0.8536458333333333 0.37083333333333335 0.030729166666666665 0.01875
1 0.8677083333333333 0.36944444444444446 0.034375 0.019444444444444445
1 0.9234375 0.3576388888888889 0.035416666666666666 0.017361111111111112
2 0.8625 0.3902777777777778 0.044270833333333336 0.04097222222222222
1 0.5625 0.47291666666666665 0.044270833333333336 0.029166666666666667
1 0.5166666666666667 0.5118055555555555 0.04895833333333333 0.034722222222222224
1 0.5192708333333333 0.4548611111111111 0.04114583333333333 0.027083333333333334
1 0.4734375 0.4354166666666667 0.035416666666666666 0.025694444444444443
1 0.4401041666666667 0.4222222222222222 0.03229166666666667 0.022916666666666665
1 0.4114583333333333 0.45625 0.03958333333333333 0.02847222222222222
1 0.37864583333333335 0.43819444444444444 0.035416666666666666 0.025694444444444443
3 0.35 0.4215277777777778 0.0234375 0.03333333333333333
1 0.3182291666666667 0.4097222222222222 0.03177083333333333 0.022222222222222223
1 0.3765625 0.3972222222222222 0.027083333333333334 0.01875
1 0.3567708333333333 0.38819444444444445 0.026041666666666668 0.01875
1 0.3625 0.3645833333333333 0.0296875 0.01597222222222222
2 0.321875 0.3638888888888889 0.025520833333333333 0.022222222222222223
2 0.35052083333333334 0.32916666666666666 0.03229166666666667 0.02361111111111111
1 0.38645833333333335 0.3333333333333333 0.0171875 0.011805555555555555
1 0.4 0.3326388888888889 0.01875 0.0125
1 0.41354166666666664 0.3159722222222222 0.016145833333333335 0.0125
1 0.4479166666666667 0.32430555555555557 0.015625 0.013888888888888888
3 0.3958333333333333 0.27569444444444446 0.0109375 0.009722222222222222
3 0.4119791666666667 0.26666666666666666 0.0171875 0.009722222222222222
1 0.43020833333333336 0.26875 0.0140625 0.008333333333333333
1 0.44479166666666664 0.27708333333333335 0.010416666666666666 0.006944444444444444
3 0.4432291666666667 0.2708333333333333 0.005729166666666666 0.008333333333333333
1 0.39479166666666665 0.2826388888888889 0.0125 0.008333333333333333
1 0.3927083333333333 0.26805555555555555 0.008333333333333333 0.008333333333333333
1 0.6666666666666666 0.28541666666666665 0.013541666666666667 0.008333333333333333
1 0.675 0.28541666666666665 0.014583333333333334 0.006944444444444444
1 0.6682291666666667 0.29375 0.015625 0.008333333333333333
1 0.678125 0.29305555555555557 0.015104166666666667 0.008333333333333333
1 0.6817708333333333 0.29097222222222224 0.015104166666666667 0.008333333333333333
1 0.9567708333333333 0.6402777777777777 0.08541666666666667 0.06041666666666667