1 0.5447916666666667 0.7666666666666667 0.015104166666666667 0.025
1 0.5265625 0.5888888888888889 0.005729166666666666 0.006944444444444444
1 0.49166666666666664 0.5909722222222222 0.005208333333333333 0.006944444444444444
1 0.4666666666666667 0.6631944444444444 0.009895833333333333 0.014583333333333334
1 0.4791666666666667 0.7111111111111111 0.011458333333333333 0.017361111111111112
3 0.32708333333333334 0.8506944444444444 0.030208333333333334 0.052083333333333336
1 0.346875 0.7652777777777777 0.0234375 0.027777777777777776
1 0.3140625 0.8145833333333333 0.030208333333333334 0.03680555555555556
1 0.2869791666666667 0.8618055555555556 0.0359375 0.04583333333333333
1 0.23385416666666667 0.8826388888888889 0.0390625 0.050694444444444445
1 0.20833333333333334 0.8784722222222222 0.04479166666666667 0.04652777777777778
1 0.246875 0.8277777777777777 0.03333333333333333 0.03888888888888889
1 0.27239583333333334 0.83125 0.0328125 0.041666666666666664
1 0.30052083333333335 0.7944444444444444 0.028645833333333332 0.03333333333333333
1 0.28072916666666664 0.7819444444444444 0.027083333333333334 0.02847222222222222
1 0.3020833333333333 0.7576388888888889 0.024479166666666666 0.025694444444444443
1 0.3015625 0.64375 0.022395833333333334 0.011111111111111112
1 0.2677083333333333 0.6444444444444445 0.022916666666666665 0.011111111111111112
1 0.27291666666666664 0.6340277777777777 0.008333333333333333 0.009722222222222222
1 0.00625 0.6472222222222223 0.011979166666666667 0.008333333333333333
1 0.03125 0.6375 0.015104166666666667 0.010416666666666666
1 0.0421875 0.6381944444444444 0.0140625 0.011111111111111112
1 0.07239583333333334 0.6361111111111111 0.013541666666666667 0.011111111111111112
1 0.08802083333333334 0.6354166666666666 0.016666666666666666 0.010416666666666666
1 0.1046875 0.6368055555555555 0.013541666666666667 0.010416666666666666
1 0.13020833333333334 0.6333333333333333 0.0171875 0.013194444444444444
1 0.14166666666666666 0.6340277777777777 0.01875 0.013194444444444444
1 0.049479166666666664 0.6465277777777778 0.024479166666666666 0.009722222222222222
1 0.07864583333333333 0.6673611111111111 0.01875 0.018055555555555554
1 0.34322916666666664 0.6375 0.020833333333333332 0.008333333333333333
1 0.3260416666666667 0.6208333333333333 0.0078125 0.011111111111111112
1 0.3411458333333333 0.6298611111111111 0.016666666666666666 0.008333333333333333
1 0.35 0.6263888888888889 0.01875 0.007638888888888889
1 0.3536458333333333 0.6229166666666667 0.019791666666666666 0.007638888888888889
1 0.3697916666666667 0.6243055555555556 0.009375 0.008333333333333333
1 0.3723958333333333 0.61875 0.0078125 0.006944444444444444
1 0.3765625 0.6152777777777778 0.00625 0.007638888888888889
1 0.3807291666666667 0.6118055555555556 0.008333333333333333 0.006944444444444444
1 0.39114583333333336 0.6083333333333333 0.009375 0.010416666666666666
3 0.38645833333333335 0.5972222222222222 0.0140625 0.007638888888888889
1 0.3890625 0.5916666666666667 0.009375 0.005555555555555556
1 0.434375 0.58125 0.005729166666666666 0.007638888888888889
0 0.4479166666666667 0.5625 0.007291666666666667 0.0125
1 0.4515625 0.5569444444444445 0.005208333333333333 0.004861111111111111
1 0.4505208333333333 0.5493055555555556 0.0026041666666666665 0.003472222222222222
1 0.4671875 0.5479166666666667 0.0026041666666666665 0.002777777777777778
1 0.46770833333333334 0.5430555555555555 0.0036458333333333334 0.002777777777777778
1 0.46927083333333336 0.5416666666666666 0.0026041666666666665 0.002777777777777778
1 0.4708333333333333 0.5388888888888889 0.0026041666666666665 0.003472222222222222
1 0.478125 0.5361111111111111 0.0020833333333333333 0.003472222222222222
1 0.48333333333333334 0.5368055555555555 0.0036458333333333334 0.002777777777777778
1 0.48125 0.5340277777777778 0.0020833333333333333 0.0006944444444444445
1 0.47552083333333334 0.5340277777777778 0.0020833333333333333 0.0020833333333333333
1 0.4859375 0.53125 0.0020833333333333333 0.003472222222222222
1 0.48333333333333334 0.5298611111111111 0.0020833333333333333 0.002777777777777778
1 0.4796875 0.5298611111111111 0.0020833333333333333 0.002777777777777778
1 0.4041666666666667 0.5798611111111112 0.0109375 0.005555555555555556
1 0.41822916666666665 0.5798611111111112 0.0078125 0.007638888888888889
1 0.4125 0.5729166666666666 0.009375 0.004861111111111111
1 0.41510416666666666 0.5701388888888889 0.0078125 0.004861111111111111