3 0.3885416666666667 0.6451388888888889 0.09947916666666666 0.15208333333333332
1 0.040625 0.42986111111111114 0.08125 0.06041666666666667
1 0.1015625 0.39375 0.0703125 0.05694444444444444
1 0.2375 0.29305555555555557 0.08072916666666667 0.043055555555555555
1 0.30625 0.225 0.06197916666666667 0.035416666666666666
1 0.38333333333333336 0.15902777777777777 0.051041666666666666 0.027777777777777776
3 0.37083333333333335 0.1388888888888889 0.03958333333333333 0.029166666666666667
1 0.3932291666666667 0.1326388888888889 0.04010416666666667 0.024305555555555556
3 0.38697916666666665 0.12013888888888889 0.036458333333333336 0.022222222222222223
3 0.39895833333333336 0.09930555555555555 0.0390625 0.025
3 0.4661458333333333 0.05347222222222222 0.0328125 0.02013888888888889
1 0.49583333333333335 0.015277777777777777 0.021354166666666667 0.013194444444444444
1 0.559375 0.06805555555555555 0.03333333333333333 0.01875
1 0.6015625 0.004166666666666667 0.021354166666666667 0.008333333333333333
0 0.56875 0.007638888888888889 0.0171875 0.014583333333333334
1 0.446875 0.30416666666666664 0.07239583333333334 0.04375
1 0.4817708333333333 0.23402777777777778 0.05677083333333333 0.03611111111111111
3 0.4875 0.20277777777777778 0.058333333333333334 0.034722222222222224
3 0.7078125 0.27291666666666664 0.06875 0.04652777777777778
1 0.703125 0.23958333333333334 0.058854166666666666 0.0375
1 0.696875 0.20833333333333334 0.05572916666666667 0.03333333333333333
1 0.6890625 0.06736111111111111 0.015104166666666667 0.020833333333333332