1 0.6270833333333333 0.8583333333333333 0.06666666666666667 0.1111111111111111
1 0.5807291666666666 0.7486111111111111 0.05625 0.09930555555555555
1 0.7427083333333333 0.8020833333333334 0.07552083333333333 0.09722222222222222
1 0.6911458333333333 0.7083333333333334 0.0625 0.075
1 0.8942708333333333 0.6388888888888888 0.0671875 0.09305555555555556
1 0.9770833333333333 0.60625 0.04583333333333333 0.041666666666666664
1 0.4859375 0.5729166666666666 0.05677083333333333 0.05486111111111111
1 0.465625 0.5104166666666666 0.05 0.050694444444444445
1 0.45729166666666665 0.44930555555555557 0.033854166666666664 0.05
1 0.5166666666666667 0.425 0.0328125 0.0375
1 0.49947916666666664 0.39375 0.034895833333333334 0.035416666666666666
1 0.43385416666666665 0.41041666666666665 0.028645833333333332 0.04097222222222222
1 0.34427083333333336 0.4284722222222222 0.028645833333333332 0.03819444444444445
1 0.40572916666666664 0.35347222222222224 0.023958333333333335 0.03333333333333333
1 0.39114583333333336 0.32569444444444445 0.021875 0.029861111111111113
1 0.37604166666666666 0.3090277777777778 0.021354166666666667 0.027083333333333334
1 0.3625 0.28958333333333336 0.0203125 0.025
1 0.44479166666666664 0.31805555555555554 0.025520833333333333 0.025694444444444443
1 0.42864583333333334 0.29791666666666666 0.025 0.025
1 0.39114583333333336 0.2361111111111111 0.023958333333333335 0.019444444444444445
3 0.40729166666666666 0.15902777777777777 0.028125 0.016666666666666666
1 0.3692708333333333 0.15694444444444444 0.022395833333333334 0.013888888888888888
1 0.3494791666666667 0.16180555555555556 0.024479166666666666 0.013888888888888888
3 0.32864583333333336 0.15069444444444444 0.0265625 0.017361111111111112
3 0.29791666666666666 0.1486111111111111 0.024479166666666666 0.01597222222222222
1 0.1984375 0.10625 0.009375 0.011111111111111112
1 0.17708333333333334 0.13819444444444445 0.0140625 0.016666666666666666
1 0.15364583333333334 0.15833333333333333 0.0234375 0.014583333333333334
1 0.11302083333333333 0.16875 0.023958333333333335 0.01875
1 0.9463541666666667 0.23055555555555557 0.019270833333333334 0.01875
1 0.9875 0.28958333333333336 0.025 0.025694444444444443
1 0.19322916666666667 0.09583333333333334 0.008333333333333333 0.009722222222222222
1 0.1953125 0.10138888888888889 0.0078125 0.009722222222222222