2 0.6505208333333333 0.5256944444444445 0.109375 0.12986111111111112
1 0.5213541666666667 0.66875 0.08020833333333334 0.09513888888888888
1 0.41458333333333336 0.7145833333333333 0.04791666666666667 0.05416666666666667
1 0.3984375 0.7548611111111111 0.049479166666666664 0.06597222222222222
1 0.37447916666666664 0.7305555555555555 0.041666666666666664 0.05138888888888889
3 0.31666666666666665 0.7833333333333333 0.044270833333333336 0.06180555555555556
1 0.31927083333333334 0.8090277777777778 0.04583333333333333 0.058333333333333334
1 0.30364583333333334 0.7736111111111111 0.03697916666666667 0.052083333333333336
1 0.3140625 0.7375 0.034895833333333334 0.04861111111111111
3 0.265625 0.8736111111111111 0.04739583333333333 0.06111111111111111
3 0.2682291666666667 0.8201388888888889 0.03802083333333333 0.05625
3 0.19635416666666666 0.9333333333333333 0.0484375 0.06319444444444444
1 0.22916666666666666 0.8826388888888889 0.041666666666666664 0.052083333333333336
1 0.1859375 0.9006944444444445 0.04010416666666667 0.05138888888888889
1 0.14427083333333332 0.9548611111111112 0.04010416666666667 0.043055555555555555
1 0.14583333333333334 0.9868055555555556 0.04583333333333333 0.02638888888888889
1 0.13125 0.9826388888888888 0.0390625 0.034027777777777775
1 0.0296875 0.9881944444444445 0.022395833333333334 0.02361111111111111
1 0.046875 0.9770833333333333 0.025 0.03611111111111111
1 0.06302083333333333 0.9625 0.019270833333333334 0.03125
1 0.10729166666666666 0.9145833333333333 0.028645833333333332 0.04583333333333333
1 0.15208333333333332 0.90625 0.034375 0.052083333333333336
1 0.17239583333333333 0.8868055555555555 0.03697916666666667 0.058333333333333334
1 0.17708333333333334 0.8541666666666666 0.022916666666666665 0.03263888888888889
1 0.2015625 0.8409722222222222 0.021354166666666667 0.034027777777777775
1 0.2109375 0.8541666666666666 0.028645833333333332 0.034027777777777775
2 0.190625 0.7798611111111111 0.04739583333333333 0.06458333333333334
1 0.22135416666666666 0.7458333333333333 0.025520833333333333 0.030555555555555555
3 0.2859375 0.7076388888888889 0.027083333333333334 0.03611111111111111
1 0.2604166666666667 0.6993055555555555 0.020833333333333332 0.022222222222222223
3 0.3015625 0.66875 0.025520833333333333 0.03333333333333333
1 0.3390625 0.5736111111111111 0.0140625 0.022222222222222223
1 0.33541666666666664 0.6131944444444445 0.0265625 0.025694444444444443
1 0.34270833333333334 0.5972222222222222 0.022395833333333334 0.022916666666666665
1 0.35625 0.5736111111111111 0.025520833333333333 0.027777777777777776
1 0.36875 0.5465277777777777 0.020833333333333332 0.025
1 0.3770833333333333 0.5326388888888889 0.019791666666666666 0.02013888888888889
1 0.365625 0.6486111111111111 0.024479166666666666 0.04375
1 0.3890625 0.6229166666666667 0.022395833333333334 0.04375
1 0.4119791666666667 0.5944444444444444 0.022395833333333334 0.043055555555555555
1 0.4390625 0.5625 0.022916666666666665 0.04097222222222222
1 0.3802083333333333 0.6111111111111112 0.020833333333333332 0.03819444444444445
1 0.4041666666666667 0.5840277777777778 0.019791666666666666 0.034027777777777775
1 0.4265625 0.5520833333333334 0.020833333333333332 0.035416666666666666
1 0.44947916666666665 0.5277777777777778 0.020833333333333332 0.035416666666666666
1 0.4583333333333333 0.4965277777777778 0.017708333333333333 0.029861111111111113
1 0.4390625 0.5215277777777778 0.015104166666666667 0.025694444444444443
1 0.4640625 0.4736111111111111 0.013541666666666667 0.02361111111111111
1 0.45729166666666665 0.49583333333333335 0.017708333333333333 0.029861111111111113
1 0.45416666666666666 0.4798611111111111 0.013541666666666667 0.02361111111111111
1 0.42552083333333335 0.5222222222222223 0.013541666666666667 0.02361111111111111
1 0.4354166666666667 0.4979166666666667 0.013541666666666667 0.02361111111111111
1 0.41302083333333334 0.5277777777777778 0.013541666666666667 0.02361111111111111
1 0.42239583333333336 0.5069444444444444 0.013541666666666667 0.02361111111111111
1 0.41458333333333336 0.55 0.013541666666666667 0.02361111111111111
0 0.3932291666666667 0.5611111111111111 0.0390625 0.06458333333333334
1 0.43020833333333336 0.4861111111111111 0.0109375 0.022222222222222223
1 0.4432291666666667 0.45416666666666666 0.009375 0.015277777777777777
1 0.4505208333333333 0.4534722222222222 0.0109375 0.022916666666666665
1 0.4708333333333333 0.4513888888888889 0.013541666666666667 0.020833333333333332
1 0.46041666666666664 0.4583333333333333 0.013541666666666667 0.02361111111111111
0 0.440625 0.4756944444444444 0.01875 0.03125
1 0.47760416666666666 0.43125 0.013541666666666667 0.022222222222222223
1 0.484375 0.41597222222222224 0.013020833333333334 0.018055555555555554
1 0.4635416666666667 0.44513888888888886 0.013020833333333334 0.018055555555555554
1 0.4609375 0.4340277777777778 0.011458333333333333 0.01597222222222222
1 0.45625 0.4270833333333333 0.011458333333333333 0.01597222222222222
1 0.4640625 0.41805555555555557 0.009895833333333333 0.013194444444444444
1 0.46927083333333336 0.4263888888888889 0.009895833333333333 0.01875
1 0.47552083333333334 0.4131944444444444 0.0109375 0.01875
1 0.4869791666666667 0.40208333333333335 0.008333333333333333 0.015277777777777777
1 0.48125 0.3951388888888889 0.008333333333333333 0.015277777777777777
1 0.46875 0.4076388888888889 0.008333333333333333 0.015277777777777777
1 0.46770833333333334 0.39305555555555555 0.008333333333333333 0.015277777777777777
1 0.475 0.3902777777777778 0.008333333333333333 0.014583333333333334
1 0.48333333333333334 0.38472222222222224 0.008333333333333333 0.011111111111111112
1 0.490625 0.3909722222222222 0.008333333333333333 0.010416666666666666
1 0.4942708333333333 0.3798611111111111 0.008333333333333333 0.0125
1 0.49635416666666665 0.3701388888888889 0.008333333333333333 0.0125
3 0.4140625 0.4583333333333333 0.022916666666666665 0.020833333333333332
1 0.4427083333333333 0.4173611111111111 0.015104166666666667 0.017361111111111112
1 0.4427083333333333 0.40208333333333335 0.011979166666666667 0.014583333333333334
1 0.39375 0.49166666666666664 0.027083333333333334 0.027777777777777776