1 0.55 0.6625 0.041666666666666664 0.1
3 0.4791666666666667 0.014583333333333334 0.013541666666666667 0.01875
1 0.5546875 0.06319444444444444 0.020833333333333332 0.02361111111111111
1 0.4901041666666667 0.008333333333333333 0.0171875 0.015277777777777777
3 0.56875 0.16111111111111112 0.024479166666666666 0.03333333333333333
1 0.5817708333333333 0.017361111111111112 0.019270833333333334 0.018055555555555554
1 0.6510416666666666 0.025694444444444443 0.016666666666666666 0.011111111111111112
1 0.675 0.009027777777777777 0.0140625 0.014583333333333334
1 0.6947916666666667 0.09791666666666667 0.025520833333333333 0.02013888888888889
3 0.6010416666666667 0.1736111111111111 0.022395833333333334 0.034027777777777775
1 0.571875 0.36875 0.0421875 0.05347222222222222
1 0.6526041666666667 0.39166666666666666 0.030729166666666665 0.059027777777777776
1 0.6307291666666667 0.49166666666666664 0.03697916666666667 0.059722222222222225
1 0.7130208333333333 0.3215277777777778 0.025 0.04652777777777778
1 0.7838541666666666 0.10277777777777777 0.029166666666666667 0.020833333333333332
1 0.7916666666666666 0.07847222222222222 0.025520833333333333 0.018055555555555554
1 0.8192708333333333 0.09166666666666666 0.030208333333333334 0.020833333333333332
1 0.7677083333333333 0.09305555555555556 0.024479166666666666 0.017361111111111112
1 0.8255208333333334 0.12916666666666668 0.030729166666666665 0.022222222222222223
1 0.70625 0.02361111111111111 0.022395833333333334 0.02013888888888889
1 0.8776041666666666 0.11736111111111111 0.03333333333333333 0.022222222222222223