1 0.07239583333333334 0.525 0.109375 0.12013888888888889
1 0.3619791666666667 0.8458333333333333 0.2078125 0.2111111111111111
1 0.709375 0.5173611111111112 0.08125 0.10555555555555556
1 0.7140625 0.4388888888888889 0.08072916666666667 0.07708333333333334
1 0.759375 0.38680555555555557 0.0640625 0.059722222222222225
1 0.5380208333333333 0.32708333333333334 0.05 0.04861111111111111
1 0.49635416666666665 0.34305555555555556 0.057291666666666664 0.049305555555555554
1 0.3098958333333333 0.3645833333333333 0.044270833333333336 0.05347222222222222
1 0.23854166666666668 0.3576388888888889 0.05 0.052083333333333336
1 0.4427083333333333 0.3506944444444444 0.05260416666666667 0.05347222222222222
1 0.38645833333333335 0.3611111111111111 0.04583333333333333 0.052083333333333336
1 0.184375 0.3326388888888889 0.042708333333333334 0.052083333333333336
2 0.09479166666666666 0.27361111111111114 0.06510416666666667 0.058333333333333334
1 0.959375 0.7180555555555556 0.08125 0.11041666666666666