1 0.7338541666666667 0.23680555555555555 0.025 0.011805555555555555
1 0.7229166666666667 0.24305555555555555 0.028125 0.014583333333333334
1 0.7505208333333333 0.26944444444444443 0.019270833333333334 0.019444444444444445
3 0.6708333333333333 0.27708333333333335 0.04479166666666667 0.027777777777777776
3 0.6729166666666667 0.29791666666666666 0.0515625 0.025694444444444443
1 0.6755208333333333 0.3076388888888889 0.04895833333333333 0.021527777777777778
1 0.671875 0.31180555555555556 0.05 0.022916666666666665
1 0.671875 0.33402777777777776 0.05625 0.027083333333333334
1 0.6807291666666667 0.34375 0.058333333333333334 0.030555555555555555
1 0.7494791666666667 0.3923611111111111 0.06614583333333333 0.0375
1 0.6651041666666667 0.38819444444444445 0.07291666666666667 0.03194444444444444
1 0.6671875 0.40208333333333335 0.071875 0.027777777777777776
1 0.6682291666666667 0.41944444444444445 0.07760416666666667 0.0375
3 0.6817708333333333 0.4326388888888889 0.08385416666666666 0.05763888888888889
3 0.6609375 0.46875 0.08489583333333334 0.058333333333333334
1 0.6880208333333333 0.5090277777777777 0.10989583333333333 0.06944444444444445
1 0.6916666666666667 0.6229166666666667 0.17083333333333334 0.09027777777777778
1 0.5223958333333333 0.6194444444444445 0.13854166666666667 0.09236111111111112
1 0.6291666666666667 0.8145833333333333 0.24010416666666667 0.14652777777777778
1 0.365625 0.78125 0.20104166666666667 0.13541666666666666
2 0.3104166666666667 0.5590277777777778 0.20625 0.16111111111111112
1 0.034375 0.41805555555555557 0.06875 0.08055555555555556
2 0.21666666666666667 0.3416666666666667 0.121875 0.06944444444444445