2 0.6234375 0.7666666666666667 0.09166666666666666 0.10833333333333334
3 0.5739583333333333 0.6847222222222222 0.043229166666666666 0.08958333333333333
2 0.42604166666666665 0.9145833333333333 0.058333333333333334 0.17083333333333334
2 0.43802083333333336 0.7506944444444444 0.042708333333333334 0.13125
1 0.4947916666666667 0.5333333333333333 0.030208333333333334 0.059027777777777776
2 0.5333333333333333 0.4930555555555556 0.03229166666666667 0.06388888888888888
3 0.4036458333333333 0.5104166666666666 0.06927083333333334 0.050694444444444445
1 0.4453125 0.46041666666666664 0.027083333333333334 0.049305555555555554
2 0.4239583333333333 0.4131944444444444 0.05364583333333333 0.034027777777777775
1 0.40208333333333335 0.3736111111111111 0.022916666666666665 0.03611111111111111
2 0.5166666666666667 0.35833333333333334 0.0203125 0.03819444444444445
1 0.44479166666666664 0.3263888888888889 0.018229166666666668 0.029166666666666667
1 0.49635416666666665 0.2965277777777778 0.015625 0.020833333333333332
1 0.44583333333333336 0.30416666666666664 0.016666666666666666 0.025
1 0.46875 0.26458333333333334 0.0140625 0.021527777777777778
1 0.45 0.17222222222222222 0.008854166666666666 0.011805555555555555
3 0.41822916666666665 0.2520833333333333 0.013020833333333334 0.024305555555555556
3 0.41875 0.22916666666666666 0.0125 0.022222222222222223
3 0.42604166666666665 0.2111111111111111 0.0109375 0.019444444444444445
3 0.4171875 0.20208333333333334 0.021354166666666667 0.01875
3 0.4109375 0.19375 0.019270833333333334 0.01597222222222222
1 0.39739583333333334 0.18611111111111112 0.021875 0.0125
1 0.3776041666666667 0.19652777777777777 0.019791666666666666 0.011805555555555555
1 0.3703125 0.18958333333333333 0.020833333333333332 0.0125
0 0.47760416666666666 0.17083333333333334 0.013020833333333334 0.01597222222222222
1 0.5125 0.18263888888888888 0.022916666666666665 0.011805555555555555
1 0.5411458333333333 0.18611111111111112 0.013541666666666667 0.0125
3 0.5125 0.24513888888888888 0.011979166666666667 0.021527777777777778
3 0.5026041666666666 0.22083333333333333 0.018229166666666668 0.018055555555555554
1 0.4557291666666667 0.15416666666666667 0.008854166666666666 0.011805555555555555
1 0.475 0.1486111111111111 0.008333333333333333 0.009027777777777777