1 0.65 0.7104166666666667 0.0796875 0.13402777777777777
1 0.5765625 0.53125 0.06145833333333333 0.08680555555555555
1 0.4796875 0.40347222222222223 0.03697916666666667 0.06458333333333334
1 0.46458333333333335 0.26319444444444445 0.04010416666666667 0.050694444444444445
1 0.42135416666666664 0.17083333333333334 0.0328125 0.03958333333333333
1 0.4 0.12777777777777777 0.03125 0.03680555555555556
1 0.38645833333333335 0.08958333333333333 0.025520833333333333 0.03125
1 0.3802083333333333 0.06388888888888888 0.0234375 0.025
3 0.06302083333333333 0.08888888888888889 0.030729166666666665 0.04652777777777778
3 0.06927083333333334 0.04722222222222222 0.027083333333333334 0.04722222222222222
3 0.08072916666666667 0.025 0.021354166666666667 0.0375
1 0.0890625 0.0125 0.022395833333333334 0.02361111111111111
1 0.022916666666666665 0.21388888888888888 0.0375 0.04791666666666667
3 0.0125 0.26458333333333334 0.025 0.07361111111111111
3 0.5026041666666666 0.3229166666666667 0.046875 0.07291666666666667