2 0.95 0.7541666666666667 0.06770833333333333 0.04652777777777778
1 0.8869791666666667 0.7493055555555556 0.05260416666666667 0.030555555555555555
3 0.9598958333333333 0.8701388888888889 0.04635416666666667 0.03819444444444445
1 0.8979166666666667 0.8701388888888889 0.04479166666666667 0.05277777777777778
1 0.8536458333333333 0.8645833333333334 0.040625 0.05486111111111111
1 0.8286458333333333 0.7506944444444444 0.04739583333333333 0.02847222222222222
1 0.79375 0.8666666666666667 0.05364583333333333 0.043055555555555555
3 0.7052083333333333 0.9736111111111111 0.05416666666666667 0.044444444444444446
1 0.7109375 0.8680555555555556 0.05260416666666667 0.05486111111111111
3 0.6661458333333333 0.8604166666666667 0.04375 0.06180555555555556
3 0.7161458333333334 0.8097222222222222 0.0453125 0.03680555555555556
1 0.7286458333333333 0.7576388888888889 0.046875 0.041666666666666664
1 0.6755208333333333 0.75 0.0453125 0.03263888888888889
1 0.5942708333333333 0.75625 0.040625 0.03611111111111111
1 0.5526041666666667 0.7555555555555555 0.04375 0.034722222222222224
1 0.5125 0.7548611111111111 0.04010416666666667 0.03958333333333333
1 0.4895833333333333 0.8784722222222222 0.05260416666666667 0.03263888888888889
1 0.4583333333333333 0.7541666666666667 0.043229166666666666 0.0375
1 0.4427083333333333 0.7840277777777778 0.04791666666666667 0.03194444444444444
1 0.40572916666666664 0.7548611111111111 0.03333333333333333 0.041666666666666664
2 0.2109375 0.48125 0.035416666666666666 0.025
1 0.3651041666666667 0.7548611111111111 0.03125 0.041666666666666664
3 0.3328125 0.7541666666666667 0.027083333333333334 0.03888888888888889
1 0.30052083333333335 0.7590277777777777 0.03125 0.04027777777777778
1 0.2869791666666667 0.8680555555555556 0.0515625 0.05277777777777778
3 0.25729166666666664 0.7548611111111111 0.034375 0.0375
1 0.21770833333333334 0.7555555555555555 0.034895833333333334 0.03888888888888889
1 0.16927083333333334 0.7534722222222222 0.0359375 0.034722222222222224
1 0.13177083333333334 0.7611111111111111 0.03333333333333333 0.04027777777777778
2 0.19947916666666668 0.8708333333333333 0.06458333333333334 0.049305555555555554
1 0.14114583333333333 0.8659722222222223 0.0578125 0.04027777777777778
1 0.025 0.8423611111111111 0.049479166666666664 0.04791666666666667
1 0.023958333333333335 0.7180555555555556 0.034895833333333334 0.03888888888888889
1 0.075 0.7263888888888889 0.0296875 0.025
2 0.09166666666666666 0.7486111111111111 0.05677083333333333 0.05347222222222222