1 0.7927083333333333 0.8951388888888889 0.08020833333333334 0.09513888888888888
1 0.6572916666666667 0.6784722222222223 0.065625 0.08472222222222223
1 0.5416666666666666 0.3215277777777778 0.030729166666666665 0.044444444444444446
1 0.284375 0.69375 0.04010416666666667 0.11041666666666666
1 0.3651041666666667 0.5125 0.040625 0.07361111111111111
1 0.37447916666666664 0.27291666666666664 0.024479166666666666 0.050694444444444445
1 0.465625 0.2826388888888889 0.025520833333333333 0.05486111111111111
1 0.3567708333333333 0.17569444444444443 0.019270833333333334 0.034027777777777775
1 0.321875 0.16458333333333333 0.022395833333333334 0.034027777777777775
1 0.37135416666666665 0.08958333333333333 0.019791666666666666 0.029166666666666667
1 0.37916666666666665 0.05763888888888889 0.0234375 0.034027777777777775
1 0.17447916666666666 0.8048611111111111 0.052083333333333336 0.10138888888888889
1 0.027604166666666666 0.6430555555555556 0.05416666666666667 0.07013888888888889
2 0.05416666666666667 0.5479166666666667 0.08125 0.10277777777777777
2 0.17083333333333334 0.43125 0.041666666666666664 0.07361111111111111
2 0.15052083333333333 0.41805555555555557 0.042708333333333334 0.08263888888888889
2 0.12760416666666666 0.41180555555555554 0.044270833333333336 0.08263888888888889
2 0.10572916666666667 0.41388888888888886 0.04739583333333333 0.08611111111111111
2 0.07760416666666667 0.4125 0.05 0.09375
2 0.05260416666666667 0.4152777777777778 0.0484375 0.10138888888888889
2 0.017708333333333333 0.4076388888888889 0.035416666666666666 0.09305555555555556
2 0.020833333333333332 0.5430555555555555 0.041666666666666664 0.08611111111111111
1 0.2734375 0.30833333333333335 0.028645833333333332 0.03333333333333333
1 0.103125 0.14305555555555555 0.017708333333333333 0.022916666666666665
1 0.09270833333333334 0.11597222222222223 0.01875 0.024305555555555556
1 0.17239583333333333 0.07291666666666667 0.011458333333333333 0.01875
1 0.1640625 0.058333333333333334 0.0109375 0.015277777777777777
1 0.15364583333333334 0.03680555555555556 0.013020833333333334 0.018055555555555554
1 0.14791666666666667 0.022916666666666665 0.011458333333333333 0.015277777777777777
1 0.5208333333333334 0.10972222222222222 0.017708333333333333 0.021527777777777778
1 0.5015625 0.025694444444444443 0.009375 0.01875
1 0.5552083333333333 0.044444444444444446 0.022395833333333334 0.018055555555555554
1 0.5333333333333333 0.03263888888888889 0.016666666666666666 0.016666666666666666
1 0.5380208333333333 0.018055555555555554 0.017708333333333333 0.0125
1 0.5932291666666667 0.021527777777777778 0.015104166666666667 0.018055555555555554
1 0.6109375 0.029166666666666667 0.019270833333333334 0.02013888888888889
1 0.6239583333333333 0.021527777777777778 0.011979166666666667 0.015277777777777777
1 0.6072916666666667 0.016666666666666666 0.013020833333333334 0.0125
1 0.5927083333333333 0.008333333333333333 0.0265625 0.016666666666666666
1 0.5177083333333333 0.07013888888888889 0.020833333333333332 0.016666666666666666
1 0.5208333333333334 0.0625 0.022395833333333334 0.02013888888888889
1 0.5244791666666667 0.04791666666666667 0.022395833333333334 0.01875
1 0.13697916666666668 0.009027777777777777 0.011458333333333333 0.015277777777777777
1 0.3333333333333333 0.009722222222222222 0.017708333333333333 0.01875
1 0.25625 0.09236111111111112 0.015104166666666667 0.02013888888888889
1 0.24270833333333333 0.0625 0.016666666666666666 0.02013888888888889
1 0.24166666666666667 0.04722222222222222 0.01875 0.022916666666666665
1 0.2109375 0.018055555555555554 0.017708333333333333 0.01875
3 0.4432291666666667 0.027777777777777776 0.015104166666666667 0.025694444444444443
3 0.4140625 0.05 0.013541666666666667 0.024305555555555556