1 0.019791666666666666 0.1375 0.0390625 0.07708333333333334
1 0.04583333333333333 0.10069444444444445 0.065625 0.08263888888888889
1 0.049479166666666664 0.21458333333333332 0.065625 0.09027777777777778
1 0.134375 0.04027777777777778 0.0640625 0.0763888888888889
2 0.12447916666666667 0.14583333333333334 0.08697916666666666 0.12222222222222222
1 0.17916666666666667 0.12569444444444444 0.06354166666666666 0.08402777777777778
1 0.21041666666666667 0.08680555555555555 0.06354166666666666 0.07708333333333334
1 0.17604166666666668 0.017361111111111112 0.049479166666666664 0.03333333333333333
1 0.28541666666666665 0.035416666666666666 0.06875 0.07083333333333333
1 0.3265625 0.020833333333333332 0.05364583333333333 0.041666666666666664
1 0.34739583333333335 0.1951388888888889 0.06770833333333333 0.08402777777777778
1 0.30520833333333336 0.24722222222222223 0.065625 0.08680555555555555
1 0.2677083333333333 0.29305555555555557 0.0671875 0.0875
1 0.2171875 0.33958333333333335 0.09166666666666666 0.09027777777777778
1 0.18020833333333333 0.40208333333333335 0.09947916666666666 0.11319444444444444
1 0.12447916666666667 0.4479166666666667 0.0859375 0.10555555555555556
1 0.0703125 0.5 0.06770833333333333 0.09166666666666666
1 0.0328125 0.7215277777777778 0.065625 0.11875
1 0.4322916666666667 0.1375 0.07135416666666666 0.08263888888888889
3 0.515625 0.08541666666666667 0.06145833333333333 0.08541666666666667
1 0.5989583333333334 0.017361111111111112 0.06041666666666667 0.034722222222222224
2 0.7901041666666667 0.28541666666666665 0.10260416666666666 0.1763888888888889
2 0.6723958333333333 0.45208333333333334 0.09270833333333334 0.16597222222222222
3 0.4635416666666667 0.6944444444444444 0.10260416666666666 0.14791666666666667
2 0.19583333333333333 0.9576388888888889 0.07708333333333334 0.08472222222222223