1 0.028645833333333332 0.9611111111111111 0.05416666666666667 0.07708333333333334
3 0.1109375 0.7104166666666667 0.1 0.16944444444444445
1 0.4890625 0.9659722222222222 0.09270833333333334 0.06736111111111111
1 0.23229166666666667 0.36319444444444443 0.05364583333333333 0.08402777777777778
1 0.27708333333333335 0.2659722222222222 0.041666666666666664 0.06875
2 0.371875 0.05486111111111111 0.03229166666666667 0.07708333333333334
1 0.42083333333333334 0.08472222222222223 0.025520833333333333 0.03611111111111111
1 0.46197916666666666 0.013888888888888888 0.017708333333333333 0.027777777777777776
1 0.4953125 0.034722222222222224 0.0390625 0.029861111111111113
1 0.5572916666666666 0.08541666666666667 0.04635416666666667 0.03611111111111111
3 0.5755208333333334 0.18680555555555556 0.0765625 0.052083333333333336
3 0.5770833333333333 0.22430555555555556 0.05260416666666667 0.06388888888888888
1 0.5973958333333333 0.5854166666666667 0.09635416666666667 0.09305555555555556
1 0.634375 0.6548611111111111 0.11875 0.1111111111111111
2 0.6369791666666667 0.05416666666666667 0.057291666666666664 0.04027777777777778