1 0.225 0.9791666666666666 0.059895833333333336 0.041666666666666664
1 0.40989583333333335 0.8208333333333333 0.034895833333333334 0.10694444444444444
1 0.1640625 0.9166666666666666 0.08072916666666667 0.11875
1 0.2552083333333333 0.6569444444444444 0.06302083333333333 0.0798611111111111
1 0.20520833333333333 0.5909722222222222 0.058333333333333334 0.075
1 0.15625 0.5243055555555556 0.05416666666666667 0.07152777777777777
2 0.10625 0.45902777777777776 0.06354166666666666 0.07222222222222222
1 0.03177083333333333 0.36041666666666666 0.050520833333333334 0.059722222222222225
1 0.0125 0.31875 0.025 0.052083333333333336
1 0.10260416666666666 0.34791666666666665 0.05572916666666667 0.06875
1 0.17552083333333332 0.3402777777777778 0.05520833333333333 0.06111111111111111
1 0.19375 0.2465277777777778 0.0484375 0.049305555555555554
1 0.23385416666666667 0.22361111111111112 0.04635416666666667 0.04861111111111111
2 0.26666666666666666 0.1875 0.0484375 0.05138888888888889
2 0.38697916666666665 0.29305555555555557 0.0765625 0.0798611111111111
1 0.08697916666666666 0.022222222222222223 0.03697916666666667 0.035416666666666666
1 0.11770833333333333 0.05138888888888889 0.03697916666666667 0.03611111111111111
2 0.19427083333333334 0.12152777777777778 0.042708333333333334 0.044444444444444446
1 0.23125 0.1527777777777778 0.04375 0.043055555555555555
1 0.40260416666666665 0.4673611111111111 0.0671875 0.06944444444444445
1 0.45989583333333334 0.4305555555555556 0.06145833333333333 0.05555555555555555
1 0.46979166666666666 0.3729166666666667 0.052083333333333336 0.05416666666666667
1 0.546875 0.6875 0.0765625 0.05347222222222222
1 0.7119791666666667 0.8298611111111112 0.06145833333333333 0.10833333333333334
1 0.7708333333333334 0.6493055555555556 0.05625 0.08541666666666667
1 0.5958333333333333 0.4888888888888889 0.06927083333333334 0.04583333333333333
1 0.6411458333333333 0.38125 0.050520833333333334 0.06319444444444444
1 0.6859375 0.3236111111111111 0.04635416666666667 0.058333333333333334
1 0.7395833333333334 0.3375 0.04791666666666667 0.06736111111111111
1 0.8588541666666667 0.5006944444444444 0.050520833333333334 0.07777777777777778
3 0.8427083333333333 0.0875 0.027604166666666666 0.041666666666666664
1 0.7953125 0.1597222222222222 0.04635416666666667 0.059027777777777776
3 0.871875 0.044444444444444446 0.034895833333333334 0.05555555555555555
1 0.9015625 0.014583333333333334 0.03229166666666667 0.029166666666666667