1 0.6802083333333333 0.78125 0.025 0.018055555555555554
1 0.7005208333333334 0.7763888888888889 0.0234375 0.022222222222222223
1 0.5229166666666667 0.6423611111111112 0.011458333333333333 0.0125
1 0.4890625 0.5756944444444444 0.005208333333333333 0.006944444444444444
1 0.4973958333333333 0.5868055555555556 0.009375 0.005555555555555556
1 0.5026041666666666 0.5840277777777778 0.009375 0.005555555555555556
1 0.5140625 0.5715277777777777 0.0078125 0.005555555555555556
1 0.5208333333333334 0.5673611111111111 0.0078125 0.005555555555555556
1 0.5473958333333333 0.5652777777777778 0.0078125 0.004861111111111111
1 0.4588541666666667 0.5888888888888889 0.009375 0.007638888888888889
1 0.46979166666666666 0.5861111111111111 0.009895833333333333 0.006944444444444444
0 0.4703125 0.5819444444444445 0.013541666666666667 0.009722222222222222
1 0.04583333333333333 0.6083333333333333 0.015104166666666667 0.010416666666666666
1 0.00625 0.5986111111111111 0.0109375 0.006944444444444444
1 0.0125 0.5972222222222222 0.009375 0.007638888888888889
1 0.019791666666666666 0.5965277777777778 0.009375 0.009722222222222222
1 0.025520833333333333 0.5944444444444444 0.009375 0.007638888888888889
1 0.030208333333333334 0.5930555555555556 0.009895833333333333 0.007638888888888889
1 0.0359375 0.5930555555555556 0.008333333333333333 0.006944444444444444
1 0.0390625 0.5909722222222222 0.008333333333333333 0.006944444444444444
1 0.04375 0.5895833333333333 0.008333333333333333 0.007638888888888889
1 0.0484375 0.5895833333333333 0.009375 0.007638888888888889
1 0.9354166666666667 0.9826388888888888 0.040625 0.03333333333333333