1 0.4890625 0.5451388888888888 0.04375 0.09791666666666667
1 0.5901041666666667 0.4798611111111111 0.04010416666666667 0.0875
1 0.5541666666666667 0.5770833333333333 0.0515625 0.10694444444444444
3 0.6244791666666667 0.6277777777777778 0.0484375 0.10833333333333334
3 0.5734375 0.35208333333333336 0.040625 0.07777777777777778
3 0.4864583333333333 0.025694444444444443 0.0328125 0.05138888888888889
1 0.5166666666666667 0.14027777777777778 0.040625 0.0763888888888889
1 0.4703125 0.15208333333333332 0.030729166666666665 0.07361111111111111
1 0.4427083333333333 0.7798611111111111 0.04479166666666667 0.1125
1 0.34479166666666666 0.9520833333333333 0.090625 0.075
1 0.3296875 0.8840277777777777 0.090625 0.07430555555555556
1 0.3859375 0.7583333333333333 0.04375 0.12083333333333333
3 0.3078125 0.6527777777777778 0.09739583333333333 0.06736111111111111
1 0.296875 0.5861111111111111 0.08802083333333334 0.08125
1 0.28854166666666664 0.5215277777777778 0.059895833333333336 0.08125
1 0.2765625 0.4131944444444444 0.07916666666666666 0.05555555555555555
1 0.44375 0.28541666666666665 0.030208333333333334 0.059722222222222225
1 0.2552083333333333 0.22847222222222222 0.07135416666666666 0.04583333333333333
1 0.2552083333333333 0.11180555555555556 0.05260416666666667 0.050694444444444445
1 0.3265625 0.3284722222222222 0.04010416666666667 0.09305555555555556
1 0.5442708333333334 0.25763888888888886 0.03854166666666667 0.075