2 0.18541666666666667 0.9805555555555555 0.0390625 0.035416666666666666
2 0.3223958333333333 0.7493055555555556 0.025520833333333333 0.06180555555555556
2 0.39166666666666666 0.6006944444444444 0.0328125 0.025
2 0.384375 0.46597222222222223 0.019791666666666666 0.03888888888888889
2 0.4140625 0.37430555555555556 0.011979166666666667 0.020833333333333332
2 0.34791666666666665 0.33055555555555555 0.0140625 0.022916666666666665
2 0.38958333333333334 0.2791666666666667 0.015104166666666667 0.030555555555555555
2 0.37083333333333335 0.29444444444444445 0.008333333333333333 0.013194444444444444
2 0.0203125 0.6027777777777777 0.025 0.03611111111111111
2 0.057291666666666664 0.2625 0.027604166666666666 0.014583333333333334
2 0.184375 0.19236111111111112 0.009895833333333333 0.009722222222222222
2 0.18125 0.18819444444444444 0.0171875 0.02013888888888889
2 0.17291666666666666 0.18472222222222223 0.015625 0.022916666666666665
2 0.16875 0.18333333333333332 0.019270833333333334 0.02361111111111111
1 0.24375 0.9069444444444444 0.025 0.017361111111111112
1 0.27395833333333336 0.8847222222222222 0.017708333333333333 0.034027777777777775
1 0.21614583333333334 0.8666666666666667 0.016666666666666666 0.030555555555555555
3 0.23020833333333332 0.6034722222222222 0.011979166666666667 0.017361111111111112
1 0.40260416666666665 0.51875 0.015625 0.0125
1 0.4015625 0.5111111111111111 0.016666666666666666 0.011111111111111112
1 0.4041666666666667 0.5041666666666667 0.015104166666666667 0.008333333333333333
1 0.40625 0.4909722222222222 0.013020833333333334 0.010416666666666666
1 0.42239583333333336 0.3993055555555556 0.0140625 0.010416666666666666
1 0.32447916666666665 0.17222222222222222 0.008333333333333333 0.005555555555555556
1 0.42916666666666664 0.20972222222222223 0.005208333333333333 0.006944444444444444
1 0.43697916666666664 0.14930555555555555 0.0036458333333333334 0.005555555555555556
1 0.4427083333333333 0.16597222222222222 0.005208333333333333 0.005555555555555556
1 0.440625 0.17152777777777778 0.004166666666666667 0.005555555555555556
1 0.43697916666666664 0.175 0.004166666666666667 0.005555555555555556
0 0.4244791666666667 0.1673611111111111 0.008333333333333333 0.014583333333333334
0 0.48489583333333336 0.05555555555555555 0.005729166666666666 0.009722222222222222