3 0.4328125 0.35694444444444445 0.019791666666666666 0.04027777777777778
0 0.44479166666666664 0.26319444444444445 0.03229166666666667 0.1
3 0.45416666666666666 0.2076388888888889 0.015625 0.029166666666666667
3 0.46197916666666666 0.16875 0.013541666666666667 0.03333333333333333
1 0.4578125 0.027777777777777776 0.011458333333333333 0.02013888888888889
1 0.465625 0.075 0.009895833333333333 0.022916666666666665
1 0.46510416666666665 0.11875 0.011458333333333333 0.024305555555555556
1 0.7682291666666666 0.8090277777777778 0.022395833333333334 0.07708333333333334
1 0.79375 0.9708333333333333 0.021354166666666667 0.04791666666666667
3 0.8083333333333333 0.7944444444444444 0.022916666666666665 0.07083333333333333
1 0.8994791666666667 0.9666666666666667 0.0609375 0.06458333333333334
1 0.8916666666666667 0.9180555555555555 0.03802083333333333 0.0625
3 0.90625 0.8444444444444444 0.057291666666666664 0.06458333333333334
1 0.9052083333333333 0.8076388888888889 0.052083333333333336 0.05486111111111111
1 0.9067708333333333 0.7756944444444445 0.050520833333333334 0.050694444444444445
3 0.9411458333333333 0.6381944444444444 0.04479166666666667 0.06597222222222222
3 0.9546875 0.56875 0.03802083333333333 0.05347222222222222
1 0.9463541666666667 0.6006944444444444 0.03697916666666667 0.05694444444444444
3 0.959375 0.5319444444444444 0.041666666666666664 0.06111111111111111
3 0.959375 0.4965277777777778 0.04010416666666667 0.050694444444444445
3 0.9677083333333333 0.46944444444444444 0.0390625 0.050694444444444445
1 0.990625 0.3784722222222222 0.01875 0.044444444444444446
1 0.9953125 0.24861111111111112 0.009375 0.03333333333333333
3 0.7640625 0.6645833333333333 0.019791666666666666 0.0625
0 0.8166666666666667 0.6527777777777778 0.022916666666666665 0.11041666666666666
3 0.8208333333333333 0.5840277777777778 0.019270833333333334 0.05347222222222222
0 0.8380208333333333 0.46458333333333335 0.0390625 0.13472222222222222
0 0.8817708333333333 0.3486111111111111 0.04635416666666667 0.13055555555555556
0 0.9244791666666666 0.18888888888888888 0.042708333333333334 0.10416666666666667
3 0.8994791666666667 0.2708333333333333 0.01875 0.03958333333333333
3 0.9364583333333333 0.1388888888888889 0.019791666666666666 0.034027777777777775
1 0.9515625 0.09444444444444444 0.015104166666666667 0.02638888888888889
1 0.9197916666666667 0.01875 0.0140625 0.022916666666666665
1 0.8973958333333333 0.17430555555555555 0.0171875 0.03194444444444444
3 0.8932291666666666 0.014583333333333334 0.015104166666666667 0.029166666666666667
3 0.8140625 0.013194444444444444 0.015625 0.024305555555555556
3 0.7927083333333333 0.14027777777777778 0.0140625 0.034027777777777775
1 0.8046875 0.09930555555555555 0.011979166666666667 0.027777777777777776
1 0.7734375 0.48194444444444445 0.017708333333333333 0.050694444444444445
3 0.6359375 0.5291666666666667 0.01875 0.05555555555555555
3 0.7380208333333333 0.35347222222222224 0.01875 0.041666666666666664
2 0.7630208333333334 0.12152777777777778 0.022395833333333334 0.059722222222222225
1 0.7208333333333333 0.2 0.0140625 0.029166666666666667
0 0.6369791666666667 0.2652777777777778 0.024479166666666666 0.11944444444444445
0 0.6635416666666667 0.14027777777777778 0.013020833333333334 0.02638888888888889
1 0.7234375 0.06111111111111111 0.013541666666666667 0.022916666666666665
1 0.41458333333333336 0.4236111111111111 0.022395833333333334 0.04027777777777778