1 0.5177083333333333 0.5465277777777777 0.025 0.08472222222222223
1 0.5119791666666667 0.4201388888888889 0.024479166666666666 0.08125
1 0.4734375 0.40902777777777777 0.0234375 0.08472222222222223
1 0.5072916666666667 0.3111111111111111 0.019791666666666666 0.08125
1 0.5666666666666667 0.175 0.020833333333333332 0.07083333333333333
1 0.5119791666666667 0.1125 0.017708333333333333 0.07222222222222222
1 0.4734375 0.12430555555555556 0.021354166666666667 0.07361111111111111
1 0.51875 0.7680555555555556 0.027604166666666666 0.11319444444444444
1 0.47760416666666666 0.9298611111111111 0.03125 0.12291666666666666
1 0.8208333333333333 0.6791666666666667 0.0390625 0.08402777777777778
1 0.6869791666666667 0.6215277777777778 0.027604166666666666 0.11180555555555556
1 0.32447916666666665 0.11597222222222223 0.040625 0.059722222222222225
1 0.18020833333333333 0.14722222222222223 0.027604166666666666 0.07361111111111111
1 0.0390625 0.16041666666666668 0.024479166666666666 0.06736111111111111
3 0.08333333333333333 0.14375 0.03125 0.06736111111111111
3 0.14739583333333334 0.12777777777777777 0.025520833333333333 0.059722222222222225
2 0.11822916666666666 0.13333333333333333 0.0234375 0.07847222222222222
1 0.011979166666666667 0.19444444444444445 0.0234375 0.06875
2 0.40989583333333335 0.7756944444444445 0.04375 0.21597222222222223
3 0.2125 0.13472222222222222 0.0265625 0.0763888888888889
1 0.057291666666666664 0.01875 0.025 0.0375
1 0.08333333333333333 0.018055555555555554 0.025 0.03611111111111111
1 0.1109375 0.01597222222222222 0.020833333333333332 0.03194444444444444
1 0.16302083333333334 0.017361111111111112 0.025520833333333333 0.034027777777777775
1 0.19010416666666666 0.0125 0.019791666666666666 0.025
3 0.5083333333333333 0.20555555555555555 0.022916666666666665 0.0763888888888889
3 0.4734375 0.575 0.022916666666666665 0.09166666666666666