1 0.728125 0.7895833333333333 0.06197916666666667 0.15625
1 0.6708333333333333 0.6659722222222222 0.06458333333333334 0.11944444444444445
1 0.8223958333333333 0.875 0.1046875 0.19791666666666666
1 0.8359375 0.7284722222222222 0.13020833333333334 0.12777777777777777
1 0.5765625 0.6236111111111111 0.09635416666666667 0.10069444444444445
1 0.6723958333333333 0.48333333333333334 0.03802083333333333 0.05694444444444444
1 0.7875 0.5048611111111111 0.043229166666666666 0.05486111111111111
1 0.7817708333333333 0.45416666666666666 0.059375 0.04375
1 0.6807291666666667 0.4444444444444444 0.0375 0.04791666666666667
3 0.6802083333333333 0.3972222222222222 0.024479166666666666 0.04097222222222222
3 0.5953125 0.4673611111111111 0.03854166666666667 0.05555555555555555
1 0.5135416666666667 0.5555555555555556 0.0953125 0.04861111111111111
1 0.7614583333333333 0.36319444444444443 0.0203125 0.03194444444444444
1 0.7541666666666667 0.29930555555555555 0.01875 0.024305555555555556
1 0.7291666666666666 0.2881944444444444 0.016666666666666666 0.019444444444444445
1 0.75 0.27361111111111114 0.016666666666666666 0.019444444444444445
1 0.8260416666666667 0.6673611111111111 0.11979166666666667 0.11736111111111111
2 0.20677083333333332 0.5465277777777777 0.075 0.1111111111111111
3 0.0515625 0.48541666666666666 0.04895833333333333 0.04791666666666667
3 0.0203125 0.46111111111111114 0.033854166666666664 0.059027777777777776
2 0.425 0.44930555555555557 0.06458333333333334 0.0875
1 0.6833333333333333 0.35138888888888886 0.022395833333333334 0.03819444444444445
3 0.6895833333333333 0.3298611111111111 0.017708333333333333 0.03125
1 0.6958333333333333 0.30416666666666664 0.015625 0.01875
1 0.7010416666666667 0.28125 0.016145833333333335 0.020833333333333332
3 0.7625 0.33819444444444446 0.025520833333333333 0.03611111111111111
1 0.759375 0.325 0.022395833333333334 0.025
3 0.7708333333333334 0.27152777777777776 0.0171875 0.02013888888888889
3 0.7625 0.26180555555555557 0.034895833333333334 0.017361111111111112
1 0.7442708333333333 0.2604166666666667 0.019270833333333334 0.013888888888888888
1 0.71875 0.2722222222222222 0.019791666666666666 0.018055555555555554
1 0.70625 0.26180555555555557 0.0171875 0.018055555555555554
3 0.7229166666666667 0.25833333333333336 0.0265625 0.021527777777777778
1 0.7177083333333333 0.24583333333333332 0.01875 0.014583333333333334
1 0.7026041666666667 0.24375 0.013020833333333334 0.013888888888888888
3 0.7057291666666666 0.23333333333333334 0.009375 0.0125
1 0.6489583333333333 0.26666666666666666 0.029166666666666667 0.013888888888888888
3 0.65 0.2513888888888889 0.024479166666666666 0.013888888888888888
1 0.6369791666666667 0.25555555555555554 0.021354166666666667 0.013888888888888888
1 0.6270833333333333 0.25972222222222224 0.019270833333333334 0.013888888888888888
3 0.5807291666666666 0.33194444444444443 0.027604166666666666 0.025
2 0.5598958333333334 0.8743055555555556 0.10729166666666666 0.2513888888888889
1 0.9755208333333333 0.2 0.021875 0.010416666666666666
3 0.9609375 0.22569444444444445 0.026041666666666668 0.015277777777777777
3 0.9921875 0.21319444444444444 0.015625 0.018055555555555554
1 0.7223958333333333 0.9638888888888889 0.09895833333333333 0.07222222222222222