1 0.3645833333333333 0.11597222222222223 0.013541666666666667 0.035416666666666666
1 0.38229166666666664 0.325 0.0140625 0.03680555555555556
2 0.36822916666666666 0.16111111111111112 0.013541666666666667 0.03333333333333333
3 0.37083333333333335 0.19375 0.011979166666666667 0.03333333333333333
1 0.3729166666666667 0.23958333333333334 0.013020833333333334 0.03680555555555556
1 0.32083333333333336 0.5777777777777777 0.015104166666666667 0.03611111111111111
3 0.6140625 0.55625 0.015104166666666667 0.03611111111111111
1 0.60625 0.4701388888888889 0.013541666666666667 0.03888888888888889
1 0.5697916666666667 0.2520833333333333 0.013541666666666667 0.04027777777777778
3 0.63125 0.25763888888888886 0.024479166666666666 0.014583333333333334
1 0.65625 0.26180555555555557 0.025 0.01875
1 0.6989583333333333 0.26805555555555555 0.025 0.018055555555555554
1 0.734375 0.2722222222222222 0.024479166666666666 0.018055555555555554
1 0.7651041666666667 0.27708333333333335 0.022395833333333334 0.015277777777777777
1 0.7953125 0.28402777777777777 0.0265625 0.01597222222222222
1 0.6776041666666667 0.2375 0.027083333333333334 0.014583333333333334
3 0.6765625 0.17916666666666667 0.0140625 0.041666666666666664
1 0.71875 0.18541666666666667 0.013020833333333334 0.03611111111111111
1 0.5916666666666667 0.11875 0.011979166666666667 0.03819444444444445
1 0.60625 0.11736111111111111 0.013020833333333334 0.03888888888888889
2 0.4484375 0.9243055555555556 0.017708333333333333 0.052083333333333336
1 0.4317708333333333 0.78125 0.013541666666666667 0.03680555555555556
1 0.42864583333333334 0.7368055555555556 0.0140625 0.03680555555555556
1 0.42291666666666666 0.6798611111111111 0.0140625 0.03680555555555556
2 0.6239583333333333 0.29305555555555557 0.030729166666666665 0.02013888888888889
1 0.8942708333333333 0.3020833333333333 0.025520833333333333 0.02013888888888889
1 0.95625 0.31666666666666665 0.029166666666666667 0.02013888888888889