1 0.5208333333333334 0.27291666666666664 0.0359375 0.08611111111111111
1 0.5416666666666666 0.06805555555555555 0.030208333333333334 0.06736111111111111
1 0.65625 0.3451388888888889 0.05 0.058333333333333334
1 0.63125 0.44027777777777777 0.050520833333333334 0.058333333333333334
1 0.6203125 0.48194444444444445 0.049479166666666664 0.05694444444444444
1 0.6041666666666666 0.5263888888888889 0.05416666666666667 0.07083333333333333
1 0.5973958333333333 0.5770833333333333 0.04635416666666667 0.06111111111111111
1 0.5442708333333334 0.7763888888888889 0.05572916666666667 0.0763888888888889
1 0.5052083333333334 0.9458333333333333 0.06302083333333333 0.08472222222222223
1 0.36770833333333336 0.40069444444444446 0.036458333333333336 0.08263888888888889
1 0.39739583333333334 0.30972222222222223 0.0328125 0.07847222222222222
1 0.4473958333333333 0.15069444444444444 0.03229166666666667 0.07361111111111111
1 0.47239583333333335 0.08125 0.029166666666666667 0.06319444444444444
1 0.26458333333333334 0.6909722222222222 0.040625 0.09513888888888888
1 0.22760416666666666 0.8194444444444444 0.04375 0.09791666666666667
1 0.18229166666666666 0.9430555555555555 0.04583333333333333 0.10416666666666667
1 0.4354166666666667 0.9493055555555555 0.04375 0.09652777777777778
2 0.296875 0.5847222222222223 0.049479166666666664 0.12430555555555556
3 0.3359375 0.4840277777777778 0.0359375 0.07708333333333334
3 0.4244791666666667 0.2263888888888889 0.027083333333333334 0.07222222222222222
1 0.49583333333333335 0.021527777777777778 0.027083333333333334 0.043055555555555555
2 0.69375 0.2048611111111111 0.0609375 0.0625
1 0.8052083333333333 0.46875 0.025 0.09027777777777778
1 0.6880208333333333 0.5652777777777778 0.05572916666666667 0.06458333333333334
1 0.6552083333333333 0.6673611111111111 0.05416666666666667 0.06597222222222222
1 0.6494791666666667 0.7166666666666667 0.057291666666666664 0.075
1 0.6072916666666667 0.9263888888888889 0.05260416666666667 0.06875
1 0.690625 0.5166666666666667 0.05260416666666667 0.058333333333333334
1 0.6984375 0.4756944444444444 0.05364583333333333 0.05555555555555555
1 0.7104166666666667 0.4423611111111111 0.0421875 0.05486111111111111
1 0.71875 0.40069444444444446 0.052083333333333336 0.05486111111111111
1 0.7286458333333333 0.3611111111111111 0.0515625 0.05694444444444444
1 0.7385416666666667 0.3229166666666667 0.04739583333333333 0.05694444444444444
1 0.7447916666666666 0.28958333333333336 0.049479166666666664 0.05555555555555555
1 0.7630208333333334 0.23402777777777778 0.03854166666666667 0.04722222222222222
1 0.7630208333333334 0.19375 0.049479166666666664 0.052083333333333336
1 0.7979166666666667 0.14583333333333334 0.044270833333333336 0.04027777777777778
1 0.7822916666666667 0.06944444444444445 0.0390625 0.03958333333333333
1 0.8010416666666667 0.015277777777777777 0.0421875 0.030555555555555555
2 0.8744791666666667 0.08194444444444444 0.030729166666666665 0.0798611111111111
3 0.7421875 0.8569444444444444 0.034375 0.09027777777777778
3 0.6234375 0.8854166666666666 0.05364583333333333 0.075
1 0.6015625 0.9729166666666667 0.05625 0.052083333333333336
2 0.625 0.8305555555555556 0.07864583333333333 0.09791666666666667