1 0.54375 0.6430555555555556 0.0421875 0.07708333333333334
1 0.6473958333333333 0.7145833333333333 0.057291666666666664 0.08888888888888889
1 0.60625 0.6048611111111111 0.04583333333333333 0.06597222222222222
1 0.5604166666666667 0.47430555555555554 0.03125 0.041666666666666664
1 0.525 0.3909722222222222 0.029166666666666667 0.03611111111111111
1 0.5041666666666667 0.32430555555555557 0.024479166666666666 0.027083333333333334
1 0.49270833333333336 0.29791666666666666 0.019791666666666666 0.025
1 0.46145833333333336 0.22847222222222222 0.01875 0.02013888888888889
1 0.43125 0.17916666666666667 0.01875 0.016666666666666666
1 0.39114583333333336 0.11666666666666667 0.013541666666666667 0.014583333333333334
1 0.3729166666666667 0.09791666666666667 0.010416666666666666 0.013888888888888888
3 0.3651041666666667 0.07361111111111111 0.0125 0.013888888888888888
1 0.3932291666666667 0.034027777777777775 0.01875 0.008333333333333333
1 0.375 0.03263888888888889 0.0171875 0.009722222222222222
1 0.3578125 0.029861111111111113 0.0171875 0.009027777777777777
1 0.31666666666666665 0.02638888888888889 0.016145833333333335 0.009027777777777777
1 0.2890625 0.016666666666666666 0.009375 0.008333333333333333
1 0.27447916666666666 0.1597222222222222 0.018229166666666668 0.022222222222222223
1 0.2708333333333333 0.14166666666666666 0.017708333333333333 0.01875
1 0.221875 0.02847222222222222 0.011979166666666667 0.011805555555555555