1 0.15833333333333333 0.2659722222222222 0.09739583333333333 0.09236111111111112
1 0.20416666666666666 0.07222222222222222 0.09635416666666667 0.09236111111111112
1 0.28177083333333336 0.21875 0.0890625 0.08958333333333333
1 0.24583333333333332 0.3236111111111111 0.10989583333333333 0.11597222222222223
1 0.10416666666666667 0.42430555555555555 0.11510416666666666 0.14027777777777778
1 0.175 0.8604166666666667 0.16875 0.1326388888888889
1 0.7729166666666667 0.11041666666666666 0.059895833333333336 0.0763888888888889
0 0.9276041666666667 0.33125 0.14479166666666668 0.1326388888888889
2 0.6104166666666667 0.030555555555555555 0.0765625 0.06111111111111111
1 0.49947916666666664 0.20694444444444443 0.07135416666666666 0.08402777777777778
1 0.4088541666666667 0.16319444444444445 0.07239583333333334 0.07152777777777777
1 0.4166666666666667 0.09652777777777778 0.0765625 0.059722222222222225
1 0.47708333333333336 0.02361111111111111 0.06875 0.04722222222222222
1 0.38333333333333336 0.05347222222222222 0.07135416666666666 0.06944444444444445
1 0.3807291666666667 0.017361111111111112 0.06770833333333333 0.034722222222222224