3 0.271875 0.36736111111111114 0.03333333333333333 0.02847222222222222
1 0.27239583333333334 0.3527777777777778 0.020833333333333332 0.020833333333333332
1 0.2953125 0.3506944444444444 0.021875 0.02361111111111111
1 0.3171875 0.34791666666666665 0.018229166666666668 0.022222222222222223
1 0.33645833333333336 0.35694444444444445 0.022916666666666665 0.024305555555555556
1 0.3484375 0.375 0.0390625 0.025
1 0.3802083333333333 0.36180555555555555 0.022916666666666665 0.022916666666666665
1 0.41354166666666664 0.3458333333333333 0.024479166666666666 0.024305555555555556
1 0.4036458333333333 0.3298611111111111 0.01875 0.017361111111111112
3 0.16510416666666666 0.7388888888888889 0.14427083333333332 0.1
3 0.1265625 0.8125 0.16666666666666666 0.10833333333333334
1 0.2989583333333333 0.7111111111111111 0.05677083333333333 0.11736111111111111
3 0.36614583333333334 0.27291666666666664 0.011458333333333333 0.016666666666666666
1 0.3848958333333333 0.2604166666666667 0.01875 0.009722222222222222
1 0.3875 0.26319444444444445 0.0171875 0.009027777777777777
1 0.39166666666666666 0.26319444444444445 0.019270833333333334 0.011111111111111112
1 0.39739583333333334 0.26458333333333334 0.022395833333333334 0.011805555555555555
1 0.39947916666666666 0.26458333333333334 0.0234375 0.010416666666666666
2 0.303125 0.38819444444444445 0.04010416666666667 0.03125
3 0.34322916666666664 0.34097222222222223 0.01875 0.027083333333333334
3 0.4453125 0.35555555555555557 0.01875 0.02847222222222222
3 0.45260416666666664 0.34097222222222223 0.01875 0.030555555555555555
3 0.4203125 0.30416666666666664 0.013020833333333334 0.022916666666666665
3 0.4453125 0.275 0.0109375 0.016666666666666666
3 0.46875 0.25625 0.009375 0.013888888888888888
1 0.39114583333333336 0.34652777777777777 0.021354166666666667 0.025
1 0.41354166666666664 0.31319444444444444 0.017708333333333333 0.02361111111111111
1 0.4354166666666667 0.3416666666666667 0.020833333333333332 0.022916666666666665
1 0.49114583333333334 0.36666666666666664 0.0453125 0.025
1 0.45260416666666664 0.3840277777777778 0.04791666666666667 0.024305555555555556
1 0.44375 0.41805555555555557 0.0625 0.03888888888888889
3 0.4515625 0.45416666666666666 0.053125 0.049305555555555554
1 0.459375 0.2916666666666667 0.013541666666666667 0.014583333333333334
1 0.4270833333333333 0.2972222222222222 0.013541666666666667 0.014583333333333334
1 0.43385416666666665 0.2875 0.0140625 0.017361111111111112
1 0.43854166666666666 0.28194444444444444 0.011458333333333333 0.0125
1 0.45260416666666664 0.26319444444444445 0.009895833333333333 0.011805555555555555
3 0.4484375 0.26666666666666666 0.0109375 0.015277777777777777
1 0.4557291666666667 0.25833333333333336 0.009895833333333333 0.011111111111111112
1 0.459375 0.2548611111111111 0.008333333333333333 0.009722222222222222
1 0.46197916666666666 0.25 0.008333333333333333 0.009027777777777777
3 0.4640625 0.24513888888888888 0.008333333333333333 0.010416666666666666
1 0.4671875 0.24305555555555555 0.007291666666666667 0.008333333333333333
1 0.46822916666666664 0.24027777777777778 0.007291666666666667 0.007638888888888889
3 0.46979166666666666 0.23680555555555555 0.007291666666666667 0.010416666666666666
1 0.47239583333333335 0.23402777777777778 0.00625 0.009027777777777777
1 0.4744791666666667 0.2326388888888889 0.00625 0.008333333333333333
3 0.47604166666666664 0.22916666666666666 0.007291666666666667 0.009722222222222222
3 0.4786458333333333 0.225 0.00625 0.009722222222222222
1 0.48125 0.22152777777777777 0.00625 0.007638888888888889
1 0.48333333333333334 0.21736111111111112 0.0067708333333333336 0.008333333333333333
1 0.4859375 0.21666666666666667 0.005729166666666666 0.006944444444444444
3 0.4864583333333333 0.21458333333333332 0.005208333333333333 0.006944444444444444
1 0.4859375 0.23055555555555557 0.00625 0.008333333333333333
1 0.45989583333333334 0.3277777777777778 0.016666666666666666 0.022916666666666665
3 0.3890625 0.475 0.042708333333333334 0.04861111111111111
1 0.5692708333333333 0.5993055555555555 0.06614583333333333 0.1
3 0.7026041666666667 0.6208333333333333 0.07604166666666666 0.12083333333333333
1 0.6828125 0.26944444444444443 0.0234375 0.013194444444444444
1 0.6885416666666667 0.27569444444444446 0.028645833333333332 0.011805555555555555
1 0.6911458333333333 0.23819444444444443 0.019791666666666666 0.009027777777777777
1 0.68125 0.23402777777777778 0.01875 0.008333333333333333
1 0.66875 0.22847222222222222 0.0125 0.008333333333333333
1 0.6645833333333333 0.2263888888888889 0.013020833333333334 0.008333333333333333
1 0.6166666666666667 0.24722222222222223 0.019270833333333334 0.011111111111111112
1 0.6140625 0.24375 0.019270833333333334 0.010416666666666666
1 0.6119791666666666 0.24166666666666667 0.019791666666666666 0.009027777777777777
1 0.6067708333333334 0.24166666666666667 0.016145833333333335 0.009027777777777777
1 0.6046875 0.2388888888888889 0.01875 0.008333333333333333
1 0.6036458333333333 0.23819444444444443 0.014583333333333334 0.009722222222222222
1 0.6026041666666667 0.2375 0.01875 0.009722222222222222
1 0.6010416666666667 0.23472222222222222 0.016145833333333335 0.009027777777777777
1 0.5911458333333334 0.23125 0.016145833333333335 0.008333333333333333
1 0.596875 0.22916666666666666 0.0171875 0.008333333333333333
1 0.5979166666666667 0.22847222222222222 0.016145833333333335 0.009027777777777777
1 0.6177083333333333 0.2298611111111111 0.015625 0.008333333333333333
1 0.6151041666666667 0.22916666666666666 0.014583333333333334 0.007638888888888889
1 0.6088541666666667 0.22430555555555556 0.015625 0.008333333333333333
3 0.6046875 0.2222222222222222 0.017708333333333333 0.009027777777777777
1 0.6338541666666667 0.22083333333333333 0.00625 0.008333333333333333
3 0.7276041666666667 0.24722222222222223 0.0140625 0.014583333333333334
1 0.6442708333333333 0.24722222222222223 0.020833333333333332 0.009722222222222222
1 0.640625 0.24444444444444444 0.017708333333333333 0.009027777777777777
2 0.6442708333333333 0.2569444444444444 0.04010416666666667 0.019444444444444445
2 0.6578125 0.2222222222222222 0.022395833333333334 0.011111111111111112
2 0.6484375 0.21944444444444444 0.01875 0.013194444444444444
2 0.5916666666666667 0.21805555555555556 0.018229166666666668 0.009722222222222222
2 0.6364583333333333 0.21458333333333332 0.01875 0.011805555555555555
2 0.6317708333333333 0.21180555555555555 0.025 0.013888888888888888
2 0.6338541666666667 0.2388888888888889 0.021875 0.014583333333333334
2 0.6276041666666666 0.23194444444444445 0.025 0.016666666666666666
0 0.7072916666666667 0.24027777777777778 0.022916666666666665 0.02361111111111111
2 0.6734375 0.4173611111111111 0.08072916666666667 0.04236111111111111
3 0.721875 0.43333333333333335 0.041666666666666664 0.05694444444444444
3 0.7473958333333334 0.46805555555555556 0.057291666666666664 0.058333333333333334
3 0.7416666666666667 0.5131944444444444 0.07708333333333334 0.05694444444444444
1 0.8213541666666667 0.9006944444444445 0.14166666666666666 0.19791666666666666