1 0.7505208333333333 0.8048611111111111 0.13072916666666667 0.07013888888888889
1 0.6395833333333333 0.7166666666666667 0.07916666666666666 0.06180555555555556
1 0.39791666666666664 0.6798611111111111 0.08697916666666666 0.04791666666666667
0 0.5151041666666667 0.7152777777777778 0.23645833333333333 0.12222222222222222
1 0.5640625 0.7763888888888889 0.125 0.0875
1 0.4265625 0.7506944444444444 0.115625 0.07152777777777777
1 0.2682291666666667 0.7291666666666666 0.11354166666666667 0.06736111111111111
1 0.13177083333333334 0.6951388888888889 0.0890625 0.05347222222222222
3 0.05 0.6833333333333333 0.1 0.07916666666666666
0 0.15260416666666668 0.6020833333333333 0.18125 0.10486111111111111
1 0.0265625 0.5159722222222223 0.040625 0.017361111111111112
3 0.010416666666666666 0.49027777777777776 0.020833333333333332 0.018055555555555554
1 0.14583333333333334 0.5083333333333333 0.03229166666666667 0.017361111111111112
1 0.13697916666666668 0.48541666666666666 0.034375 0.018055555555555554
1 0.16041666666666668 0.4791666666666667 0.022395833333333334 0.01875
1 0.17760416666666667 0.47430555555555554 0.025 0.017361111111111112
1 0.13854166666666667 0.46875 0.021354166666666667 0.01875
1 0.24322916666666666 0.5854166666666667 0.019270833333333334 0.03333333333333333
1 0.2630208333333333 0.5895833333333333 0.022395833333333334 0.03263888888888889
1 0.2890625 0.5909722222222222 0.03125 0.03888888888888889
1 0.32708333333333334 0.5881944444444445 0.04583333333333333 0.03888888888888889
1 0.38229166666666664 0.5944444444444444 0.04479166666666667 0.04097222222222222
1 0.446875 0.6020833333333333 0.04479166666666667 0.04791666666666667
1 0.38697916666666665 0.5388888888888889 0.0390625 0.02013888888888889
1 0.39166666666666666 0.5326388888888889 0.029166666666666667 0.01875
1 0.39010416666666664 0.5263888888888889 0.03802083333333333 0.01597222222222222
1 0.3963541666666667 0.5215277777777778 0.030208333333333334 0.018055555555555554
3 0.40208333333333335 0.5180555555555556 0.03125 0.020833333333333332
1 0.4192708333333333 0.5173611111111112 0.025520833333333333 0.018055555555555554
3 0.42291666666666666 0.5131944444444444 0.024479166666666666 0.018055555555555554
1 0.41354166666666664 0.5027777777777778 0.021354166666666667 0.011111111111111112
1 0.40208333333333335 0.5041666666666667 0.019791666666666666 0.018055555555555554
1 0.3880208333333333 0.5090277777777777 0.021354166666666667 0.01597222222222222
1 0.3671875 0.49930555555555556 0.022916666666666665 0.018055555555555554
3 0.3880208333333333 0.49444444444444446 0.0265625 0.01875
1 0.39895833333333336 0.49166666666666664 0.022395833333333334 0.013194444444444444
3 0.4119791666666667 0.4909722222222222 0.022395833333333334 0.02013888888888889
1 0.41302083333333334 0.5611111111111111 0.029166666666666667 0.03333333333333333
1 0.4348958333333333 0.5631944444444444 0.03125 0.03263888888888889
1 0.4625 0.5645833333333333 0.029166666666666667 0.034027777777777775
1 0.4864583333333333 0.5680555555555555 0.03125 0.03680555555555556
1 0.5098958333333333 0.5708333333333333 0.030208333333333334 0.03888888888888889
1 0.6052083333333333 0.58125 0.04635416666666667 0.03680555555555556
1 0.5546875 0.5777777777777777 0.05625 0.04027777777777778
1 0.6526041666666667 0.6256944444444444 0.034375 0.04375