1 0.24739583333333334 0.6506944444444445 0.07864583333333333 0.059027777777777776
3 0.30416666666666664 0.5611111111111111 0.05625 0.050694444444444445
1 0.33697916666666666 0.5055555555555555 0.05416666666666667 0.05625
1 0.36666666666666664 0.4652777777777778 0.06354166666666666 0.044444444444444446
1 0.37916666666666665 0.4375 0.059375 0.044444444444444446
1 0.39479166666666665 0.41180555555555554 0.049479166666666664 0.03125
1 0.44375 0.3451388888888889 0.04375 0.029861111111111113
1 0.47552083333333334 0.2916666666666667 0.041666666666666664 0.027777777777777776
1 0.48385416666666664 0.2791666666666667 0.030729166666666665 0.022916666666666665
1 0.49375 0.26458333333333334 0.034375 0.025
1 0.5046875 0.25277777777777777 0.025 0.022222222222222223
1 0.5083333333333333 0.24027777777777778 0.0265625 0.02013888888888889
1 0.5151041666666667 0.2326388888888889 0.022395833333333334 0.022222222222222223
1 0.5255208333333333 0.22361111111111112 0.019791666666666666 0.017361111111111112
1 0.5302083333333333 0.2152777777777778 0.022395833333333334 0.01875
1 0.5510416666666667 0.16666666666666666 0.027604166666666666 0.01875