1 0.7640625 0.4173611111111111 0.022916666666666665 0.0763888888888889
1 0.19010416666666666 0.05416666666666667 0.027604166666666666 0.04722222222222222
1 0.2864583333333333 0.18819444444444444 0.028645833333333332 0.05486111111111111
1 0.3125 0.2923611111111111 0.03333333333333333 0.07222222222222222
1 0.3723958333333333 0.4284722222222222 0.04791666666666667 0.05694444444444444
1 0.4375 0.48333333333333334 0.05364583333333333 0.03819444444444445
1 0.37135416666666665 0.34444444444444444 0.03854166666666667 0.052083333333333336
1 0.42864583333333334 0.40069444444444446 0.04739583333333333 0.043055555555555555
1 0.19583333333333333 0.7548611111111111 0.04010416666666667 0.09930555555555555
3 0.6265625 0.6333333333333333 0.059375 0.10416666666666667
3 0.3223958333333333 0.8722222222222222 0.05416666666666667 0.08472222222222223
3 0.24739583333333334 0.11041666666666666 0.030729166666666665 0.058333333333333334
1 0.49583333333333335 0.04236111111111111 0.030729166666666665 0.04722222222222222
3 0.6213541666666667 0.09513888888888888 0.042708333333333334 0.05555555555555555
1 0.7229166666666667 0.013194444444444444 0.034375 0.02638888888888889
0 0.6854166666666667 0.33541666666666664 0.11770833333333333 0.15069444444444444
1 0.6223958333333334 0.9243055555555556 0.05520833333333333 0.11041666666666666
3 0.5817708333333333 0.9513888888888888 0.059375 0.09513888888888888
1 0.5494791666666666 0.9840277777777777 0.030208333333333334 0.029166666666666667