1 0.2630208333333333 0.4736111111111111 0.030208333333333334 0.04791666666666667
1 0.26666666666666666 0.5319444444444444 0.030729166666666665 0.05347222222222222
1 0.29583333333333334 0.5263888888888889 0.03125 0.050694444444444445
1 0.32916666666666666 0.5291666666666667 0.03333333333333333 0.050694444444444445
1 0.32864583333333336 0.5798611111111112 0.030208333333333334 0.05347222222222222
1 0.3 0.5993055555555555 0.028645833333333332 0.05347222222222222
1 0.80625 0.39861111111111114 0.029166666666666667 0.04027777777777778
1 0.6776041666666667 0.49166666666666664 0.034375 0.041666666666666664
1 0.7109375 0.5145833333333333 0.034375 0.044444444444444446
1 0.69375 0.6201388888888889 0.03854166666666667 0.05486111111111111
1 0.5447916666666667 0.6951388888888889 0.03802083333333333 0.06319444444444444
1 0.5994791666666667 0.6277777777777778 0.03854166666666667 0.052083333333333336
1 0.6567708333333333 0.5666666666666667 0.036458333333333336 0.049305555555555554
1 0.740625 0.45208333333333334 0.03125 0.03819444444444445
1 0.8234375 0.33819444444444446 0.0265625 0.03680555555555556
1 0.8708333333333333 0.27361111111111114 0.028645833333333332 0.041666666666666664
1 0.8958333333333334 0.19722222222222222 0.022916666666666665 0.02638888888888889
1 0.9203125 0.2152777777777778 0.0234375 0.03194444444444444
3 0.9713541666666666 0.08263888888888889 0.028645833333333332 0.03333333333333333
1 0.9546875 0.17083333333333334 0.020833333333333332 0.02638888888888889
3 0.7015625 0.2763888888888889 0.03125 0.03819444444444445
3 0.7526041666666666 0.3138888888888889 0.03333333333333333 0.044444444444444446
2 0.6026041666666667 0.5590277777777778 0.06927083333333334 0.11041666666666666