1 0.4166666666666667 0.13125 0.010416666666666666 0.021527777777777778
1 0.49635416666666665 0.009027777777777777 0.007291666666666667 0.011805555555555555
1 0.47552083333333334 0.02638888888888889 0.0067708333333333336 0.013888888888888888
1 0.465625 0.017361111111111112 0.007291666666666667 0.013888888888888888
1 0.475 0.03680555555555556 0.00625 0.011111111111111112
2 0.4744791666666667 0.05625 0.0125 0.03958333333333333
1 0.4609375 0.1125 0.009895833333333333 0.017361111111111112
0 0.46041666666666664 0.13472222222222222 0.013541666666666667 0.03680555555555556
2 0.4791666666666667 0.11875 0.015625 0.05347222222222222
1 0.5 0.1451388888888889 0.011458333333333333 0.019444444444444445
1 0.4713541666666667 0.20347222222222222 0.013020833333333334 0.022916666666666665
2 0.48333333333333334 0.25555555555555554 0.023958333333333335 0.10486111111111111
1 0.5135416666666667 0.3486111111111111 0.016666666666666666 0.03333333333333333
2 0.47291666666666665 0.40347222222222223 0.040625 0.14652777777777778
1 0.5276041666666667 0.46319444444444446 0.021354166666666667 0.05
2 0.4953125 0.6840277777777778 0.03333333333333333 0.11597222222222223
1 0.5635416666666667 0.9479166666666666 0.034895833333333334 0.10277777777777777
1 0.7322916666666667 0.39305555555555555 0.0375 0.03819444444444445
1 0.684375 0.48194444444444445 0.0390625 0.05277777777777778
1 0.678125 0.4534722222222222 0.03333333333333333 0.03888888888888889
1 0.6723958333333333 0.42777777777777776 0.03177083333333333 0.03819444444444445
1 0.78125 0.20902777777777778 0.025520833333333333 0.027083333333333334
1 0.6015625 0.15833333333333333 0.022395833333333334 0.025694444444444443
1 0.5994791666666667 0.15138888888888888 0.0265625 0.024305555555555556
1 0.5984375 0.14791666666666667 0.026041666666666668 0.02847222222222222
1 0.5817708333333333 0.11597222222222223 0.025 0.01875
1 0.5864583333333333 0.12638888888888888 0.021875 0.01597222222222222
1 0.590625 0.13333333333333333 0.0234375 0.019444444444444445
1 0.5765625 0.09722222222222222 0.020833333333333332 0.01597222222222222
1 0.5703125 0.07013888888888889 0.01875 0.017361111111111112
1 0.5635416666666667 0.0625 0.01875 0.013888888888888888
1 0.5630208333333333 0.05555555555555555 0.01875 0.011111111111111112
1 0.5604166666666667 0.050694444444444445 0.0171875 0.011111111111111112
1 0.5354166666666667 0.009722222222222222 0.0078125 0.013888888888888888