3 0.8010416666666667 0.8229166666666666 0.0546875 0.1423611111111111
3 0.6328125 0.8166666666666667 0.03697916666666667 0.14444444444444443
1 0.0953125 0.9298611111111111 0.090625 0.13472222222222222
1 0.19375 0.7131944444444445 0.065625 0.10208333333333333
3 0.3703125 0.3263888888888889 0.04375 0.06805555555555555
1 0.4505208333333333 0.15416666666666667 0.0234375 0.03263888888888889
1 0.46822916666666664 0.11458333333333333 0.021354166666666667 0.02847222222222222
1 0.4359375 0.052083333333333336 0.01875 0.024305555555555556
1 0.4140625 0.04513888888888889 0.021354166666666667 0.025
1 0.415625 0.09861111111111111 0.030208333333333334 0.03125
3 0.7432291666666667 0.2625 0.023958333333333335 0.04513888888888889
1 0.7453125 0.31527777777777777 0.022395833333333334 0.04097222222222222
1 0.5927083333333333 0.5548611111111111 0.034895833333333334 0.09930555555555555
1 0.6255208333333333 0.26875 0.025520833333333333 0.05625
1 0.6677083333333333 0.16458333333333333 0.021354166666666667 0.03958333333333333
1 0.63125 0.15416666666666667 0.019270833333333334 0.041666666666666664
1 0.7338541666666667 0.11041666666666666 0.01875 0.025694444444444443
1 0.6625 0.06319444444444444 0.019270833333333334 0.03333333333333333
1 0.6296875 0.06458333333333334 0.018229166666666668 0.02847222222222222
1 0.7307291666666667 0.03888888888888889 0.01875 0.02638888888888889
1 0.7307291666666667 0.018055555555555554 0.0140625 0.013888888888888888
1 0.6619791666666667 0.016666666666666666 0.01875 0.027777777777777776
1 0.7328125 0.004861111111111111 0.016145833333333335 0.00625
1 0.7380208333333333 0.17083333333333334 0.018229166666666668 0.030555555555555555