1 0.07291666666666667 0.46597222222222223 0.10416666666666667 0.07222222222222222
1 0.35833333333333334 0.5770833333333333 0.11041666666666666 0.09305555555555556
1 0.3104166666666667 0.6458333333333334 0.10416666666666667 0.11319444444444444
1 0.49322916666666666 0.6465277777777778 0.1125 0.09236111111111112
1 0.6057291666666667 0.4909722222222222 0.09895833333333333 0.07569444444444444
1 0.7307291666666667 0.5402777777777777 0.09375 0.0763888888888889
1 0.8984375 0.6152777777777778 0.12395833333333334 0.09375
1 0.8239583333333333 0.7902777777777777 0.14375 0.11597222222222223
1 0.4744791666666667 0.4354166666666667 0.09791666666666667 0.08888888888888889
1 0.359375 0.40069444444444446 0.0984375 0.06041666666666667
1 0.2625 0.36180555555555555 0.084375 0.07013888888888889
1 0.1828125 0.32430555555555557 0.0671875 0.06319444444444444
1 0.027604166666666666 0.2569444444444444 0.05520833333333333 0.058333333333333334
1 0.9515625 0.8590277777777777 0.096875 0.11041666666666666
3 0.65625 0.7215277777777778 0.11197916666666667 0.09444444444444444
3 0.3796875 0.49583333333333335 0.0875 0.07916666666666666
3 0.09895833333333333 0.2833333333333333 0.08385416666666666 0.09236111111111112