1 0.85 0.9472222222222222 0.06979166666666667 0.10555555555555556
3 0.725 0.8527777777777777 0.05260416666666667 0.09652777777777778
1 0.59375 0.9479166666666666 0.06197916666666667 0.10347222222222222
1 0.54375 0.6868055555555556 0.059375 0.10694444444444444
1 0.5859375 0.5923611111111111 0.05625 0.08402777777777778
1 0.7776041666666667 0.6916666666666667 0.04791666666666667 0.10277777777777777
1 0.7369791666666666 0.5472222222222223 0.052083333333333336 0.09791666666666667
1 0.7067708333333333 0.4465277777777778 0.049479166666666664 0.0875
1 0.6255208333333333 0.41875 0.040625 0.1
3 0.6880208333333333 0.34305555555555556 0.041666666666666664 0.09166666666666666
1 0.5515625 0.31666666666666665 0.06770833333333333 0.08125
2 0.4421875 0.3784722222222222 0.07552083333333333 0.09027777777777778
2 0.3015625 0.28541666666666665 0.075 0.04375
1 0.41458333333333336 0.6493055555555556 0.0609375 0.09236111111111112
2 0.04114583333333333 0.32013888888888886 0.08229166666666667 0.11597222222222223