1 0.9723958333333333 0.8888888888888888 0.05520833333333333 0.06666666666666667
2 0.21875 0.125 0.014583333333333334 0.009722222222222222
1 0.24010416666666667 0.12708333333333333 0.008333333333333333 0.007638888888888889
1 0.25104166666666666 0.12569444444444444 0.00625 0.007638888888888889
1 0.32083333333333336 0.12083333333333333 0.009375 0.007638888888888889
1 0.32760416666666664 0.12013888888888889 0.007291666666666667 0.006944444444444444
1 0.3338541666666667 0.11875 0.009375 0.007638888888888889
1 0.34375 0.11805555555555555 0.011458333333333333 0.007638888888888889
0 0.321875 0.15694444444444444 0.0234375 0.01875
1 0.3234375 0.13958333333333334 0.008333333333333333 0.008333333333333333
1 0.31614583333333335 0.1388888888888889 0.00625 0.009027777777777777
1 0.3067708333333333 0.13958333333333334 0.008854166666666666 0.008333333333333333
2 0.37395833333333334 0.4270833333333333 0.05416666666666667 0.04722222222222222
1 0.5161458333333333 0.5638888888888889 0.04635416666666667 0.03611111111111111
1 0.08854166666666667 0.35694444444444445 0.028645833333333332 0.025
1 0.21666666666666667 0.16319444444444445 0.013020833333333334 0.009027777777777777
1 0.22604166666666667 0.16180555555555556 0.011979166666666667 0.010416666666666666
1 0.0390625 0.39305555555555555 0.036458333333333336 0.02013888888888889
1 0.16822916666666668 0.4263888888888889 0.03177083333333333 0.029166666666666667
1 0.1953125 0.4479166666666667 0.035416666666666666 0.027083333333333334
1 0.225 0.47152777777777777 0.0359375 0.030555555555555555
1 0.26458333333333334 0.49930555555555556 0.0390625 0.03333333333333333
1 0.29583333333333334 0.5284722222222222 0.034375 0.03611111111111111
1 0.3302083333333333 0.5604166666666667 0.034895833333333334 0.03194444444444444
1 0.1375 0.4513888888888889 0.04375 0.03194444444444444
1 0.1546875 0.4652777777777778 0.03802083333333333 0.029861111111111113
1 0.17291666666666666 0.4736111111111111 0.034375 0.034027777777777775
1 0.1921875 0.48680555555555555 0.034895833333333334 0.034027777777777775
1 0.21145833333333333 0.50625 0.03697916666666667 0.034027777777777775
1 0.2265625 0.5229166666666667 0.034895833333333334 0.041666666666666664
1 0.2552083333333333 0.5458333333333333 0.03958333333333333 0.04375
1 0.2677083333333333 0.5743055555555555 0.044270833333333336 0.04583333333333333
1 0.28802083333333334 0.5923611111111111 0.04375 0.049305555555555554
1 0.221875 0.8263888888888888 0.06041666666666667 0.08611111111111111
1 0.3489583333333333 0.7388888888888889 0.050520833333333334 0.06458333333333334
1 0.3776041666666667 0.5993055555555555 0.04010416666666667 0.043055555555555555
1 0.3958333333333333 0.8097222222222222 0.0671875 0.08888888888888889
1 0.6463541666666667 0.55 0.042708333333333334 0.043055555555555555
1 0.6859375 0.5215277777777778 0.0390625 0.03888888888888889
1 0.7234375 0.4888888888888889 0.0421875 0.03680555555555556