1 0.3109375 0.09444444444444444 0.025520833333333333 0.04027777777777778
3 0.3098958333333333 0.14444444444444443 0.024479166666666666 0.04652777777777778
1 0.38177083333333334 0.20625 0.025 0.05416666666666667
2 0.6760416666666667 0.9513888888888888 0.075 0.06111111111111111
3 0.5760416666666667 0.6944444444444444 0.036458333333333336 0.07013888888888889
2 0.6119791666666666 0.6770833333333334 0.03229166666666667 0.08194444444444444
2 0.6453125 0.6854166666666667 0.04479166666666667 0.09513888888888888
1 0.6822916666666666 0.64375 0.036458333333333336 0.0798611111111111
1 0.7182291666666667 0.6347222222222222 0.0421875 0.075
2 0.7494791666666667 0.6298611111111111 0.0390625 0.07916666666666666
1 0.6322916666666667 0.4388888888888889 0.0359375 0.06458333333333334
1 0.6630208333333333 0.4340277777777778 0.0359375 0.06180555555555556
3 0.690625 0.42777777777777776 0.0359375 0.05694444444444444
2 0.7979166666666667 0.39305555555555555 0.057291666666666664 0.08263888888888889
1 0.8817708333333333 0.39652777777777776 0.04375 0.06388888888888888
1 0.8635416666666667 0.2986111111111111 0.04010416666666667 0.050694444444444445
1 0.9567708333333333 0.26944444444444443 0.05364583333333333 0.041666666666666664
1 0.9760416666666667 0.29930555555555555 0.04791666666666667 0.04027777777777778