0 0.1609375 0.8159722222222222 0.21770833333333334 0.36666666666666664
1 0.20052083333333334 0.2361111111111111 0.0484375 0.059027777777777776
1 0.234375 0.041666666666666664 0.03854166666666667 0.041666666666666664
1 0.25729166666666664 0.0763888888888889 0.06354166666666666 0.04027777777777778
1 0.2859375 0.11875 0.06666666666666667 0.052083333333333336
1 0.35520833333333335 0.1451388888888889 0.07239583333333334 0.052083333333333336
1 0.49166666666666664 0.14791666666666667 0.0359375 0.05694444444444444
1 0.4390625 0.16597222222222222 0.0328125 0.050694444444444445
1 0.3489583333333333 0.19583333333333333 0.05364583333333333 0.06180555555555556
1 0.2916666666666667 0.20347222222222222 0.05364583333333333 0.058333333333333334
3 0.3958333333333333 0.18680555555555556 0.05416666666666667 0.075
3 0.6380208333333334 0.09444444444444444 0.04010416666666667 0.058333333333333334
3 0.33489583333333334 0.25763888888888886 0.05520833333333333 0.06597222222222222
1 0.5552083333333333 0.14027777777777778 0.04010416666666667 0.05555555555555555
1 0.5947916666666667 0.12013888888888889 0.041666666666666664 0.05347222222222222
1 0.5619791666666667 0.23680555555555555 0.07864583333333333 0.06111111111111111
1 0.5572916666666666 0.34652777777777777 0.0859375 0.09444444444444444
1 0.6161458333333333 0.41388888888888886 0.08229166666666667 0.10208333333333333
1 0.6828125 0.44027777777777777 0.10416666666666667 0.09791666666666667
1 0.7041666666666667 0.5215277777777778 0.1015625 0.13055555555555556
1 0.8052083333333333 0.5645833333333333 0.12291666666666666 0.1486111111111111
3 0.8203125 0.6868055555555556 0.11666666666666667 0.15069444444444444
3 0.6416666666666667 0.83125 0.1421875 0.1951388888888889
1 0.4557291666666667 0.8701388888888889 0.1171875 0.18958333333333333
2 0.43125 0.41458333333333336 0.10572916666666667 0.13680555555555557
2 0.5421875 0.08680555555555555 0.09270833333333334 0.06597222222222222
1 0.6109375 0.05347222222222222 0.07135416666666666 0.04027777777777778
1 0.6546875 0.08055555555555556 0.03229166666666667 0.04861111111111111