1 0.49166666666666664 0.7034722222222223 0.1328125 0.2125
1 0.5942708333333333 0.4777777777777778 0.10833333333333334 0.17708333333333334
1 0.6666666666666666 0.34305555555555556 0.075 0.12222222222222222
1 0.7291666666666666 0.2375 0.06770833333333333 0.08263888888888889
1 0.43385416666666665 0.40347222222222223 0.10208333333333333 0.11875
1 0.503125 0.30972222222222223 0.090625 0.10208333333333333
1 0.7994791666666666 0.7354166666666667 0.115625 0.20972222222222223
1 0.8385416666666666 0.5722222222222222 0.08125 0.15347222222222223
1 0.8666666666666667 0.4409722222222222 0.07083333333333333 0.12986111111111112
1 0.9375 0.8930555555555556 0.125 0.2111111111111111
1 0.9 0.9347222222222222 0.13958333333333334 0.13055555555555556
1 0.9463541666666667 0.7451388888888889 0.10729166666666666 0.20277777777777778
1 0.8895833333333333 0.34305555555555556 0.059375 0.12291666666666666
1 0.9072916666666667 0.2388888888888889 0.0671875 0.12083333333333333
1 0.9125 0.04583333333333333 0.03802083333333333 0.049305555555555554
1 0.3333333333333333 0.3597222222222222 0.07135416666666666 0.125
1 0.3875 0.2916666666666667 0.06510416666666667 0.11319444444444444
1 0.44635416666666666 0.2548611111111111 0.06145833333333333 0.10208333333333333
1 0.47552083333333334 0.21597222222222223 0.0671875 0.0763888888888889
1 0.51875 0.18680555555555556 0.07083333333333333 0.09166666666666666
1 0.5484375 0.15138888888888888 0.06197916666666667 0.07013888888888889
1 0.5833333333333334 0.12916666666666668 0.0671875 0.06944444444444445
1 0.5130208333333334 0.06111111111111111 0.06302083333333333 0.07222222222222222
1 0.6203125 0.18055555555555555 0.059375 0.07152777777777777
1 0.65625 0.13333333333333333 0.05520833333333333 0.05694444444444444
1 0.6859375 0.09652777777777778 0.040625 0.05416666666666667
1 0.7104166666666667 0.06319444444444444 0.0390625 0.05138888888888889
3 0.7359375 0.035416666666666666 0.027604166666666666 0.04861111111111111
1 0.7552083333333334 0.016666666666666666 0.03229166666666667 0.03333333333333333
1 0.6796875 0.03333333333333333 0.04375 0.04027777777777778
1 0.6916666666666667 0.018055555555555554 0.041666666666666664 0.03611111111111111