1 0.09947916666666666 0.4826388888888889 0.019791666666666666 0.03958333333333333
1 0.030208333333333334 0.28402777777777777 0.0171875 0.027777777777777776
1 0.2557291666666667 0.4625 0.021354166666666667 0.03194444444444444
1 0.046875 0.07569444444444444 0.009375 0.013888888888888888
1 0.10208333333333333 0.07083333333333333 0.009895833333333333 0.0125
1 0.10520833333333333 0.08958333333333333 0.008333333333333333 0.013888888888888888
1 0.11510416666666666 0.0875 0.011979166666666667 0.0125
3 0.09375 0.08819444444444445 0.009895833333333333 0.01875
2 0.10677083333333333 0.1076388888888889 0.0265625 0.022916666666666665
1 0.090625 0.07291666666666667 0.008333333333333333 0.011111111111111112
1 0.1203125 0.07430555555555556 0.016666666666666666 0.013888888888888888
1 0.19270833333333334 0.059027777777777776 0.015104166666666667 0.011111111111111112
3 0.20885416666666667 0.052083333333333336 0.011979166666666667 0.010416666666666666
1 0.21666666666666667 0.05625 0.015625 0.011111111111111112
1 0.17916666666666667 0.07291666666666667 0.013020833333333334 0.011111111111111112
1 0.16822916666666668 0.06319444444444444 0.0109375 0.0125
1 0.14166666666666666 0.06875 0.015625 0.015277777777777777
3 0.25833333333333336 0.175 0.019270833333333334 0.018055555555555554
3 0.2526041666666667 0.16875 0.015625 0.018055555555555554
1 0.24583333333333332 0.16458333333333333 0.015625 0.01875
1 0.24010416666666667 0.15763888888888888 0.0171875 0.018055555555555554
1 0.23177083333333334 0.14583333333333334 0.016666666666666666 0.018055555555555554
1 0.22447916666666667 0.14027777777777778 0.015625 0.016666666666666666
1 0.21927083333333333 0.13402777777777777 0.015625 0.013888888888888888
1 0.21666666666666667 0.1284722222222222 0.015625 0.018055555555555554
1 0.27395833333333336 0.19583333333333333 0.019270833333333334 0.016666666666666666
1 0.3151041666666667 0.20625 0.016666666666666666 0.016666666666666666
1 0.321875 0.21458333333333332 0.016666666666666666 0.015277777777777777
2 0.3375 0.22013888888888888 0.029166666666666667 0.02638888888888889
1 0.3463541666666667 0.24305555555555555 0.021354166666666667 0.016666666666666666
1 0.3541666666666667 0.25069444444444444 0.021354166666666667 0.016666666666666666
1 0.36666666666666664 0.2673611111111111 0.01875 0.016666666666666666
1 0.30625 0.23333333333333334 0.021354166666666667 0.018055555555555554
1 0.31197916666666664 0.2388888888888889 0.021354166666666667 0.016666666666666666
1 0.32135416666666666 0.25069444444444444 0.022916666666666665 0.01875
1 0.3302083333333333 0.2638888888888889 0.020833333333333332 0.018055555555555554
1 0.33958333333333335 0.27569444444444446 0.019270833333333334 0.02013888888888889
1 0.34739583333333335 0.2833333333333333 0.020833333333333332 0.02013888888888889
1 0.35520833333333335 0.2902777777777778 0.022395833333333334 0.02013888888888889
1 0.35989583333333336 0.29444444444444445 0.022395833333333334 0.02013888888888889
1 0.3734375 0.3104166666666667 0.0234375 0.01875
1 0.38333333333333336 0.3263888888888889 0.022395833333333334 0.02013888888888889
1 0.39114583333333336 0.33402777777777776 0.020833333333333332 0.02013888888888889
1 0.4005208333333333 0.3416666666666667 0.019270833333333334 0.01875
1 0.40625 0.3506944444444444 0.021354166666666667 0.024305555555555556
1 0.41510416666666666 0.35833333333333334 0.021354166666666667 0.024305555555555556
1 0.421875 0.3701388888888889 0.0234375 0.02638888888888889
1 0.42916666666666664 0.3798611111111111 0.024479166666666666 0.029166666666666667
1 0.4359375 0.3861111111111111 0.022395833333333334 0.024305555555555556
1 0.4546875 0.3993055555555556 0.0265625 0.03194444444444444
1 0.4708333333333333 0.4222222222222222 0.024479166666666666 0.024305555555555556
1 0.4609375 0.4131944444444444 0.027083333333333334 0.024305555555555556
1 0.4791666666666667 0.4305555555555556 0.024479166666666666 0.024305555555555556
1 0.4869791666666667 0.4423611111111111 0.020833333333333332 0.024305555555555556
1 0.5052083333333334 0.4638888888888889 0.024479166666666666 0.029166666666666667
1 0.5161458333333333 0.47638888888888886 0.0234375 0.029166666666666667
1 0.5255208333333333 0.4875 0.0234375 0.027777777777777776
1 0.5473958333333333 0.5145833333333333 0.024479166666666666 0.02638888888888889
1 0.4869791666666667 0.39652777777777776 0.027083333333333334 0.024305555555555556
1 0.5114583333333333 0.4222222222222222 0.024479166666666666 0.024305555555555556
1 0.5244791666666667 0.4375 0.0265625 0.02638888888888889
1 0.5348958333333333 0.4479166666666667 0.0234375 0.027777777777777776
3 0.56875 0.4756944444444444 0.022916666666666665 0.027777777777777776
1 0.5880208333333333 0.4986111111111111 0.027083333333333334 0.030555555555555555
1 0.5989583333333334 0.5131944444444444 0.0265625 0.02638888888888889
1 0.6166666666666667 0.5305555555555556 0.03229166666666667 0.030555555555555555
1 0.6458333333333334 0.5625 0.027083333333333334 0.03194444444444444
1 0.6640625 0.5819444444444445 0.0265625 0.03194444444444444
1 0.6916666666666667 0.6152777777777778 0.029166666666666667 0.03333333333333333
1 0.7166666666666667 0.6548611111111111 0.03125 0.035416666666666666
1 0.7296875 0.6694444444444444 0.027604166666666666 0.03194444444444444
1 0.7541666666666667 0.6833333333333333 0.03125 0.03680555555555556
1 0.771875 0.7145833333333333 0.029166666666666667 0.03819444444444445
1 0.790625 0.7375 0.030208333333333334 0.03819444444444445
1 0.8416666666666667 0.7902777777777777 0.028645833333333332 0.044444444444444446
1 0.8880208333333334 0.7229166666666667 0.040625 0.04722222222222222
1 0.8979166666666667 0.7 0.041666666666666664 0.052083333333333336
1 0.9067708333333333 0.6770833333333334 0.0390625 0.04722222222222222
1 0.9208333333333333 0.66875 0.03854166666666667 0.04791666666666667
1 0.9442708333333333 0.6555555555555556 0.04010416666666667 0.049305555555555554
1 0.9630208333333333 0.64375 0.03854166666666667 0.05486111111111111
1 0.9572916666666667 0.7020833333333333 0.025 0.041666666666666664
1 0.9854166666666667 0.7993055555555556 0.029166666666666667 0.05416666666666667
1 0.5708333333333333 0.41805555555555557 0.022916666666666665 0.024305555555555556
1 0.55 0.39861111111111114 0.021354166666666667 0.025694444444444443
3 0.440625 0.29305555555555557 0.015625 0.022916666666666665
3 0.4427083333333333 0.3423611111111111 0.025 0.027777777777777776
3 0.41770833333333335 0.31527777777777777 0.021354166666666667 0.024305555555555556
1 0.4010416666666667 0.29791666666666666 0.020833333333333332 0.02013888888888889
2 0.27447916666666666 0.8993055555555556 0.04375 0.11319444444444444
2 0.5411458333333333 0.8583333333333333 0.0609375 0.09027777777777778