3 0.3265625 0.024305555555555556 0.028125 0.04861111111111111
3 0.290625 0.1840277777777778 0.036458333333333336 0.07708333333333334
1 0.4005208333333333 0.36041666666666666 0.08229166666666667 0.075
3 0.41302083333333334 0.2951388888888889 0.06979166666666667 0.07361111111111111
1 0.3885416666666667 0.46875 0.08697916666666666 0.07152777777777777
2 0.5067708333333333 0.4548611111111111 0.09270833333333334 0.07777777777777778
1 0.4015625 0.7069444444444445 0.043229166666666666 0.15763888888888888
3 0.5572916666666666 0.7597222222222222 0.04114583333333333 0.14652777777777778
1 0.7057291666666666 0.7416666666666667 0.05416666666666667 0.1625
1 0.7703125 0.7381944444444445 0.07135416666666666 0.16319444444444445
1 0.8604166666666667 0.7395833333333334 0.06145833333333333 0.1638888888888889
3 0.9244791666666666 0.7416666666666667 0.07552083333333333 0.15486111111111112
1 0.9734375 0.7756944444444445 0.0515625 0.1638888888888889
3 0.8203125 0.4041666666666667 0.1046875 0.0798611111111111