1 0.6510416666666666 0.9180555555555555 0.07083333333333333 0.14305555555555555
1 0.46510416666666665 0.5243055555555556 0.03229166666666667 0.07361111111111111
1 0.4546875 0.43333333333333335 0.027604166666666666 0.04791666666666667
1 0.4546875 0.36736111111111114 0.025 0.04027777777777778
1 0.44947916666666665 0.30972222222222223 0.017708333333333333 0.03125
1 0.5026041666666666 0.2791666666666667 0.01875 0.02638888888888889
1 0.47552083333333334 0.19652777777777777 0.0140625 0.020833333333333332
1 0.4895833333333333 0.18541666666666667 0.011979166666666667 0.01875
1 0.46822916666666664 0.11458333333333333 0.009375 0.01597222222222222
1 0.5630208333333333 0.5326388888888889 0.034375 0.05694444444444444
1 0.5130208333333334 0.5701388888888889 0.03697916666666667 0.06944444444444445
3 0.4666666666666667 0.6618055555555555 0.034375 0.10486111111111111
1 0.3072916666666667 0.19305555555555556 0.030208333333333334 0.014583333333333334
1 0.3140625 0.43125 0.027604166666666666 0.06111111111111111
1 0.33229166666666665 0.3611111111111111 0.025 0.03888888888888889
1 0.3489583333333333 0.28680555555555554 0.03229166666666667 0.049305555555555554
1 0.45208333333333334 0.2798611111111111 0.0171875 0.02638888888888889
1 0.4505208333333333 0.25763888888888886 0.0140625 0.018055555555555554
1 0.44895833333333335 0.24166666666666667 0.013541666666666667 0.014583333333333334
1 0.45 0.22777777777777777 0.015625 0.02013888888888889
1 0.44895833333333335 0.21180555555555555 0.013541666666666667 0.01597222222222222
1 0.4479166666666667 0.19791666666666666 0.0140625 0.015277777777777777
1 0.4473958333333333 0.1875 0.013020833333333334 0.015277777777777777
1 0.4453125 0.17569444444444443 0.013541666666666667 0.018055555555555554
1 0.5848958333333333 0.2798611111111111 0.01875 0.018055555555555554
1 0.5640625 0.23680555555555555 0.016666666666666666 0.018055555555555554
1 0.5552083333333333 0.21458333333333332 0.013020833333333334 0.0125
1 0.5510416666666667 0.21041666666666667 0.015104166666666667 0.013194444444444444
1 0.5401041666666667 0.18055555555555555 0.0140625 0.010416666666666666
1 0.5416666666666666 0.18819444444444444 0.0109375 0.0125
1 0.5234375 0.15833333333333333 0.022916666666666665 0.013194444444444444
1 0.5197916666666667 0.13680555555555557 0.009895833333333333 0.010416666666666666
1 0.5130208333333334 0.12152777777777778 0.013541666666666667 0.010416666666666666
1 0.5151041666666667 0.12986111111111112 0.013020833333333334 0.009722222222222222
1 0.4666666666666667 0.08958333333333333 0.0078125 0.011111111111111112
1 0.4557291666666667 0.09444444444444444 0.008333333333333333 0.006944444444444444
1 0.4666666666666667 0.0763888888888889 0.0078125 0.007638888888888889
1 0.4395833333333333 0.05138888888888889 0.0078125 0.007638888888888889
1 0.43854166666666666 0.029861111111111113 0.005729166666666666 0.004861111111111111
1 0.4359375 0.06527777777777778 0.0078125 0.006944444444444444
1 0.4359375 0.10833333333333334 0.009895833333333333 0.0125
1 0.4453125 0.12638888888888888 0.0109375 0.011111111111111112
1 0.44583333333333336 0.13958333333333334 0.011458333333333333 0.008333333333333333
1 0.3880208333333333 0.1423611111111111 0.0140625 0.01597222222222222
1 0.39739583333333334 0.11319444444444444 0.009895833333333333 0.011111111111111112
1 0.39947916666666666 0.09305555555555556 0.009375 0.0125
1 0.440625 0.009027777777777777 0.005729166666666666 0.004861111111111111
1 0.5270833333333333 0.06875 0.007291666666666667 0.007638888888888889
1 0.5265625 0.0763888888888889 0.007291666666666667 0.006944444444444444
1 0.5130208333333334 0.06458333333333334 0.007291666666666667 0.006944444444444444
1 0.515625 0.07013888888888889 0.007291666666666667 0.006944444444444444
1 0.5083333333333333 0.052083333333333336 0.004166666666666667 0.005555555555555556
1 0.5119791666666667 0.044444444444444446 0.00625 0.006944444444444444
1 0.5385416666666667 0.10347222222222222 0.008333333333333333 0.006944444444444444
1 0.5255208333333333 0.08333333333333333 0.007291666666666667 0.006944444444444444
1 0.5416666666666666 0.11388888888888889 0.007291666666666667 0.006944444444444444
1 0.54375 0.11944444444444445 0.008333333333333333 0.006944444444444444
1 0.48802083333333335 0.06944444444444445 0.00625 0.009722222222222222
1 0.4786458333333333 0.052083333333333336 0.005729166666666666 0.005555555555555556
1 0.48385416666666664 0.06111111111111111 0.0078125 0.007638888888888889
1 0.49270833333333336 0.07777777777777778 0.00625 0.004861111111111111
1 0.49583333333333335 0.08263888888888889 0.007291666666666667 0.005555555555555556
1 0.5864583333333333 0.1527777777777778 0.011458333333333333 0.0125