1 0.2828125 0.6430555555555556 0.027083333333333334 0.05555555555555555
1 0.30572916666666666 0.6305555555555555 0.030208333333333334 0.05555555555555555
1 0.3328125 0.6152777777777778 0.030208333333333334 0.05347222222222222
1 0.3541666666666667 0.5979166666666667 0.03125 0.05555555555555555
1 0.378125 0.58125 0.029166666666666667 0.05347222222222222
1 0.4427083333333333 0.5423611111111111 0.027604166666666666 0.04722222222222222
3 0.2234375 0.4583333333333333 0.021354166666666667 0.04583333333333333
3 0.24270833333333333 0.4395833333333333 0.022916666666666665 0.044444444444444446
1 0.2630208333333333 0.4270833333333333 0.019791666666666666 0.044444444444444446
1 0.3026041666666667 0.40555555555555556 0.0234375 0.044444444444444446
3 0.32083333333333336 0.39861111111111114 0.0234375 0.04583333333333333
1 0.3578125 0.37916666666666665 0.019791666666666666 0.03819444444444445
1 0.40520833333333334 0.4638888888888889 0.025520833333333333 0.044444444444444446
1 0.4234375 0.45208333333333334 0.025520833333333333 0.044444444444444446
3 0.4276041666666667 0.3458333333333333 0.022395833333333334 0.03958333333333333
1 0.4583333333333333 0.33125 0.025 0.035416666666666666
1 0.4734375 0.32013888888888886 0.020833333333333332 0.030555555555555555
1 0.5020833333333333 0.5027777777777778 0.03125 0.04583333333333333
1 0.5411458333333333 0.48194444444444445 0.0265625 0.03819444444444445
1 0.5578125 0.46805555555555556 0.027083333333333334 0.03819444444444445
1 0.5765625 0.4576388888888889 0.030729166666666665 0.041666666666666664
1 0.64375 0.41388888888888886 0.030729166666666665 0.03819444444444445
1 0.6598958333333333 0.40069444444444446 0.029166666666666667 0.04027777777777778
1 0.64375 0.45 0.019270833333333334 0.034027777777777775
1 0.6296875 0.45902777777777776 0.019270833333333334 0.034027777777777775
1 0.6140625 0.46944444444444444 0.022395833333333334 0.035416666666666666
1 0.5807291666666666 0.49444444444444446 0.019791666666666666 0.03680555555555556
1 0.5630208333333333 0.5041666666666667 0.021354166666666667 0.03958333333333333
1 0.54375 0.51875 0.016666666666666666 0.035416666666666666
1 0.5276041666666667 0.5298611111111111 0.022916666666666665 0.03680555555555556
1 0.48854166666666665 0.5548611111111111 0.019791666666666666 0.03958333333333333
1 0.4708333333333333 0.5680555555555555 0.020833333333333332 0.04722222222222222
1 0.4505208333333333 0.5791666666666667 0.022916666666666665 0.03958333333333333
1 0.42604166666666665 0.5965277777777778 0.019270833333333334 0.043055555555555555
1 0.40729166666666666 0.6083333333333333 0.021354166666666667 0.041666666666666664
1 0.38697916666666665 0.6215277777777778 0.022395833333333334 0.044444444444444446
1 0.36302083333333335 0.6423611111111112 0.021354166666666667 0.04027777777777778
1 0.28802083333333334 0.6951388888888889 0.020833333333333332 0.034027777777777775
1 0.2916666666666667 0.7256944444444444 0.021354166666666667 0.03819444444444445
1 0.34427083333333336 0.6923611111111111 0.01875 0.03194444444444444
1 0.29635416666666664 0.7590277777777777 0.01875 0.035416666666666666
1 0.3265625 0.7381944444444445 0.021354166666666667 0.034027777777777775
1 0.3463541666666667 0.7229166666666667 0.021354166666666667 0.03958333333333333
1 0.36666666666666664 0.7097222222222223 0.01875 0.034027777777777775
1 0.3494791666666667 0.7569444444444444 0.019791666666666666 0.034027777777777775
1 0.3921875 0.6881944444444444 0.021354166666666667 0.03958333333333333
1 0.4109375 0.6777777777777778 0.019791666666666666 0.035416666666666666
1 0.4140625 0.7069444444444445 0.01875 0.03333333333333333
1 0.43072916666666666 0.6909722222222222 0.019791666666666666 0.03680555555555556
1 0.43072916666666666 0.6659722222222222 0.019791666666666666 0.030555555555555555
1 0.4276041666666667 0.6333333333333333 0.022395833333333334 0.035416666666666666
1 0.4505208333333333 0.6173611111111111 0.0234375 0.03680555555555556
1 0.45260416666666664 0.6479166666666667 0.021354166666666667 0.034027777777777775
1 0.45260416666666664 0.6798611111111111 0.022395833333333334 0.03333333333333333
1 0.46979166666666666 0.6340277777777777 0.019791666666666666 0.03194444444444444
1 0.46875 0.6027777777777777 0.020833333333333332 0.03333333333333333
1 0.46875 0.6645833333333333 0.019270833333333334 0.034027777777777775
1 0.4869791666666667 0.6486111111111111 0.019270833333333334 0.03333333333333333
1 0.4869791666666667 0.6208333333333333 0.019791666666666666 0.03333333333333333
1 0.5260416666666666 0.5631944444444444 0.017708333333333333 0.030555555555555555
1 0.5421875 0.5520833333333334 0.01875 0.03333333333333333
1 0.5614583333333333 0.5375 0.0171875 0.03194444444444444
1 0.5098958333333333 0.6048611111111111 0.019270833333333334 0.034027777777777775
1 0.5265625 0.5944444444444444 0.019270833333333334 0.029166666666666667
1 0.5427083333333333 0.5840277777777778 0.019270833333333334 0.030555555555555555
1 0.5270833333333333 0.6236111111111111 0.01875 0.02638888888888889
1 0.5947916666666667 0.5451388888888888 0.016666666666666666 0.03194444444444444
1 0.5614583333333333 0.5701388888888889 0.01875 0.025694444444444443
1 0.5786458333333333 0.5548611111111111 0.01875 0.030555555555555555
1 0.6130208333333333 0.5034722222222222 0.021354166666666667 0.029166666666666667
1 0.6291666666666667 0.49444444444444446 0.0171875 0.03194444444444444
1 0.6609375 0.46805555555555556 0.019791666666666666 0.027777777777777776
1 0.6145833333333334 0.5333333333333333 0.019270833333333334 0.030555555555555555
1 0.6276041666666666 0.5236111111111111 0.01875 0.03194444444444444
1 0.59375 0.5770833333333333 0.016666666666666666 0.029166666666666667
1 0.5635416666666667 0.5958333333333333 0.0171875 0.029166666666666667
1 0.6125 0.5618055555555556 0.017708333333333333 0.03194444444444444
1 0.6296875 0.5520833333333334 0.017708333333333333 0.030555555555555555
1 0.6416666666666667 0.5409722222222222 0.015625 0.03194444444444444
1 0.6552083333333333 0.5277777777777778 0.0171875 0.027777777777777776