1 0.030208333333333334 0.6284722222222222 0.04010416666666667 0.10277777777777777
3 0.030208333333333334 0.7208333333333333 0.059895833333333336 0.07083333333333333
1 0.049479166666666664 0.7930555555555555 0.07239583333333334 0.06111111111111111
1 0.017708333333333333 0.8930555555555556 0.034895833333333334 0.11319444444444444
1 0.0265625 0.9145833333333333 0.049479166666666664 0.10277777777777777
1 0.11510416666666666 0.8159722222222222 0.040625 0.10138888888888889
3 0.1515625 0.8131944444444444 0.04010416666666667 0.10902777777777778
3 0.18697916666666667 0.8 0.034895833333333334 0.11527777777777778
1 0.2833333333333333 0.21666666666666667 0.021354166666666667 0.05555555555555555
3 0.3494791666666667 0.2791666666666667 0.019270833333333334 0.06319444444444444
3 0.33229166666666665 0.33055555555555555 0.049479166666666664 0.041666666666666664
1 0.32864583333333336 0.3638888888888889 0.05 0.041666666666666664
1 0.32760416666666664 0.3972222222222222 0.04583333333333333 0.043055555555555555
1 0.3307291666666667 0.43125 0.05 0.043055555555555555
3 0.3265625 0.5493055555555556 0.0609375 0.05347222222222222
1 0.32447916666666665 0.50625 0.05572916666666667 0.050694444444444445
3 0.32708333333333334 0.46805555555555556 0.057291666666666664 0.050694444444444445