2 0.40625 0.28958333333333336 0.005729166666666666 0.015277777777777777
2 0.39166666666666666 0.425 0.008333333333333333 0.02361111111111111
2 0.3963541666666667 0.41388888888888886 0.005729166666666666 0.014583333333333334
1 0.39947916666666666 0.3798611111111111 0.005729166666666666 0.010416666666666666
1 0.3963541666666667 0.4013888888888889 0.005729166666666666 0.010416666666666666
1 0.3640625 0.40069444444444446 0.00625 0.008333333333333333
1 0.3572916666666667 0.3972222222222222 0.005729166666666666 0.011111111111111112
1 0.3541666666666667 0.42083333333333334 0.0078125 0.013194444444444444
2 0.3734375 0.8013888888888889 0.022395833333333334 0.07708333333333334
2 0.38333333333333336 0.5798611111111112 0.0140625 0.04375
2 0.38125 0.6534722222222222 0.009895833333333333 0.03263888888888889
1 0.3848958333333333 0.5409722222222222 0.009895833333333333 0.020833333333333332
1 0.3802083333333333 0.5131944444444444 0.009375 0.02013888888888889
1 0.390625 0.4840277777777778 0.008333333333333333 0.017361111111111112
1 0.39375 0.44583333333333336 0.007291666666666667 0.015277777777777777
3 0.3572916666666667 0.4326388888888889 0.005729166666666666 0.013194444444444444
3 0.34010416666666665 0.47847222222222224 0.007291666666666667 0.018055555555555554
1 0.8791666666666667 0.8722222222222222 0.044270833333333336 0.04583333333333333
1 0.8697916666666666 0.9145833333333333 0.04635416666666667 0.029861111111111113
1 0.8479166666666667 0.8388888888888889 0.041666666666666664 0.027777777777777776
2 0.7494791666666667 0.6854166666666667 0.0421875 0.06458333333333334
1 0.7921875 0.7340277777777777 0.0328125 0.020833333333333332
1 0.7234375 0.6104166666666667 0.015625 0.01875