2 0.759375 0.8270833333333333 0.10989583333333333 0.34375
3 0.8473958333333333 0.9229166666666667 0.07083333333333333 0.15069444444444444
3 0.13489583333333333 0.5319444444444444 0.04583333333333333 0.06597222222222222
2 0.17239583333333333 0.42291666666666666 0.0671875 0.12916666666666668
2 0.21510416666666668 0.32222222222222224 0.058333333333333334 0.08611111111111111
2 0.5135416666666667 0.14305555555555555 0.0328125 0.09236111111111112
2 0.6609375 0.11458333333333333 0.03854166666666667 0.09027777777777778
3 0.4869791666666667 0.09097222222222222 0.019270833333333334 0.044444444444444446
1 0.6197916666666666 0.0375 0.0171875 0.03680555555555556
1 0.5979166666666667 0.14305555555555555 0.021354166666666667 0.04722222222222222
1 0.6416666666666667 0.22291666666666668 0.0265625 0.06736111111111111
1 0.6088541666666667 0.2708333333333333 0.0265625 0.075