1 0.19947916666666668 0.8868055555555555 0.04791666666666667 0.09930555555555555
1 0.3541666666666667 0.32222222222222224 0.020833333333333332 0.06319444444444444
1 0.4046875 0.3194444444444444 0.020833333333333332 0.05486111111111111
1 0.4010416666666667 0.3729166666666667 0.019270833333333334 0.04791666666666667
1 0.4666666666666667 0.36666666666666664 0.019791666666666666 0.06597222222222222
1 0.4901041666666667 0.36736111111111114 0.022395833333333334 0.07013888888888889
1 0.48333333333333334 0.3104166666666667 0.019791666666666666 0.05694444444444444
1 0.4473958333333333 0.32013888888888886 0.017708333333333333 0.05486111111111111
1 0.4244791666666667 0.3159722222222222 0.0171875 0.050694444444444445
1 0.4734375 0.5625 0.040625 0.06875
1 0.5197916666666667 0.7465277777777778 0.036458333333333336 0.0875
1 0.4947916666666667 0.7222222222222222 0.030729166666666665 0.08125
1 0.46875 0.6840277777777778 0.041666666666666664 0.08611111111111111
1 0.39010416666666664 0.5833333333333334 0.04583333333333333 0.0625
1 0.3619791666666667 0.5666666666666667 0.0390625 0.06736111111111111
1 0.34270833333333334 0.5472222222222223 0.03802083333333333 0.06875
1 0.3203125 0.5125 0.027604166666666666 0.050694444444444445
1 0.7473958333333334 0.9145833333333333 0.07135416666666666 0.059722222222222225
2 0.6729166666666667 0.06597222222222222 0.08020833333333334 0.05555555555555555
2 0.4661458333333333 0.07847222222222222 0.08072916666666667 0.06319444444444444
2 0.059895833333333336 0.06944444444444445 0.09427083333333333 0.05486111111111111
2 0.14895833333333333 0.06319444444444444 0.08489583333333334 0.06111111111111111
1 0.13020833333333334 0.45208333333333334 0.0234375 0.044444444444444446
1 0.10260416666666666 0.45625 0.025520833333333333 0.04722222222222222
1 0.07864583333333333 0.45902777777777776 0.022916666666666665 0.049305555555555554
1 0.028125 0.46319444444444446 0.0234375 0.043055555555555555
1 0.1609375 0.44166666666666665 0.0265625 0.050694444444444445
1 0.19375 0.4222222222222222 0.022916666666666665 0.04722222222222222