1 0.45625 0.6 0.022395833333333334 0.04583333333333333
1 0.5901041666666667 0.6979166666666666 0.0390625 0.07013888888888889
1 0.5177083333333333 0.575 0.019270833333333334 0.04652777777777778
1 0.5416666666666666 0.51875 0.024479166666666666 0.03680555555555556
1 0.4322916666666667 0.47430555555555554 0.0171875 0.03611111111111111
1 0.5255208333333333 0.4166666666666667 0.0140625 0.018055555555555554
1 0.5026041666666666 0.3972222222222222 0.011458333333333333 0.01875
1 0.5203125 0.37777777777777777 0.0109375 0.017361111111111112
1 0.5 0.35694444444444445 0.009895833333333333 0.01597222222222222
1 0.5057291666666667 0.34097222222222223 0.009895833333333333 0.013194444444444444
1 0.5036458333333333 0.3104166666666667 0.008333333333333333 0.011111111111111112
1 0.5125 0.29930555555555555 0.0078125 0.010416666666666666
1 0.5145833333333333 0.2743055555555556 0.0078125 0.007638888888888889
1 0.6619791666666667 0.9583333333333334 0.05 0.08194444444444444