1 0.7088541666666667 0.9652777777777778 0.08645833333333333 0.06944444444444445
1 0.2265625 0.8756944444444444 0.08229166666666667 0.1076388888888889
1 0.953125 0.8 0.08802083333333334 0.11805555555555555
1 0.9151041666666667 0.7479166666666667 0.09375 0.13541666666666666
1 0.825 0.6444444444444445 0.08125 0.12083333333333333
1 0.7848958333333333 0.58125 0.07239583333333334 0.10277777777777777
1 0.7380208333333333 0.5354166666666667 0.0734375 0.09166666666666666
1 0.6994791666666667 0.48680555555555555 0.0765625 0.08680555555555555
1 0.6609375 0.4444444444444444 0.075 0.08958333333333333
1 0.6276041666666666 0.4027777777777778 0.07291666666666667 0.08958333333333333
3 0.5890625 0.36666666666666664 0.075 0.08194444444444444
3 0.5635416666666667 0.3284722222222222 0.06302083333333333 0.07222222222222222
1 0.5348958333333333 0.2972222222222222 0.07291666666666667 0.07777777777777778
1 0.5005208333333333 0.25972222222222224 0.07239583333333334 0.075
1 0.4708333333333333 0.23055555555555557 0.07083333333333333 0.0798611111111111
3 0.43697916666666664 0.18958333333333333 0.065625 0.06875
1 0.41822916666666665 0.14791666666666667 0.07083333333333333 0.07152777777777777
1 0.24583333333333332 0.09027777777777778 0.07447916666666667 0.07361111111111111
1 0.30520833333333336 0.03888888888888889 0.06302083333333333 0.059027777777777776
3 0.26927083333333335 0.02638888888888889 0.08854166666666667 0.05277777777777778