1 0.15260416666666668 0.16458333333333333 0.017708333333333333 0.02638888888888889
1 0.26197916666666665 0.075 0.011979166666666667 0.029861111111111113
2 0.16927083333333334 0.08888888888888889 0.07447916666666667 0.14305555555555555
2 0.4578125 0.5097222222222222 0.025520833333333333 0.07361111111111111
1 0.27760416666666665 0.9722222222222222 0.0171875 0.025694444444444443
1 0.3026041666666667 0.9541666666666667 0.020833333333333332 0.025
1 0.31927083333333334 0.8555555555555555 0.019791666666666666 0.02361111111111111
3 0.35 0.8541666666666666 0.0171875 0.02638888888888889
1 0.6791666666666667 0.7701388888888889 0.022395833333333334 0.015277777777777777
3 0.7005208333333334 0.2652777777777778 0.015625 0.03125
1 0.7125 0.2590277777777778 0.017708333333333333 0.02847222222222222
1 0.7223958333333333 0.25 0.0171875 0.027777777777777776
1 0.7375 0.23958333333333334 0.015104166666666667 0.027777777777777776
1 0.746875 0.23055555555555557 0.013541666666666667 0.02638888888888889
1 0.7578125 0.22013888888888888 0.0171875 0.027777777777777776
1 0.76875 0.21458333333333332 0.0171875 0.029861111111111113
1 0.7791666666666667 0.20416666666666666 0.0171875 0.029861111111111113
1 0.7880208333333333 0.19444444444444445 0.01875 0.027777777777777776
1 0.8609375 0.13333333333333333 0.022395833333333334 0.025
3 0.8921875 0.11180555555555556 0.025520833333333333 0.027777777777777776
1 0.9005208333333333 0.15694444444444444 0.022916666666666665 0.02638888888888889
1 0.9239583333333333 0.08125 0.0265625 0.02638888888888889
1 0.9463541666666667 0.05763888888888889 0.024479166666666666 0.025694444444444443
2 0.70625 0.36319444444444443 0.022395833333333334 0.03263888888888889
1 0.6619791666666667 0.18888888888888888 0.013020833333333334 0.027777777777777776
1 0.6359375 0.06388888888888888 0.022395833333333334 0.017361111111111112
1 0.6364583333333333 0.04652777777777778 0.024479166666666666 0.018055555555555554
1 0.6296875 0.029166666666666667 0.0234375 0.01597222222222222
1 0.625 0.008333333333333333 0.022916666666666665 0.01597222222222222
0 0.5802083333333333 0.09236111111111112 0.019270833333333334 0.059027777777777776