3 0.18125 0.6138888888888889 0.03802083333333333 0.024305555555555556
1 0.30364583333333334 0.6597222222222222 0.0328125 0.022916666666666665
2 0.4244791666666667 0.04791666666666667 0.0140625 0.029166666666666667
0 0.4270833333333333 0.23125 0.022916666666666665 0.06319444444444444
3 0.42552083333333335 0.1909722222222222 0.009375 0.024305555555555556
3 0.4359375 0.13194444444444445 0.007291666666666667 0.018055555555555554
1 0.415625 0.0798611111111111 0.005729166666666666 0.0125
3 0.51875 0.32708333333333334 0.015104166666666667 0.029166666666666667
3 0.4713541666666667 0.35347222222222224 0.011458333333333333 0.029166666666666667
1 0.4479166666666667 0.2611111111111111 0.011458333333333333 0.024305555555555556
3 0.5380208333333333 0.3402777777777778 0.016666666666666666 0.03333333333333333
3 0.5276041666666667 0.3638888888888889 0.013020833333333334 0.03194444444444444
3 0.3880208333333333 0.075 0.008333333333333333 0.02013888888888889
2 0.5505208333333333 0.21458333333333332 0.019270833333333334 0.04583333333333333
1 0.5510416666666667 0.42916666666666664 0.013541666666666667 0.030555555555555555
1 0.5927083333333333 0.5402777777777777 0.013020833333333334 0.03194444444444444
2 0.5734375 0.4798611111111111 0.03125 0.08611111111111111
3 0.6046875 0.5694444444444444 0.019270833333333334 0.044444444444444446
1 0.7552083333333334 0.6701388888888888 0.028645833333333332 0.022916666666666665
3 0.6729166666666667 0.7423611111111111 0.024479166666666666 0.050694444444444445
2 0.7046875 0.8152777777777778 0.04375 0.1
3 0.734375 0.8986111111111111 0.028645833333333332 0.058333333333333334
1 0.7010416666666667 0.8770833333333333 0.027604166666666666 0.058333333333333334
3 0.7276041666666667 0.9409722222222222 0.0265625 0.0625
1 0.7572916666666667 0.9041666666666667 0.024479166666666666 0.05486111111111111
1 0.7671875 0.9805555555555555 0.025520833333333333 0.03680555555555556
1 0.7869791666666667 0.9770833333333333 0.021354166666666667 0.043055555555555555
1 0.80625 0.9263888888888889 0.029166666666666667 0.058333333333333334
1 0.7947916666666667 0.8145833333333333 0.03125 0.043055555555555555