1 0.2635416666666667 0.08263888888888889 0.07135416666666666 0.052083333333333336
2 0.3302083333333333 0.14166666666666666 0.03229166666666667 0.1076388888888889
1 0.24479166666666666 0.2 0.0484375 0.04791666666666667
1 0.2526041666666667 0.29444444444444445 0.04791666666666667 0.04652777777777778
1 0.25833333333333336 0.33402777777777776 0.05 0.044444444444444446
1 0.3072916666666667 0.9416666666666667 0.07552083333333333 0.06597222222222222
1 0.31875 0.9833333333333333 0.08333333333333333 0.03333333333333333
1 0.5505208333333333 0.7965277777777777 0.07291666666666667 0.06388888888888888
2 0.5125 0.2652777777777778 0.0390625 0.1111111111111111
1 0.54375 0.44166666666666665 0.049479166666666664 0.035416666666666666
1 0.6197916666666666 0.4826388888888889 0.03802083333333333 0.06388888888888888
1 0.5515625 0.4777777777777778 0.040625 0.03125
1 0.5526041666666667 0.5159722222222223 0.049479166666666664 0.03611111111111111
1 0.5505208333333333 0.6277777777777778 0.07291666666666667 0.06736111111111111