1 0.5885416666666666 0.7055555555555556 0.059895833333333336 0.1326388888888889
1 0.7244791666666667 0.3840277777777778 0.05364583333333333 0.08194444444444444
1 0.5255208333333333 0.44166666666666665 0.0359375 0.09305555555555556
1 0.734375 0.29444444444444445 0.05 0.07361111111111111
1 0.7723958333333333 0.14027777777777778 0.040625 0.06319444444444444
1 0.4744791666666667 0.15694444444444444 0.036458333333333336 0.07916666666666666
1 0.6197916666666666 0.6013888888888889 0.04791666666666667 0.08263888888888889
1 0.7911458333333333 0.4444444444444444 0.06197916666666667 0.1
1 0.6677083333333333 0.21736111111111112 0.041666666666666664 0.06597222222222222
1 0.09895833333333333 0.8673611111111111 0.11354166666666667 0.07152777777777777
1 0.10052083333333334 0.7763888888888889 0.11354166666666667 0.06944444444444445
1 0.1109375 0.7159722222222222 0.08645833333333333 0.06319444444444444
1 0.11197916666666667 0.6534722222222222 0.0984375 0.06111111111111111
1 0.12760416666666666 0.5201388888888889 0.09270833333333334 0.05555555555555555
1 0.14270833333333333 0.22152777777777777 0.06979166666666667 0.043055555555555555
1 0.15416666666666667 0.09722222222222222 0.06875 0.04375
1 0.2078125 0.06666666666666667 0.025520833333333333 0.06111111111111111
0 0.3572916666666667 0.12361111111111112 0.05572916666666667 0.18958333333333333
0 0.39791666666666664 0.9402777777777778 0.06875 0.11527777777777778
0 0.7026041666666667 0.08402777777777778 0.090625 0.1673611111111111
1 0.7317708333333334 0.06597222222222222 0.027604166666666666 0.059027777777777776
1 0.8838541666666667 0.07083333333333333 0.050520833333333334 0.022222222222222223
1 0.8984375 0.1 0.0515625 0.03263888888888889
1 0.9161458333333333 0.12361111111111112 0.06197916666666667 0.03263888888888889
1 0.9302083333333333 0.15694444444444444 0.059895833333333336 0.03888888888888889
1 0.94375 0.1798611111111111 0.057291666666666664 0.04027777777777778
1 0.23802083333333332 0.7416666666666667 0.04375 0.1326388888888889
1 0.12291666666666666 0.46944444444444444 0.09010416666666667 0.049305555555555554
1 0.1265625 0.425 0.08333333333333333 0.04791666666666667
1 0.14791666666666667 0.14930555555555555 0.065625 0.035416666666666666
1 0.14739583333333334 0.18263888888888888 0.07291666666666667 0.043055555555555555
1 0.1546875 0.04861111111111111 0.0609375 0.04583333333333333
1 0.1625 0.017361111111111112 0.0578125 0.034027777777777775
3 0.1359375 0.37083333333333335 0.08645833333333333 0.04652777777777778
3 0.12552083333333333 0.32916666666666666 0.08020833333333334 0.044444444444444446
3 0.25677083333333334 0.21666666666666667 0.030729166666666665 0.07916666666666666
3 0.26875 0.14097222222222222 0.0328125 0.06319444444444444
1 0.278125 0.07777777777777778 0.029166666666666667 0.06388888888888888
1 0.971875 0.9576388888888889 0.05625 0.07916666666666666
0 0.9765625 0.7833333333333333 0.04635416666666667 0.14930555555555555
1 0.9776041666666667 0.24722222222222223 0.044270833333333336 0.044444444444444446
1 0.984375 0.28125 0.03125 0.04583333333333333