3 0.0671875 0.325 0.03125 0.04375
1 0.6401041666666667 0.9368055555555556 0.0171875 0.04583333333333333
1 0.5802083333333333 0.6520833333333333 0.015104166666666667 0.04375
1 0.6119791666666666 0.4826388888888889 0.0171875 0.04027777777777778
1 0.5927083333333333 0.34305555555555556 0.016666666666666666 0.04652777777777778
1 0.69375 0.5791666666666667 0.03333333333333333 0.022916666666666665
1 0.8380208333333333 0.6659722222222222 0.03854166666666667 0.027777777777777776
1 0.9760416666666667 0.6715277777777777 0.03333333333333333 0.020833333333333332
3 0.5989583333333334 0.4013888888888889 0.016666666666666666 0.03888888888888889
2 0.5625 0.41458333333333336 0.017708333333333333 0.043055555555555555
1 0.8791666666666667 0.06597222222222222 0.03697916666666667 0.027777777777777776
3 0.9072916666666667 0.11805555555555555 0.0234375 0.05347222222222222