1 0.3848958333333333 0.6451388888888889 0.07864583333333333 0.15555555555555556
1 0.37083333333333335 0.45208333333333334 0.05416666666666667 0.14305555555555555
1 0.39166666666666666 0.2951388888888889 0.05364583333333333 0.14444444444444443
1 0.3807291666666667 0.10138888888888889 0.044270833333333336 0.11875
2 0.3651041666666667 0.8465277777777778 0.05572916666666667 0.1875
3 0.2526041666666667 0.7673611111111112 0.06927083333333334 0.16319444444444445
1 0.434375 0.9284722222222223 0.05260416666666667 0.14097222222222222
1 0.5078125 0.9388888888888889 0.05260416666666667 0.12222222222222222
1 0.71875 0.7208333333333333 0.0578125 0.1597222222222222
1 0.8083333333333333 0.6840277777777778 0.11770833333333333 0.075
1 0.8020833333333334 0.5979166666666667 0.115625 0.07152777777777777
1 0.7947916666666667 0.5215277777777778 0.11927083333333334 0.075
1 0.7916666666666666 0.4340277777777778 0.1 0.06875
1 0.7791666666666667 0.36944444444444446 0.10625 0.07013888888888889
1 0.7744791666666667 0.23541666666666666 0.10364583333333334 0.06666666666666667
1 0.7578125 0.16875 0.0984375 0.06736111111111111
1 0.6760416666666667 0.18125 0.04791666666666667 0.11736111111111111
1 0.6916666666666667 0.3472222222222222 0.0515625 0.1284722222222222
3 0.7057291666666666 0.5097222222222222 0.0515625 0.11736111111111111
1 0.9682291666666667 0.3125 0.06354166666666666 0.06666666666666667
1 0.9734375 0.2423611111111111 0.05260416666666667 0.06597222222222222
1 0.9494791666666667 0.12638888888888888 0.10052083333333334 0.06736111111111111
1 0.9510416666666667 0.06111111111111111 0.09791666666666667 0.06944444444444445
1 0.74375 0.013194444444444444 0.08020833333333334 0.02638888888888889
2 0.66875 0.8930555555555556 0.0765625 0.21319444444444444