1 0.28125 0.21319444444444444 0.022395833333333334 0.018055555555555554
1 0.2453125 0.8701388888888889 0.05520833333333333 0.1
1 0.528125 0.8159722222222222 0.040625 0.09166666666666666
1 0.540625 0.71875 0.0328125 0.075
1 0.5583333333333333 0.6381944444444444 0.03229166666666667 0.06319444444444444
1 0.46510416666666665 0.6277777777777778 0.029166666666666667 0.06458333333333334
1 0.5005208333333333 0.5277777777777778 0.025 0.050694444444444445
1 0.565625 0.5722222222222222 0.025520833333333333 0.04791666666666667
1 0.5755208333333334 0.5055555555555555 0.024479166666666666 0.04027777777777778
3 0.5442708333333334 0.4888888888888889 0.021354166666666667 0.03819444444444445
1 0.5520833333333334 0.44027777777777777 0.019791666666666666 0.03611111111111111
1 0.5838541666666667 0.4444444444444444 0.019270833333333334 0.03819444444444445
1 0.5911458333333334 0.20208333333333334 0.013541666666666667 0.01597222222222222
1 0.615625 0.09861111111111111 0.009895833333333333 0.01597222222222222
1 0.6098958333333333 0.11944444444444445 0.009895833333333333 0.014583333333333334
1 0.5963541666666666 0.18333333333333332 0.011458333333333333 0.01597222222222222
1 0.5890625 0.21944444444444444 0.013020833333333334 0.02013888888888889
1 0.7140625 0.004166666666666667 0.0109375 0.008333333333333333
3 0.6145833333333334 0.4548611111111111 0.019270833333333334 0.04097222222222222
1 0.5979166666666667 0.6388888888888888 0.030208333333333334 0.06736111111111111
1 0.81875 0.3298611111111111 0.041666666666666664 0.022222222222222223