1 0.1859375 0.09444444444444444 0.03854166666666667 0.044444444444444446
1 0.2682291666666667 0.09652777777777778 0.0265625 0.04097222222222222
1 0.3078125 0.16458333333333333 0.03697916666666667 0.06597222222222222
1 0.153125 0.30833333333333335 0.016666666666666666 0.035416666666666666
1 0.13697916666666668 0.3173611111111111 0.0171875 0.03888888888888889
1 0.15104166666666666 0.2298611111111111 0.016666666666666666 0.03819444444444445
1 0.042708333333333334 0.63125 0.08541666666666667 0.0875
1 0.5619791666666667 0.7965277777777777 0.125 0.2263888888888889
1 0.39114583333333336 0.36944444444444446 0.06770833333333333 0.09513888888888888
1 0.5265625 0.23402777777777778 0.050520833333333334 0.06319444444444444
1 0.44479166666666664 0.11875 0.03802083333333333 0.04027777777777778
1 0.3619791666666667 0.06875 0.03125 0.04097222222222222
1 0.33125 0.034722222222222224 0.029166666666666667 0.03680555555555556
1 0.31666666666666665 0.011111111111111112 0.025 0.022222222222222223
1 0.37083333333333335 0.011111111111111112 0.027083333333333334 0.022222222222222223
1 0.728125 0.027777777777777776 0.04635416666666667 0.03263888888888889
1 0.6744791666666666 0.16875 0.04791666666666667 0.04791666666666667
1 0.7739583333333333 0.04791666666666667 0.049479166666666664 0.035416666666666666
1 0.8104166666666667 0.09930555555555555 0.05364583333333333 0.03680555555555556
2 0.8067708333333333 0.1597222222222222 0.06770833333333333 0.043055555555555555
1 0.9286458333333333 0.2590277777777778 0.07708333333333334 0.05138888888888889
0 0.984375 0.21388888888888888 0.03125 0.06111111111111111
1 0.34427083333333336 0.7840277777777778 0.07291666666666667 0.15208333333333332