1 0.5583333333333333 0.5763888888888888 0.08020833333333334 0.09513888888888888
1 0.4265625 0.7208333333333333 0.08072916666666667 0.12986111111111112
1 0.4234375 0.4083333333333333 0.0609375 0.06458333333333334
1 0.23645833333333333 0.4777777777777778 0.057291666666666664 0.0798611111111111
1 0.2703125 0.43680555555555556 0.050520833333333334 0.07152777777777777
1 0.178125 0.2916666666666667 0.0390625 0.05138888888888889
1 0.23229166666666667 0.24722222222222223 0.040625 0.03888888888888889
1 0.10989583333333333 0.19583333333333333 0.030729166666666665 0.035416666666666666
1 0.07291666666666667 0.20902777777777778 0.034375 0.043055555555555555
1 0.057291666666666664 0.13055555555555556 0.029166666666666667 0.034027777777777775
1 0.32395833333333335 0.24444444444444444 0.03802083333333333 0.041666666666666664
1 0.24322916666666666 0.1986111111111111 0.0390625 0.04097222222222222
1 0.10052083333333334 0.09791666666666667 0.025 0.030555555555555555
3 0.030208333333333334 0.10069444444444445 0.0234375 0.029861111111111113
1 0.9213541666666667 0.6645833333333333 0.05416666666666667 0.11041666666666666
1 0.8614583333333333 0.36180555555555555 0.06875 0.041666666666666664
1 0.8005208333333333 0.3284722222222222 0.065625 0.03611111111111111
1 0.8864583333333333 0.32083333333333336 0.06875 0.04027777777777778
1 0.9635416666666666 0.35208333333333336 0.07291666666666667 0.043055555555555555
1 0.9776041666666667 0.3263888888888889 0.044270833333333336 0.03333333333333333
1 0.9765625 0.8472222222222222 0.04635416666666667 0.11527777777777778
0 0.184375 0.12361111111111112 0.07291666666666667 0.08194444444444444
1 0.06041666666666667 0.008333333333333333 0.020833333333333332 0.016666666666666666