1 0.2911458333333333 0.34930555555555554 0.0265625 0.02013888888888889
1 0.29375 0.3263888888888889 0.027083333333333334 0.01875
1 0.3026041666666667 0.2659722222222222 0.0234375 0.018055555555555554
1 0.17864583333333334 0.6006944444444444 0.034375 0.020833333333333332
1 0.18645833333333334 0.5583333333333333 0.034375 0.025
1 0.18489583333333334 0.58125 0.03802083333333333 0.020833333333333332
1 0.1671875 0.6277777777777778 0.04010416666666667 0.022222222222222223
1 0.16145833333333334 0.6541666666666667 0.03854166666666667 0.01875
1 0.6869791666666667 0.5631944444444444 0.022916666666666665 0.04027777777777778
1 0.6901041666666666 0.4513888888888889 0.03125 0.01875
1 0.5291666666666667 0.21666666666666667 0.011458333333333333 0.018055555555555554
3 0.5973958333333333 0.2743055555555556 0.011458333333333333 0.020833333333333332
3 0.6109375 0.2763888888888889 0.011979166666666667 0.02013888888888889
3 0.6328125 0.2701388888888889 0.0140625 0.022916666666666665
2 0.3776041666666667 0.04027777777777778 0.0109375 0.030555555555555555
2 0.546875 0.06736111111111111 0.0109375 0.025
2 0.4942708333333333 0.15208333333333332 0.011458333333333333 0.025694444444444443
2 0.6416666666666667 0.3173611111111111 0.017708333333333333 0.05555555555555555
1 0.78125 0.6375 0.03802083333333333 0.025694444444444443
1 0.6671875 0.38472222222222224 0.024479166666666666 0.015277777777777777
1 0.6802083333333333 0.4201388888888889 0.019791666666666666 0.017361111111111112
1 0.6708333333333333 0.39861111111111114 0.019270833333333334 0.0125
1 0.56875 0.1076388888888889 0.0171875 0.009722222222222222
1 0.5572916666666666 0.11458333333333333 0.015625 0.009722222222222222
1 0.5755208333333334 0.15208333333333332 0.008333333333333333 0.011111111111111112
1 0.5630208333333333 0.175 0.0109375 0.018055555555555554
1 0.5588541666666667 0.08263888888888889 0.015104166666666667 0.009722222222222222
1 0.55 0.052083333333333336 0.007291666666666667 0.008333333333333333
1 0.5625 0.10208333333333333 0.013541666666666667 0.008333333333333333
1 0.14895833333333333 0.7097222222222223 0.04375 0.02847222222222222
2 0.7869791666666667 0.34375 0.04010416666666667 0.06458333333333334
2 0.8609375 0.32916666666666666 0.04583333333333333 0.06944444444444445
2 0.8807291666666667 0.32013888888888886 0.042708333333333334 0.06180555555555556
2 0.9682291666666667 0.4166666666666667 0.06354166666666666 0.03611111111111111
2 0.978125 0.5618055555555556 0.04375 0.06875
2 0.9526041666666667 0.5493055555555556 0.036458333333333336 0.05138888888888889
2 0.8 0.43194444444444446 0.03125 0.03888888888888889
2 0.9114583333333334 0.3145833333333333 0.022916666666666665 0.052083333333333336
1 0.9255208333333333 0.5854166666666667 0.01875 0.03333333333333333
1 0.9765625 0.5895833333333333 0.0234375 0.030555555555555555
1 0.3151041666666667 0.15763888888888888 0.0171875 0.010416666666666666
1 0.31302083333333336 0.15347222222222223 0.016666666666666666 0.008333333333333333