1 0.7385416666666667 0.5534722222222223 0.0984375 0.05694444444444444
1 0.19947916666666668 0.5444444444444444 0.08854166666666667 0.06111111111111111
1 0.30052083333333335 0.5215277777777778 0.1 0.06180555555555556
3 0.3302083333333333 0.7159722222222222 0.10208333333333333 0.08541666666666667
1 0.34375 0.8576388888888888 0.057291666666666664 0.15555555555555556
1 0.5765625 0.6055555555555555 0.09791666666666667 0.08194444444444444
1 0.5651041666666666 0.6979166666666666 0.08854166666666667 0.10972222222222222
1 0.5890625 0.7888888888888889 0.08802083333333334 0.125
1 0.61875 0.9131944444444444 0.09583333333333334 0.13819444444444445
1 0.571875 0.4777777777777778 0.07916666666666666 0.07222222222222222
1 0.5432291666666667 0.44305555555555554 0.08333333333333333 0.07430555555555556
1 0.34479166666666666 0.4395833333333333 0.040625 0.1
1 0.34322916666666664 0.3506944444444444 0.03333333333333333 0.07430555555555556
1 0.5291666666666667 0.34444444444444444 0.07239583333333334 0.059722222222222225
1 0.3458333333333333 0.26805555555555555 0.03854166666666667 0.058333333333333334
1 0.3453125 0.20625 0.03229166666666667 0.050694444444444445
1 0.3453125 0.14930555555555555 0.03229166666666667 0.05694444444444444
1 0.3015625 0.12361111111111112 0.03125 0.058333333333333334
1 0.8875 0.5298611111111111 0.109375 0.06736111111111111
1 0.5140625 0.3090277777777778 0.06770833333333333 0.052083333333333336
1 0.3453125 0.05555555555555555 0.04635416666666667 0.04861111111111111
1 0.47708333333333336 0.022916666666666665 0.042708333333333334 0.02638888888888889
1 0.4817708333333333 0.044444444444444446 0.052083333333333336 0.02638888888888889
1 0.48489583333333336 0.07222222222222222 0.058333333333333334 0.03819444444444445
1 0.48489583333333336 0.10555555555555556 0.0609375 0.03125
3 0.49270833333333336 0.13402777777777777 0.06510416666666667 0.05625
1 0.5020833333333333 0.17708333333333334 0.06979166666666667 0.04027777777777778
1 0.5088541666666667 0.2076388888888889 0.07239583333333334 0.03611111111111111
1 0.5088541666666667 0.23541666666666666 0.06510416666666667 0.03819444444444445
1 0.5151041666666667 0.2673611111111111 0.07083333333333333 0.04583333333333333