1 0.4296875 0.5944444444444444 0.015104166666666667 0.03680555555555556
1 0.5052083333333334 0.6138888888888889 0.013020833333333334 0.03819444444444445
1 0.44479166666666664 0.46458333333333335 0.009895833333333333 0.025694444444444443
1 0.4666666666666667 0.44166666666666665 0.009375 0.02013888888888889
1 0.4734375 0.3770833333333333 0.009895833333333333 0.02013888888888889
1 0.4791666666666667 0.34097222222222223 0.007291666666666667 0.016666666666666666
1 0.47552083333333334 0.29444444444444445 0.0078125 0.018055555555555554
1 0.465625 0.2611111111111111 0.008333333333333333 0.018055555555555554
1 0.49166666666666664 0.23194444444444445 0.00625 0.015277777777777777
1 0.5088541666666667 0.23958333333333334 0.0078125 0.02013888888888889
1 0.5208333333333334 0.2569444444444444 0.007291666666666667 0.01875
1 0.48333333333333334 0.1840277777777778 0.00625 0.015277777777777777
1 0.5083333333333333 0.1840277777777778 0.007291666666666667 0.015277777777777777
1 0.48802083333333335 0.1125 0.005729166666666666 0.011111111111111112
1 0.5109375 0.0875 0.005729166666666666 0.0125
1 0.4901041666666667 0.0763888888888889 0.005208333333333333 0.010416666666666666
1 0.48333333333333334 0.06319444444444444 0.005208333333333333 0.010416666666666666
1 0.49583333333333335 0.05555555555555555 0.005208333333333333 0.010416666666666666
1 0.5104166666666666 0.058333333333333334 0.005208333333333333 0.0125
1 0.5166666666666667 0.017361111111111112 0.005208333333333333 0.009027777777777777
1 0.48541666666666666 0.022222222222222223 0.0036458333333333334 0.009027777777777777
1 0.5005208333333333 0.002777777777777778 0.005208333333333333 0.004861111111111111
1 0.5182291666666666 0.0625 0.005208333333333333 0.016666666666666666
1 0.45729166666666665 0.325 0.0078125 0.018055555555555554
1 0.5359375 0.39444444444444443 0.0078125 0.030555555555555555
3 0.5015625 0.9430555555555555 0.017708333333333333 0.0763888888888889
3 0.45625 0.5381944444444444 0.011979166666666667 0.025694444444444443
3 0.48333333333333334 0.4722222222222222 0.015104166666666667 0.030555555555555555
3 0.5067708333333333 0.35694444444444445 0.009375 0.029166666666666667
3 0.5265625 0.21041666666666667 0.007291666666666667 0.02013888888888889
3 0.46927083333333336 0.20972222222222223 0.007291666666666667 0.016666666666666666
3 0.4739583333333333 0.17291666666666666 0.00625 0.013888888888888888
3 0.49635416666666665 0.09305555555555556 0.004166666666666667 0.013888888888888888
3 0.5177083333333333 0.03263888888888889 0.005208333333333333 0.011111111111111112
3 0.48802083333333335 0.011805555555555555 0.004166666666666667 0.009027777777777777
0 0.5234375 0.4756944444444444 0.011979166666666667 0.05555555555555555