1 0.4427083333333333 0.6722222222222223 0.06927083333333334 0.05416666666666667
1 0.3385416666666667 0.6944444444444444 0.0671875 0.05694444444444444
1 0.6973958333333333 0.6298611111111111 0.0609375 0.06458333333333334
1 0.5973958333333333 0.5465277777777777 0.0609375 0.06388888888888888
1 0.6708333333333333 0.4666666666666667 0.03333333333333333 0.05694444444444444
1 0.7604166666666666 0.4909722222222222 0.030729166666666665 0.05416666666666667
1 0.7223958333333333 0.4215277777777778 0.025 0.06180555555555556
1 0.73125 0.3659722222222222 0.021354166666666667 0.04652777777777778
1 0.7390625 0.3138888888888889 0.019270833333333334 0.043055555555555555
1 0.7833333333333333 0.21875 0.015625 0.027777777777777776
1 0.49583333333333335 0.4013888888888889 0.0265625 0.052083333333333336
1 0.12916666666666668 0.21666666666666667 0.0390625 0.035416666666666666
1 0.16875 0.23194444444444445 0.028645833333333332 0.03125
1 0.1921875 0.24166666666666667 0.0328125 0.02847222222222222
1 0.21197916666666666 0.24930555555555556 0.034895833333333334 0.035416666666666666
1 0.26197916666666665 0.2625 0.0390625 0.03888888888888889
1 0.019270833333333334 0.2673611111111111 0.030208333333333334 0.025
1 0.040625 0.28541666666666665 0.022916666666666665 0.022916666666666665
1 0.06614583333333333 0.28680555555555554 0.029166666666666667 0.022222222222222223
1 0.10104166666666667 0.2861111111111111 0.029166666666666667 0.025694444444444443
1 0.12395833333333334 0.3020833333333333 0.04479166666666667 0.04375
1 0.1515625 0.30972222222222223 0.034375 0.04375
1 0.18020833333333333 0.3145833333333333 0.027083333333333334 0.04097222222222222
1 0.20208333333333334 0.325 0.028645833333333332 0.049305555555555554
1 0.22395833333333334 0.33125 0.03802083333333333 0.05138888888888889
1 0.2526041666666667 0.3388888888888889 0.036458333333333336 0.04583333333333333
1 0.275 0.3402777777777778 0.034375 0.04097222222222222
1 0.3067708333333333 0.3506944444444444 0.03229166666666667 0.03680555555555556
1 0.3333333333333333 0.35833333333333334 0.03125 0.043055555555555555
1 0.35052083333333334 0.3680555555555556 0.03125 0.050694444444444445
1 0.1140625 0.3611111111111111 0.03125 0.022222222222222223
1 0.18489583333333334 0.3840277777777778 0.04010416666666667 0.02361111111111111
1 0.109375 0.6576388888888889 0.042708333333333334 0.04097222222222222
1 0.049479166666666664 0.7909722222222222 0.0828125 0.07708333333333334
1 0.134375 0.8340277777777778 0.08697916666666666 0.07430555555555556
1 0.07760416666666667 0.9166666666666666 0.0921875 0.09444444444444444
1 0.38229166666666664 0.3798611111111111 0.027604166666666666 0.04861111111111111
1 0.4119791666666667 0.3875 0.030208333333333334 0.059027777777777776
1 0.4041666666666667 0.3020833333333333 0.0234375 0.043055555555555555
1 0.4395833333333333 0.39166666666666666 0.030729166666666665 0.050694444444444445
1 0.46770833333333334 0.40069444444444446 0.0234375 0.04652777777777778
1 0.5671875 0.4152777777777778 0.0515625 0.04027777777777778
1 0.43697916666666664 0.2916666666666667 0.034375 0.03611111111111111
1 0.484375 0.25625 0.034375 0.04027777777777778
1 0.4552083333333333 0.2791666666666667 0.03333333333333333 0.034027777777777775
1 0.61875 0.050694444444444445 0.011979166666666667 0.022916666666666665
1 0.5979166666666667 0.10416666666666667 0.022916666666666665 0.025694444444444443
3 0.5828125 0.11041666666666666 0.0171875 0.02847222222222222
1 0.5666666666666667 0.39166666666666666 0.05 0.04027777777777778
1 0.5802083333333333 0.3701388888888889 0.050520833333333334 0.044444444444444446
1 0.584375 0.3416666666666667 0.04739583333333333 0.02638888888888889
1 0.59375 0.3277777777777778 0.05 0.029861111111111113
1 0.60625 0.3076388888888889 0.041666666666666664 0.03611111111111111
1 0.6052083333333333 0.28680555555555554 0.03697916666666667 0.03333333333333333
1 0.7786458333333334 0.35833333333333334 0.01875 0.041666666666666664
1 0.6130208333333333 0.2701388888888889 0.041666666666666664 0.029861111111111113
1 0.6177083333333333 0.2534722222222222 0.03854166666666667 0.025694444444444443
1 0.6192708333333333 0.24027777777777778 0.03697916666666667 0.02638888888888889
1 0.6255208333333333 0.22777777777777777 0.03697916666666667 0.027777777777777776
1 0.6265625 0.2111111111111111 0.036458333333333336 0.02847222222222222
1 0.6322916666666667 0.19722222222222222 0.03854166666666667 0.02847222222222222
1 0.6401041666666667 0.1840277777777778 0.0359375 0.02638888888888889
1 0.6416666666666667 0.17152777777777778 0.03229166666666667 0.01875
1 0.6427083333333333 0.1597222222222222 0.030208333333333334 0.020833333333333332
1 0.6489583333333333 0.14930555555555555 0.03229166666666667 0.025694444444444443
1 0.6541666666666667 0.13819444444444445 0.03333333333333333 0.025
1 0.6609375 0.125 0.03125 0.022222222222222223
1 0.6671875 0.11805555555555555 0.034375 0.022916666666666665
3 0.6682291666666667 0.10347222222222222 0.030729166666666665 0.020833333333333332
1 0.6739583333333333 0.09861111111111111 0.0265625 0.02013888888888889
1 0.6765625 0.08680555555555555 0.029166666666666667 0.018055555555555554
1 0.6776041666666667 0.075 0.022916666666666665 0.018055555555555554
1 0.6833333333333333 0.06736111111111111 0.028645833333333332 0.020833333333333332
1 0.6859375 0.058333333333333334 0.027083333333333334 0.02013888888888889
1 0.6880208333333333 0.04652777777777778 0.025520833333333333 0.018055555555555554
1 0.6921875 0.03611111111111111 0.027083333333333334 0.025
1 0.6963541666666667 0.024305555555555556 0.024479166666666666 0.018055555555555554
1 0.7020833333333333 0.009722222222222222 0.027083333333333334 0.017361111111111112
1 0.7473958333333334 0.044444444444444446 0.013541666666666667 0.025
1 0.7390625 0.075 0.013020833333333334 0.022222222222222223
1 0.7572916666666667 0.011111111111111112 0.011458333333333333 0.01597222222222222
1 0.7515625 0.025694444444444443 0.009895833333333333 0.017361111111111112
1 0.6630208333333333 0.014583333333333334 0.022395833333333334 0.014583333333333334
1 0.7791666666666667 0.02361111111111111 0.013020833333333334 0.02013888888888889
1 0.6260416666666667 0.03125 0.011979166666666667 0.02013888888888889
1 0.7958333333333333 0.06180555555555556 0.015104166666666667 0.020833333333333332
1 0.8276041666666667 0.010416666666666666 0.011458333333333333 0.015277777777777777
1 0.8265625 0.027777777777777776 0.013541666666666667 0.01875
1 0.8265625 0.043055555555555555 0.013020833333333334 0.0125
1 0.8244791666666667 0.059027777777777776 0.013020833333333334 0.01875
1 0.8229166666666666 0.075 0.013020833333333334 0.022222222222222223
1 0.8203125 0.09444444444444444 0.015104166666666667 0.020833333333333332
1 0.8213541666666667 0.11805555555555555 0.0140625 0.022916666666666665
1 0.81875 0.14444444444444443 0.015625 0.025694444444444443
1 0.81875 0.17152777777777778 0.019270833333333334 0.02847222222222222
1 0.8171875 0.2 0.015625 0.022916666666666665
1 0.8166666666666667 0.22569444444444445 0.0171875 0.04027777777777778
1 0.9744791666666667 0.26458333333333334 0.013020833333333334 0.02361111111111111
0 0.8973958333333333 0.008333333333333333 0.011458333333333333 0.016666666666666666
1 0.8958333333333334 0.027777777777777776 0.0109375 0.015277777777777777
1 0.9671875 0.11597222222222223 0.015625 0.011111111111111112
1 0.9671875 0.16944444444444445 0.008333333333333333 0.011111111111111112
1 0.9697916666666667 0.15208333333333332 0.013020833333333334 0.015277777777777777