3 0.09166666666666666 0.02847222222222222 0.03802083333333333 0.05694444444444444
1 0.08697916666666666 0.08958333333333333 0.042708333333333334 0.06458333333333334
1 0.07604166666666666 0.15069444444444444 0.04791666666666667 0.07222222222222222
3 0.06197916666666667 0.21458333333333332 0.0515625 0.09166666666666666
1 0.04739583333333333 0.3145833333333333 0.05625 0.10277777777777777
1 0.11302083333333333 0.34444444444444444 0.0578125 0.1125
1 0.221875 0.26458333333333334 0.04635416666666667 0.10208333333333333
1 0.030208333333333334 0.44930555555555557 0.059895833333333336 0.1284722222222222
0 0.31354166666666666 0.01875 0.04583333333333333 0.0375
1 0.3541666666666667 0.19791666666666666 0.04375 0.07916666666666666
3 0.40989583333333335 0.05138888888888889 0.04635416666666667 0.06666666666666667
1 0.4359375 0.10833333333333334 0.041666666666666664 0.059027777777777776
1 0.47291666666666665 0.09861111111111111 0.03854166666666667 0.05625
1 0.5354166666666667 0.029861111111111113 0.06770833333333333 0.03888888888888889
1 0.5635416666666667 0.059722222222222225 0.065625 0.05138888888888889
1 0.5348958333333333 0.3277777777777778 0.06510416666666667 0.09652777777777778
1 0.4822916666666667 0.44305555555555554 0.05625 0.11597222222222223
1 0.6223958333333334 0.39652777777777776 0.06770833333333333 0.10069444444444445
1 0.6588541666666666 0.33125 0.07239583333333334 0.10972222222222222
3 0.5609375 0.4201388888888889 0.065625 0.10069444444444445
3 0.5822916666666667 0.30625 0.059375 0.1076388888888889
1 0.6526041666666667 0.17777777777777778 0.0765625 0.059027777777777776
1 0.6786458333333333 0.21666666666666667 0.07864583333333333 0.05625
1 0.8458333333333333 0.5118055555555555 0.1140625 0.14930555555555555
1 0.7072916666666667 0.7652777777777777 0.11979166666666667 0.1951388888888889
1 0.5770833333333333 0.6659722222222222 0.08125 0.15902777777777777
2 0.6322916666666667 0.5715277777777777 0.109375 0.18125
1 0.0234375 0.5854166666666667 0.04635416666666667 0.12361111111111112
1 0.015104166666666667 0.7416666666666667 0.030208333333333334 0.19444444444444445
1 0.013020833333333334 0.9326388888888889 0.025520833333333333 0.13125
3 0.8203125 0.7736111111111111 0.159375 0.22777777777777777
1 0.6880208333333333 0.9416666666666667 0.10572916666666667 0.11597222222222223
1 0.7984375 0.9701388888888889 0.0984375 0.05694444444444444