1 0.7895833333333333 0.7423611111111111 0.11927083333333334 0.18194444444444444
1 0.7489583333333333 0.4798611111111111 0.06197916666666667 0.09791666666666667
2 0.628125 0.16805555555555557 0.05625 0.09791666666666667
1 0.5791666666666667 0.04791666666666667 0.03333333333333333 0.04583333333333333
1 0.4869791666666667 0.40069444444444446 0.05520833333333333 0.11597222222222223
1 0.38177083333333334 0.8520833333333333 0.09375 0.22777777777777777
1 0.40520833333333334 0.6465277777777778 0.07083333333333333 0.15555555555555556
2 0.4166666666666667 0.46875 0.06770833333333333 0.16875
1 0.4234375 0.35555555555555557 0.04791666666666667 0.0763888888888889
1 0.434375 0.29444444444444445 0.0484375 0.07708333333333334
1 0.43854166666666666 0.22013888888888888 0.04010416666666667 0.06666666666666667
1 0.4348958333333333 0.16597222222222222 0.03125 0.05555555555555555
1 0.43385416666666665 0.11527777777777778 0.034895833333333334 0.059027777777777776
1 0.4276041666666667 0.02013888888888889 0.026041666666666668 0.04027777777777778