1 0.35 0.7263888888888889 0.06666666666666667 0.05555555555555555
1 0.4859375 0.7048611111111112 0.06041666666666667 0.05486111111111111
1 0.48854166666666665 0.6645833333333333 0.057291666666666664 0.050694444444444445
1 0.6973958333333333 0.5923611111111111 0.044270833333333336 0.034027777777777775
1 0.7484375 0.5319444444444444 0.033854166666666664 0.02638888888888889
1 0.7838541666666666 0.48333333333333334 0.027604166666666666 0.022222222222222223
1 0.8541666666666666 0.4861111111111111 0.027604166666666666 0.021527777777777778
3 0.9229166666666667 0.45416666666666666 0.021875 0.022222222222222223
1 0.9875 0.4083333333333333 0.025 0.0125
2 0.9828125 0.3854166666666667 0.027083333333333334 0.014583333333333334
1 0.7989583333333333 0.3888888888888889 0.0109375 0.011805555555555555
3 0.018229166666666668 0.45625 0.01875 0.03194444444444444
1 0.057291666666666664 0.3840277777777778 0.025 0.010416666666666666
1 0.05260416666666667 0.3375 0.011979166666666667 0.00625
3 0.0421875 0.3326388888888889 0.005208333333333333 0.007638888888888889
1 0.0067708333333333336 0.36319444444444443 0.013541666666666667 0.009722222222222222
1 0.008333333333333333 0.36041666666666666 0.016666666666666666 0.008333333333333333
2 0.0125 0.3486111111111111 0.01875 0.011111111111111112
1 0.016145833333333335 0.34652777777777777 0.01875 0.008333333333333333
1 0.019270833333333334 0.33611111111111114 0.016145833333333335 0.006944444444444444