1 0.7442708333333333 0.9381944444444444 0.08229166666666667 0.12361111111111112
1 0.728125 0.7173611111111111 0.08333333333333333 0.21597222222222223
1 0.696875 0.4777777777777778 0.06197916666666667 0.15625
1 0.6802083333333333 0.31319444444444444 0.06510416666666667 0.15833333333333333
1 0.6666666666666666 0.14444444444444443 0.05625 0.12777777777777777
1 0.5609375 0.14097222222222222 0.0515625 0.13333333333333333
1 0.4515625 0.33402777777777776 0.06197916666666667 0.14027777777777778
1 0.45260416666666664 0.19166666666666668 0.05260416666666667 0.13541666666666666
1 0.43854166666666666 0.8277777777777777 0.06875 0.20069444444444445
3 0.5052083333333334 0.7625 0.0578125 0.1875
1 0.346875 0.8708333333333333 0.0734375 0.22569444444444445
1 0.028645833333333332 0.49236111111111114 0.05260416666666667 0.08194444444444444