1 0.06875 0.7763888888888889 0.12291666666666666 0.12083333333333333
1 0.30364583333333334 0.8194444444444444 0.10729166666666666 0.12291666666666666
1 0.2630208333333333 0.89375 0.10625 0.11875
1 0.17135416666666667 0.9395833333333333 0.1234375 0.12083333333333333
3 0.5338541666666666 0.5166666666666667 0.09427083333333333 0.075
1 0.5260416666666666 0.36319444444444443 0.0609375 0.03680555555555556
1 0.6005208333333333 0.24166666666666667 0.050520833333333334 0.03263888888888889
1 0.7020833333333333 0.3333333333333333 0.06041666666666667 0.041666666666666664
1 0.6598958333333333 0.3784722222222222 0.07291666666666667 0.04791666666666667
1 0.5713541666666667 0.49375 0.07864583333333333 0.05694444444444444
1 0.5848958333333333 0.45625 0.07291666666666667 0.04652777777777778
1 0.6119791666666666 0.4284722222222222 0.065625 0.05416666666666667
1 0.746875 0.28125 0.05625 0.03958333333333333
1 0.7578125 0.27152777777777776 0.057291666666666664 0.03680555555555556
1 0.8020833333333334 0.21944444444444444 0.049479166666666664 0.02847222222222222
1 0.8177083333333334 0.2 0.0453125 0.025694444444444443
1 0.8260416666666667 0.19166666666666668 0.0453125 0.025694444444444443
1 0.8354166666666667 0.18263888888888888 0.0453125 0.025694444444444443
1 0.8380208333333333 0.16944444444444445 0.04583333333333333 0.025694444444444443
1 0.8520833333333333 0.16597222222222222 0.0453125 0.025694444444444443
1 0.8541666666666666 0.15625 0.0453125 0.025694444444444443
2 0.8776041666666666 0.13472222222222222 0.0546875 0.034027777777777775
1 0.8848958333333333 0.12291666666666666 0.036458333333333336 0.022222222222222223
1 0.8880208333333334 0.11180555555555556 0.0328125 0.019444444444444445
1 0.8453125 0.06944444444444445 0.025520833333333333 0.02013888888888889
1 0.91875 0.08194444444444444 0.03229166666666667 0.016666666666666666
1 0.8744791666666667 0.06111111111111111 0.025 0.015277777777777777
1 0.9036458333333334 0.029861111111111113 0.0171875 0.015277777777777777
1 0.9078125 0.018055555555555554 0.019270833333333334 0.011805555555555555
1 0.9197916666666667 0.01597222222222222 0.019270833333333334 0.011805555555555555
1 0.9255208333333333 0.014583333333333334 0.019270833333333334 0.011805555555555555