1 0.28125 0.9104166666666667 0.019791666666666666 0.09791666666666667
1 0.6052083333333333 0.9520833333333333 0.049479166666666664 0.058333333333333334
1 0.5973958333333333 0.9020833333333333 0.0484375 0.05347222222222222
3 0.5869791666666667 0.8534722222222222 0.05 0.05486111111111111
1 0.5791666666666667 0.7583333333333333 0.036458333333333336 0.04722222222222222
1 0.5630208333333333 0.7166666666666667 0.04791666666666667 0.050694444444444445
1 0.5427083333333333 0.6305555555555555 0.04635416666666667 0.050694444444444445
1 0.5270833333333333 0.5458333333333333 0.03854166666666667 0.04791666666666667
1 0.5348958333333333 0.5881944444444445 0.042708333333333334 0.049305555555555554
1 0.6125 0.5590277777777778 0.03229166666666667 0.07708333333333334
1 0.6505208333333333 0.7034722222222223 0.029166666666666667 0.075
0 0.61875 0.7055555555555556 0.04010416666666667 0.11180555555555556
3 0.6583333333333333 0.8715277777777778 0.03125 0.09166666666666666
1 0.7244791666666667 0.9798611111111111 0.025520833333333333 0.03819444444444445
1 0.7067708333333333 0.8840277777777777 0.03229166666666667 0.07222222222222222
1 0.75625 0.7513888888888889 0.036458333333333336 0.08611111111111111
1 0.70625 0.4173611111111111 0.030729166666666665 0.07083333333333333
3 0.5848958333333333 0.44722222222222224 0.027083333333333334 0.06736111111111111
1 0.5458333333333333 0.42986111111111114 0.0265625 0.06597222222222222
1 0.5114583333333333 0.27291666666666664 0.025520833333333333 0.06597222222222222
3 0.5552083333333333 0.3416666666666667 0.0265625 0.06111111111111111
2 0.5234375 0.21388888888888888 0.028645833333333332 0.07222222222222222
3 0.6166666666666667 0.12569444444444444 0.022916666666666665 0.058333333333333334
3 0.5677083333333334 0.15763888888888888 0.025520833333333333 0.06319444444444444
2 0.49635416666666665 0.3715277777777778 0.04010416666666667 0.13194444444444445
2 0.4640625 0.3729166666666667 0.03854166666666667 0.1597222222222222
2 0.42604166666666665 0.35138888888888886 0.04635416666666667 0.1798611111111111
2 0.4427083333333333 0.2298611111111111 0.03854166666666667 0.13194444444444445
2 0.46979166666666666 0.12708333333333333 0.0515625 0.15763888888888888
3 0.4869791666666667 0.08402777777777778 0.027604166666666666 0.06319444444444444
1 0.4375 0.14930555555555555 0.017708333333333333 0.0625
1 0.4234375 0.09166666666666666 0.028645833333333332 0.06597222222222222