3 0.23385416666666667 0.8416666666666667 0.11354166666666667 0.11041666666666666
3 0.290625 0.6201388888888889 0.11145833333333334 0.09930555555555555
1 0.33489583333333334 0.5263888888888889 0.11666666666666667 0.09305555555555556
3 0.34791666666666665 0.44027777777777777 0.09270833333333334 0.08194444444444444
1 0.7286458333333333 0.10208333333333333 0.10572916666666667 0.08263888888888889
3 0.5979166666666667 0.13333333333333333 0.1 0.10069444444444445
1 0.5677083333333334 0.8472222222222222 0.07083333333333333 0.16319444444444445
1 0.4765625 0.20347222222222222 0.07447916666666667 0.075
1 0.43333333333333335 0.025694444444444443 0.10416666666666667 0.05138888888888889
1 0.8401041666666667 0.04027777777777778 0.08645833333333333 0.08055555555555556
3 0.9661458333333334 0.28958333333333336 0.06770833333333333 0.06527777777777778
3 0.19166666666666668 0.9597222222222223 0.1359375 0.0798611111111111
3 0.04583333333333333 0.43819444444444444 0.09166666666666666 0.09027777777777778
1 0.3541666666666667 0.9638888888888889 0.1140625 0.07222222222222222