1 0.43645833333333334 0.7958333333333333 0.0421875 0.09097222222222222
1 0.478125 0.5916666666666667 0.04583333333333333 0.03958333333333333
1 0.4505208333333333 0.5493055555555556 0.042708333333333334 0.034027777777777775
1 0.43333333333333335 0.5034722222222222 0.03958333333333333 0.03611111111111111
3 0.446875 0.44930555555555557 0.033854166666666664 0.03125
3 0.50625 0.5020833333333333 0.034895833333333334 0.03819444444444445
3 0.49166666666666664 0.33611111111111114 0.026041666666666668 0.027777777777777776
1 0.51875 0.31875 0.03125 0.02847222222222222
1 0.5229166666666667 0.35 0.033854166666666664 0.02847222222222222
3 0.6041666666666666 0.3194444444444444 0.015625 0.03611111111111111
2 0.6270833333333333 0.2833333333333333 0.0359375 0.049305555555555554
2 0.5630208333333333 0.29097222222222224 0.028125 0.02847222222222222
3 0.6390625 0.08194444444444444 0.008854166666666666 0.02013888888888889
1 0.6630208333333333 0.175 0.011458333333333333 0.024305555555555556
1 0.6541666666666667 0.08472222222222223 0.009895833333333333 0.01597222222222222
1 0.6510416666666666 0.07013888888888889 0.008854166666666666 0.01597222222222222
1 0.6395833333333333 0.01597222222222222 0.0109375 0.011805555555555555
3 0.6546875 0.013194444444444444 0.0067708333333333336 0.011111111111111112
1 0.7130208333333333 0.014583333333333334 0.016145833333333335 0.011111111111111112
1 0.7109375 0.008333333333333333 0.014583333333333334 0.009027777777777777
1 0.7359375 0.06180555555555556 0.008854166666666666 0.017361111111111112
1 0.7572916666666667 0.06944444444444445 0.01875 0.011805555555555555
1 0.7614583333333333 0.07222222222222222 0.016145833333333335 0.013194444444444444
3 0.7625 0.08472222222222223 0.018229166666666668 0.016666666666666666
1 0.7697916666666667 0.10555555555555556 0.021354166666666667 0.017361111111111112
1 0.7979166666666667 0.1111111111111111 0.020833333333333332 0.013194444444444444
1 0.7802083333333333 0.1451388888888889 0.0234375 0.01597222222222222
1 0.7901041666666667 0.16458333333333333 0.022916666666666665 0.017361111111111112
2 0.7796875 0.6951388888888889 0.05416666666666667 0.1388888888888889