1 0.43854166666666666 0.2798611111111111 0.008854166666666666 0.00625
3 0.45 0.28888888888888886 0.010416666666666666 0.006944444444444444
1 0.453125 0.2916666666666667 0.0125 0.006944444444444444
3 0.4734375 0.2861111111111111 0.009375 0.007638888888888889
3 0.47291666666666665 0.28888888888888886 0.010416666666666666 0.00625
1 0.48072916666666665 0.29305555555555557 0.010416666666666666 0.008333333333333333
3 0.49322916666666666 0.2916666666666667 0.009895833333333333 0.008333333333333333
1 0.49322916666666666 0.3020833333333333 0.010416666666666666 0.00625
1 0.49583333333333335 0.3055555555555556 0.010416666666666666 0.006944444444444444
1 0.5010416666666667 0.3076388888888889 0.011979166666666667 0.008333333333333333
1 0.5041666666666667 0.3111111111111111 0.014583333333333334 0.008333333333333333
1 0.5088541666666667 0.31527777777777777 0.014583333333333334 0.008333333333333333
1 0.5234375 0.31666666666666665 0.0078125 0.008333333333333333
3 0.5052083333333334 0.31875 0.0140625 0.009722222222222222
3 0.4786458333333333 0.30486111111111114 0.011458333333333333 0.008333333333333333
1 0.48020833333333335 0.33125 0.011458333333333333 0.009722222222222222
1 0.5171875 0.32916666666666666 0.0171875 0.008333333333333333
1 0.5197916666666667 0.3326388888888889 0.016145833333333335 0.008333333333333333
1 0.5197916666666667 0.3347222222222222 0.015625 0.008333333333333333
1 0.5208333333333334 0.34097222222222223 0.018229166666666668 0.010416666666666666
3 0.40520833333333334 0.2916666666666667 0.005208333333333333 0.006944444444444444
1 0.4114583333333333 0.3013888888888889 0.00625 0.008333333333333333
1 0.3854166666666667 0.32083333333333336 0.007291666666666667 0.009027777777777777
1 0.3880208333333333 0.33541666666666664 0.010416666666666666 0.009027777777777777
1 0.5244791666666667 0.34652777777777777 0.017708333333333333 0.009027777777777777
1 0.5276041666666667 0.3527777777777778 0.019270833333333334 0.010416666666666666
1 0.5359375 0.37222222222222223 0.022916666666666665 0.0125
1 0.5416666666666666 0.38472222222222224 0.0234375 0.0125
1 0.546875 0.39652777777777776 0.024479166666666666 0.0125
1 0.5489583333333333 0.4013888888888889 0.026041666666666668 0.015277777777777777
1 0.5677083333333334 0.45069444444444445 0.030729166666666665 0.01597222222222222
1 0.5765625 0.4618055555555556 0.033854166666666664 0.01875
1 0.5869791666666667 0.48333333333333334 0.036458333333333336 0.020833333333333332
1 0.5130208333333334 0.37916666666666665 0.011458333333333333 0.018055555555555554
1 0.49895833333333334 0.48125 0.034375 0.02361111111111111
1 0.49895833333333334 0.46597222222222223 0.034895833333333334 0.01875
1 0.49583333333333335 0.4465277777777778 0.03177083333333333 0.018055555555555554
1 0.4942708333333333 0.41875 0.030208333333333334 0.015277777777777777
1 0.49322916666666666 0.4083333333333333 0.026041666666666668 0.01597222222222222
1 0.4895833333333333 0.3972222222222222 0.025 0.013194444444444444
1 0.4869791666666667 0.38333333333333336 0.022395833333333334 0.011805555555555555
1 0.4875 0.3736111111111111 0.021354166666666667 0.011111111111111112
2 0.26614583333333336 0.3375 0.016145833333333335 0.011805555555555555
1 0.3625 0.3451388888888889 0.008854166666666666 0.010416666666666666
2 0.33229166666666665 0.3770833333333333 0.0296875 0.04097222222222222
1 0.22447916666666667 0.5090277777777777 0.027083333333333334 0.025694444444444443
2 0.1203125 0.5520833333333334 0.057291666666666664 0.04236111111111111
2 0.17760416666666667 0.5527777777777778 0.04583333333333333 0.05694444444444444
2 0.0609375 0.73125 0.103125 0.10902777777777778
1 0.11770833333333333 0.8986111111111111 0.08125 0.10694444444444444
1 0.16979166666666667 0.7965277777777777 0.058333333333333334 0.0763888888888889
1 0.2125 0.7145833333333333 0.051041666666666666 0.059027777777777776
1 0.434375 0.5284722222222222 0.04114583333333333 0.022916666666666665
1 0.38958333333333334 0.6111111111111112 0.04895833333333333 0.030555555555555555
1 0.9796875 0.6048611111111111 0.040625 0.034722222222222224
1 0.9390625 0.6 0.042708333333333334 0.03680555555555556
1 0.8859375 0.5701388888888889 0.024479166666666666 0.029861111111111113
1 0.8442708333333333 0.5659722222222222 0.026041666666666668 0.03263888888888889
1 0.8145833333333333 0.5680555555555555 0.0296875 0.034027777777777775
1 0.7010416666666667 0.6034722222222222 0.03958333333333333 0.04236111111111111
1 0.7796875 0.5472222222222223 0.029166666666666667 0.02847222222222222
1 0.7510416666666667 0.5388888888888889 0.03333333333333333 0.02638888888888889
3 0.721875 0.5298611111111111 0.033854166666666664 0.03263888888888889
1 0.6661458333333333 0.5111111111111111 0.027083333333333334 0.027083333333333334
1 0.64375 0.5034722222222222 0.027083333333333334 0.024305555555555556