1 0.6364583333333333 0.91875 0.06041666666666667 0.10694444444444444
1 0.5979166666666667 0.6576388888888889 0.046875 0.05347222222222222
3 0.5479166666666667 0.6368055555555555 0.0421875 0.06944444444444445
1 0.5859375 0.5986111111111111 0.026041666666666668 0.06666666666666667
1 0.6296875 0.5604166666666667 0.03802083333333333 0.05555555555555555
1 0.7260416666666667 0.4597222222222222 0.03177083333333333 0.04513888888888889
3 0.7572916666666667 0.42777777777777776 0.026041666666666668 0.035416666666666666
1 0.7869791666666667 0.3972222222222222 0.0265625 0.03611111111111111
0 0.9177083333333333 0.40347222222222223 0.05572916666666667 0.08888888888888889
0 0.9630208333333333 0.3458333333333333 0.042708333333333334 0.07430555555555556
3 0.953125 0.24791666666666667 0.015104166666666667 0.03611111111111111
1 0.9588541666666667 0.20555555555555555 0.024479166666666666 0.017361111111111112
1 0.9697916666666667 0.1909722222222222 0.028645833333333332 0.014583333333333334
1 0.9890625 0.1638888888888889 0.019791666666666666 0.022222222222222223