1 0.7729166666666667 0.5694444444444444 0.019270833333333334 0.034027777777777775
1 0.7515625 0.5166666666666667 0.01875 0.03333333333333333
3 0.7244791666666667 0.4444444444444444 0.013020833333333334 0.025694444444444443
3 0.7161458333333334 0.41875 0.013020833333333334 0.025
1 0.7005208333333334 0.18194444444444444 0.0125 0.016666666666666666
0 0.65 0.04861111111111111 0.019270833333333334 0.03263888888888889
0 0.6630208333333333 0.0763888888888889 0.01875 0.03263888888888889
1 0.9692708333333333 0.9027777777777778 0.035416666666666666 0.06319444444444444
1 0.9895833333333334 0.6576388888888889 0.0203125 0.03611111111111111
1 0.9614583333333333 0.5986111111111111 0.020833333333333332 0.025
1 0.9447916666666667 0.5666666666666667 0.0234375 0.029861111111111113
1 0.9255208333333333 0.5333333333333333 0.021875 0.02638888888888889
1 0.8947916666666667 0.4756944444444444 0.01875 0.025
1 0.8973958333333333 0.43333333333333335 0.01875 0.02361111111111111
1 0.8734375 0.43472222222222223 0.01875 0.02361111111111111
1 0.8854166666666666 0.4027777777777778 0.01875 0.025
1 0.8213541666666667 0.33819444444444446 0.015104166666666667 0.01875
1 0.809375 0.3173611111111111 0.015625 0.01875
1 0.7973958333333333 0.2951388888888889 0.015104166666666667 0.018055555555555554
1 0.7880208333333333 0.27569444444444446 0.013541666666666667 0.015277777777777777
1 0.778125 0.25763888888888886 0.013541666666666667 0.015277777777777777
1 0.7703125 0.2423611111111111 0.0125 0.014583333333333334
1 0.7625 0.22777777777777777 0.013020833333333334 0.01597222222222222
1 0.753125 0.2111111111111111 0.011979166666666667 0.014583333333333334
1 0.7458333333333333 0.19791666666666666 0.009375 0.011111111111111112
1 0.7385416666666667 0.18472222222222223 0.010416666666666666 0.013888888888888888
1 0.73125 0.16944444444444445 0.0109375 0.0125
1 0.7239583333333334 0.15694444444444444 0.0109375 0.013194444444444444
1 0.7494791666666667 0.18541666666666667 0.011458333333333333 0.015277777777777777
1 0.7666666666666667 0.4236111111111111 0.01875 0.035416666666666666