0 0.0515625 0.2673611111111111 0.050520833333333334 0.12083333333333333
3 0.10729166666666666 0.0798611111111111 0.022395833333333334 0.03819444444444445
0 0.19010416666666666 0.11666666666666667 0.04375 0.11944444444444445
0 0.1328125 0.3701388888888889 0.041666666666666664 0.13819444444444445
2 0.2140625 0.34305555555555556 0.025 0.07013888888888889
3 0.2109375 0.4756944444444444 0.019791666666666666 0.05347222222222222
3 0.3385416666666667 0.49166666666666664 0.015625 0.05486111111111111
3 0.3177083333333333 0.05138888888888889 0.016666666666666666 0.03958333333333333
3 0.3614583333333333 0.20694444444444443 0.0140625 0.04583333333333333
3 0.3890625 0.23402777777777778 0.013020833333333334 0.052083333333333336
0 0.18229166666666666 0.7173611111111111 0.025 0.1
0 0.050520833333333334 0.9722222222222222 0.065625 0.05347222222222222
1 0.40208333333333335 0.9166666666666666 0.041666666666666664 0.044444444444444446
1 0.2515625 0.7902777777777777 0.016666666666666666 0.058333333333333334
3 0.3072916666666667 0.8569444444444444 0.044270833333333336 0.04583333333333333
1 0.5401041666666667 0.7472222222222222 0.04010416666666667 0.03819444444444445
1 0.6869791666666667 0.6861111111111111 0.0390625 0.03680555555555556
3 0.5682291666666667 0.8402777777777778 0.040625 0.04583333333333333
1 0.8276041666666667 0.7076388888888889 0.041666666666666664 0.041666666666666664
1 0.8244791666666667 0.6222222222222222 0.03697916666666667 0.034027777777777775
0 0.8666666666666667 0.6472222222222223 0.05625 0.05555555555555555
3 0.9083333333333333 0.5631944444444444 0.03697916666666667 0.050694444444444445
3 0.9515625 0.4222222222222222 0.019791666666666666 0.052083333333333336
2 0.8791666666666667 0.4041666666666667 0.03697916666666667 0.07222222222222222
1 0.9234375 0.27708333333333335 0.022916666666666665 0.049305555555555554
3 0.9098958333333333 0.20416666666666666 0.025520833333333333 0.04791666666666667
1 0.7166666666666667 0.09930555555555555 0.0171875 0.04027777777777778
1 0.5166666666666667 0.5020833333333333 0.017708333333333333 0.05486111111111111
3 0.5416666666666666 0.6284722222222222 0.017708333333333333 0.05486111111111111
1 0.4791666666666667 0.4597222222222222 0.0171875 0.05347222222222222
0 0.5291666666666667 0.39861111111111114 0.0265625 0.08888888888888889
0 0.49947916666666664 0.044444444444444446 0.025520833333333333 0.08888888888888889
0 0.59375 0.04583333333333333 0.036458333333333336 0.09166666666666666