2 0.0765625 0.9625 0.15 0.075
1 0.7328125 0.28888888888888886 0.022916666666666665 0.017361111111111112
1 0.7447916666666666 0.2923611111111111 0.017708333333333333 0.013194444444444444
1 0.7583333333333333 0.29375 0.0234375 0.014583333333333334
1 0.7333333333333333 0.30972222222222223 0.021354166666666667 0.01875
1 0.7770833333333333 0.2951388888888889 0.021354166666666667 0.015277777777777777
1 0.7916666666666666 0.2965277777777778 0.0234375 0.01597222222222222
1 0.809375 0.30069444444444443 0.021354166666666667 0.015277777777777777
1 0.8276041666666667 0.30416666666666664 0.024479166666666666 0.01597222222222222
1 0.85625 0.3055555555555556 0.027604166666666666 0.015277777777777777
1 0.684375 0.5159722222222223 0.04739583333333333 0.04097222222222222
3 0.6088541666666667 0.5493055555555556 0.05625 0.06458333333333334
1 0.5026041666666666 0.65 0.07552083333333333 0.075
1 0.5473958333333333 0.38958333333333334 0.022916666666666665 0.02638888888888889
1 0.43125 0.47291666666666665 0.05364583333333333 0.03680555555555556
1 0.5692708333333333 0.4340277777777778 0.0328125 0.03819444444444445
1 0.6494791666666667 0.4666666666666667 0.05 0.03819444444444445
1 0.4203125 0.7277777777777777 0.0921875 0.0875