1 0.5354166666666667 0.5763888888888888 0.017708333333333333 0.07083333333333333
1 0.4984375 0.3840277777777778 0.015625 0.05694444444444444
1 0.4296875 0.22430555555555556 0.0109375 0.03333333333333333
1 0.5166666666666667 0.1423611111111111 0.0140625 0.03819444444444445
1 0.5072916666666667 0.08333333333333333 0.013541666666666667 0.034027777777777775
1 0.4869791666666667 0.07916666666666666 0.013020833333333334 0.034027777777777775
1 0.48854166666666665 0.04652777777777778 0.009895833333333333 0.02638888888888889
1 0.4875 0.014583333333333334 0.013541666666666667 0.02638888888888889
1 0.46197916666666666 0.014583333333333334 0.011458333333333333 0.02638888888888889
3 0.45208333333333334 0.32430555555555557 0.015625 0.049305555555555554
3 0.5427083333333333 0.7284722222222222 0.0265625 0.10694444444444444
3 0.49375 0.7965277777777777 0.025 0.1076388888888889
3 0.4015625 0.6263888888888889 0.019791666666666666 0.075
1 0.5921875 0.9826388888888888 0.027083333333333334 0.03194444444444444
1 0.5302083333333333 0.07361111111111111 0.0109375 0.03333333333333333
1 0.30833333333333335 0.12222222222222222 0.03125 0.021527777777777778
0 0.8098958333333334 0.3951388888888889 0.11666666666666667 0.07222222222222222