0 0.340625 0.19375 0.058333333333333334 0.11805555555555555
0 0.39947916666666666 0.04236111111111111 0.030208333333333334 0.08472222222222223
0 0.15 0.18125 0.05416666666666667 0.06875
1 0.09166666666666666 0.6666666666666666 0.0515625 0.06736111111111111
1 0.2375 0.4479166666666667 0.040625 0.050694444444444445
1 0.23020833333333332 0.6076388888888888 0.0484375 0.07847222222222222
1 0.3375 0.2791666666666667 0.027604166666666666 0.043055555555555555
1 0.40208333333333335 0.2298611111111111 0.022916666666666665 0.035416666666666666
1 0.13125 0.6881944444444444 0.04739583333333333 0.0798611111111111
1 0.41302083333333334 0.48125 0.017708333333333333 0.04583333333333333
1 0.4921875 0.48819444444444443 0.0171875 0.052083333333333336
1 0.5151041666666667 0.2076388888888889 0.015104166666666667 0.03680555555555556
1 0.5322916666666667 0.08472222222222223 0.011458333333333333 0.030555555555555555
1 0.44583333333333336 0.1125 0.015625 0.034027777777777775
1 0.45677083333333335 0.04791666666666667 0.015104166666666667 0.034027777777777775
1 0.39479166666666665 0.15208333333333332 0.019791666666666666 0.030555555555555555
1 0.6552083333333333 0.1125 0.0140625 0.024305555555555556
3 0.41458333333333336 0.08472222222222223 0.015104166666666667 0.034027777777777775
1 0.18854166666666666 0.24305555555555555 0.034375 0.02638888888888889
1 0.024479166666666666 0.09791666666666667 0.024479166666666666 0.027777777777777776
1 0.026041666666666668 0.4826388888888889 0.03802083333333333 0.05694444444444444
1 0.019791666666666666 0.4652777777777778 0.03958333333333333 0.06388888888888888
2 0.07239583333333334 0.41388888888888886 0.07291666666666667 0.07847222222222222
2 0.04635416666666667 0.3958333333333333 0.0671875 0.0763888888888889
2 0.033854166666666664 0.38125 0.06197916666666667 0.07013888888888889
2 0.017708333333333333 0.34930555555555554 0.035416666666666666 0.059722222222222225
2 0.1890625 0.34375 0.042708333333333334 0.06597222222222222
2 0.18125 0.32916666666666666 0.04010416666666667 0.059722222222222225
2 0.16979166666666667 0.32013888888888886 0.03854166666666667 0.06597222222222222
2 0.15625 0.3090277777777778 0.044270833333333336 0.06458333333333334
2 0.1375 0.3013888888888889 0.04791666666666667 0.075
2 0.12760416666666666 0.29375 0.05260416666666667 0.07222222222222222
2 0.10260416666666666 0.2743055555555556 0.0484375 0.06597222222222222
3 0.06302083333333333 0.22847222222222222 0.03125 0.04027777777777778
1 0.042708333333333334 0.20694444444444443 0.030729166666666665 0.03819444444444445
1 0.06666666666666667 0.08472222222222223 0.021354166666666667 0.02013888888888889
1 0.0609375 0.0763888888888889 0.025520833333333333 0.018055555555555554
1 0.09583333333333334 0.1111111111111111 0.022916666666666665 0.02638888888888889
1 0.10833333333333334 0.10277777777777777 0.017708333333333333 0.025694444444444443
1 0.1265625 0.09513888888888888 0.020833333333333332 0.022916666666666665
1 0.14895833333333333 0.1284722222222222 0.0265625 0.022916666666666665
1 0.12291666666666666 0.08819444444444445 0.025520833333333333 0.021527777777777778
1 0.11510416666666666 0.08333333333333333 0.0234375 0.024305555555555556
1 0.11510416666666666 0.059027777777777776 0.019791666666666666 0.021527777777777778
1 0.13541666666666666 0.05 0.022395833333333334 0.021527777777777778
1 0.15729166666666666 0.021527777777777778 0.019791666666666666 0.022916666666666665
1 0.12916666666666668 0.043055555555555555 0.01875 0.018055555555555554
1 0.15104166666666666 0.018055555555555554 0.020833333333333332 0.024305555555555556
1 0.10833333333333334 0.05416666666666667 0.020833333333333332 0.024305555555555556
1 0.10208333333333333 0.05138888888888889 0.01875 0.024305555555555556
1 0.09479166666666666 0.049305555555555554 0.021354166666666667 0.022916666666666665
1 0.6885416666666667 0.04652777777777778 0.019791666666666666 0.021527777777777778
1 0.6973958333333333 0.03958333333333333 0.0234375 0.025694444444444443
1 0.6833333333333333 0.05277777777777778 0.025 0.021527777777777778
1 0.8390625 0.041666666666666664 0.0265625 0.018055555555555554
1 0.8125 0.043055555555555555 0.0265625 0.022916666666666665
1 0.8098958333333334 0.034722222222222224 0.01875 0.016666666666666666
1 0.8291666666666667 0.02847222222222222 0.019270833333333334 0.016666666666666666
1 0.8255208333333334 0.024305555555555556 0.017708333333333333 0.015277777777777777
1 0.81875 0.013888888888888888 0.020833333333333332 0.018055555555555554
1 0.796875 0.01597222222222222 0.019270833333333334 0.016666666666666666
1 0.7348958333333333 0.03958333333333333 0.0234375 0.02013888888888889
1 0.71875 0.017361111111111112 0.019270833333333334 0.024305555555555556
1 0.7234375 0.010416666666666666 0.0171875 0.02013888888888889
1 0.746875 0.011111111111111112 0.017708333333333333 0.021527777777777778
3 0.3609375 0.1125 0.015104166666666667 0.03680555555555556
1 0.36302083333333335 0.08680555555555555 0.011458333333333333 0.024305555555555556
1 0.36666666666666664 0.06041666666666667 0.013020833333333334 0.02638888888888889
1 0.35625 0.03680555555555556 0.0109375 0.018055555555555554
1 0.2635416666666667 0.04027777777777778 0.011458333333333333 0.018055555555555554
1 0.265625 0.030555555555555555 0.0140625 0.027777777777777776
1 0.5828125 0.01875 0.019791666666666666 0.025694444444444443