2 0.4109375 0.7520833333333333 0.07447916666666667 0.25555555555555554
1 0.68125 0.6979166666666666 0.07604166666666666 0.11666666666666667
2 0.6208333333333333 0.47291666666666665 0.053125 0.0625
3 0.5848958333333333 0.4395833333333333 0.034895833333333334 0.05555555555555555
2 0.4921875 0.5520833333333334 0.049479166666666664 0.10833333333333334
1 0.5229166666666667 0.39791666666666664 0.029166666666666667 0.041666666666666664
2 0.5416666666666666 0.3423611111111111 0.028645833333333332 0.041666666666666664
1 0.5026041666666666 0.3472222222222222 0.026041666666666668 0.03819444444444445
3 0.4354166666666667 0.35347222222222224 0.0578125 0.04027777777777778
2 0.4421875 0.29930555555555555 0.0453125 0.02847222222222222
1 0.41875 0.27708333333333335 0.019270833333333334 0.027777777777777776
1 0.496875 0.25555555555555554 0.017708333333333333 0.022916666666666665
1 0.47552083333333334 0.23958333333333334 0.0140625 0.02013888888888889
1 0.4942708333333333 0.23194444444444445 0.015104166666666667 0.017361111111111112
1 0.45208333333333334 0.25069444444444444 0.015104166666666667 0.021527777777777778
3 0.4192708333333333 0.20277777777777778 0.0109375 0.020833333333333332
3 0.4166666666666667 0.18958333333333333 0.009375 0.019444444444444445
3 0.4119791666666667 0.1701388888888889 0.018229166666666668 0.013888888888888888
3 0.42239583333333336 0.17569444444444443 0.008333333333333333 0.014583333333333334
3 0.4041666666666667 0.16597222222222222 0.0171875 0.0125
1 0.39166666666666666 0.16041666666666668 0.019270833333333334 0.010416666666666666
1 0.37395833333333334 0.16666666666666666 0.019791666666666666 0.009722222222222222
1 0.44427083333333334 0.15763888888888888 0.013541666666666667 0.013888888888888888