1 0.48854166666666665 0.9625 0.075 0.075
3 0.15052083333333333 0.5666666666666667 0.036458333333333336 0.0763888888888889
1 0.35260416666666666 0.5854166666666667 0.050520833333333334 0.08402777777777778
1 0.7901041666666667 0.8555555555555555 0.057291666666666664 0.08888888888888889
1 0.7619791666666667 0.8277777777777777 0.058333333333333334 0.08541666666666667
1 0.7729166666666667 0.5722222222222222 0.06979166666666667 0.06597222222222222
1 0.6854166666666667 0.39652777777777776 0.059375 0.05694444444444444
0 0.63125 0.44930555555555557 0.12552083333333333 0.11041666666666666
3 0.503125 0.2902777777777778 0.0390625 0.06458333333333334
1 0.51875 0.24027777777777778 0.04635416666666667 0.06458333333333334
1 0.4276041666666667 0.23125 0.0390625 0.06388888888888888
1 0.45729166666666665 0.11597222222222223 0.03697916666666667 0.06388888888888888
1 0.42083333333333334 0.027777777777777776 0.035416666666666666 0.05555555555555555
1 0.2520833333333333 0.32569444444444445 0.04010416666666667 0.07222222222222222
2 0.175 0.11319444444444444 0.05260416666666667 0.10833333333333334
1 0.0171875 0.027777777777777776 0.023958333333333335 0.05555555555555555
3 0.029166666666666667 0.08888888888888889 0.03229166666666667 0.06458333333333334
3 0.041666666666666664 0.1597222222222222 0.04010416666666667 0.08194444444444444
3 0.07760416666666667 0.325 0.034895833333333334 0.07222222222222222
1 0.10052083333333334 0.3902777777777778 0.034895833333333334 0.06875
2 0.11510416666666666 0.4597222222222222 0.034895833333333334 0.07152777777777777