1 0.5197916666666667 0.11041666666666666 0.0390625 0.030555555555555555
1 0.5125 0.125 0.040625 0.03819444444444445
1 0.5213541666666667 0.18888888888888888 0.0484375 0.04027777777777778
1 0.5234375 0.22013888888888888 0.0484375 0.03680555555555556
1 0.5197916666666667 0.24305555555555555 0.0484375 0.03611111111111111
3 0.51875 0.16180555555555556 0.04739583333333333 0.04027777777777778
1 0.5223958333333333 0.29930555555555555 0.058333333333333334 0.03819444444444445
1 0.5255208333333333 0.3506944444444444 0.059895833333333336 0.03333333333333333
3 0.5260416666666666 0.38819444444444445 0.059375 0.03680555555555556
1 0.5270833333333333 0.4222222222222222 0.06302083333333333 0.03125
1 0.5276041666666667 0.5006944444444444 0.06770833333333333 0.04375
1 0.5255208333333333 0.5326388888888889 0.065625 0.04791666666666667
1 0.5296875 0.5770833333333333 0.06510416666666667 0.03819444444444445
1 0.5260416666666666 0.6180555555555556 0.0734375 0.04583333333333333
1 0.5302083333333333 0.6659722222222222 0.07447916666666667 0.052083333333333336
1 0.5234375 0.8013888888888889 0.08489583333333334 0.05416666666666667
1 0.5151041666666667 0.8513888888888889 0.08125 0.04791666666666667
1 0.5151041666666667 0.9111111111111111 0.08229166666666667 0.04791666666666667