1 0.5536458333333333 0.10972222222222222 0.0026041666666666665 0.003472222222222222
1 0.5567708333333333 0.11527777777777778 0.0036458333333333334 0.003472222222222222
1 0.5192708333333333 0.16597222222222222 0.005729166666666666 0.004861111111111111
1 0.5072916666666667 0.10972222222222222 0.0036458333333333334 0.003472222222222222
2 0.4859375 0.1451388888888889 0.004166666666666667 0.008333333333333333
2 0.5244791666666667 0.08541666666666667 0.0078125 0.013194444444444444
2 0.5614583333333333 0.10555555555555556 0.005729166666666666 0.009722222222222222
2 0.5473958333333333 0.125 0.005208333333333333 0.009722222222222222
1 0.5098958333333333 0.17916666666666667 0.005729166666666666 0.007638888888888889
1 0.8953125 0.6465277777777778 0.0421875 0.044444444444444446
1 0.9651041666666667 0.6673611111111111 0.050520833333333334 0.03333333333333333
3 0.8619791666666666 0.6993055555555555 0.0484375 0.03263888888888889
1 0.8354166666666667 0.6680555555555555 0.04375 0.03125
3 0.7333333333333333 0.5173611111111112 0.019791666666666666 0.03125
1 0.7463541666666667 0.5368055555555555 0.022916666666666665 0.029861111111111113
1 0.8130208333333333 0.6333333333333333 0.04479166666666667 0.030555555555555555
1 0.9177083333333333 0.7854166666666667 0.042708333333333334 0.058333333333333334
1 0.009895833333333333 0.5798611111111112 0.019791666666666666 0.03888888888888889
1 0.03125 0.5430555555555555 0.0328125 0.041666666666666664
1 0.13958333333333334 0.33611111111111114 0.013541666666666667 0.022916666666666665
1 0.12760416666666666 0.34930555555555554 0.017708333333333333 0.022916666666666665
3 0.22916666666666666 0.2708333333333333 0.016666666666666666 0.014583333333333334
1 0.1140625 0.3715277777777778 0.016666666666666666 0.022916666666666665
1 0.4192708333333333 0.31875 0.009895833333333333 0.02013888888888889
1 0.20260416666666667 0.28680555555555554 0.01875 0.014583333333333334
2 0.41510416666666666 0.42986111111111114 0.022395833333333334 0.07222222222222222
3 0.5640625 0.2465277777777778 0.0140625 0.0125
1 0.5973958333333333 0.31527777777777777 0.011458333333333333 0.015277777777777777
1 0.6088541666666667 0.3145833333333333 0.0109375 0.014583333333333334