1 0.1890625 0.5256944444444445 0.0375 0.024305555555555556
1 0.5416666666666666 0.575 0.05625 0.04027777777777778
1 0.4875 0.5548611111111111 0.050520833333333334 0.03125
2 0.4041666666666667 0.5354166666666667 0.058333333333333334 0.04375
1 0.3265625 0.5159722222222223 0.0390625 0.022222222222222223
2 0.3046875 0.4583333333333333 0.03125 0.02013888888888889
1 0.5791666666666667 0.5152777777777777 0.044270833333333336 0.022916666666666665
1 0.8333333333333334 0.4486111111111111 0.013541666666666667 0.02361111111111111
2 0.85625 0.4027777777777778 0.015104166666666667 0.018055555555555554
1 0.8557291666666667 0.3798611111111111 0.010416666666666666 0.008333333333333333
1 0.8552083333333333 0.37430555555555556 0.008333333333333333 0.008333333333333333
1 0.8390625 0.36666666666666664 0.00625 0.008333333333333333
1 0.840625 0.3597222222222222 0.0067708333333333336 0.008333333333333333
1 0.8520833333333333 0.3541666666666667 0.008333333333333333 0.007638888888888889
1 0.875 0.3527777777777778 0.011979166666666667 0.007638888888888889
1 0.9114583333333334 0.3506944444444444 0.019270833333333334 0.010416666666666666
1 0.8520833333333333 0.36180555555555555 0.0067708333333333336 0.00625
1 0.8520833333333333 0.36736111111111114 0.007291666666666667 0.007638888888888889
1 0.8421875 0.33958333333333335 0.004166666666666667 0.00625
1 0.8598958333333333 0.3402777777777778 0.0046875 0.006944444444444444
1 0.8317708333333333 0.3402777777777778 0.004166666666666667 0.006944444444444444
1 0.4822916666666667 0.34652777777777777 0.008854166666666666 0.006944444444444444