1 0.4640625 0.8770833333333333 0.04635416666666667 0.11180555555555556
1 0.3697916666666667 0.8090277777777778 0.034895833333333334 0.0798611111111111
1 0.5421875 0.9451388888888889 0.058333333333333334 0.10694444444444444
1 0.5041666666666667 0.6888888888888889 0.025 0.04791666666666667
1 0.4317708333333333 0.6222222222222222 0.03229166666666667 0.06736111111111111
1 0.37395833333333334 0.5694444444444444 0.0265625 0.0625
1 0.2546875 0.40902777777777777 0.0234375 0.04722222222222222
1 0.3359375 0.3423611111111111 0.022395833333333334 0.03819444444444445
1 0.31666666666666665 0.28888888888888886 0.019791666666666666 0.044444444444444446
1 0.29739583333333336 0.2972222222222222 0.017708333333333333 0.043055555555555555
1 0.2765625 0.2423611111111111 0.016666666666666666 0.025694444444444443
1 0.21770833333333334 0.21805555555555556 0.0140625 0.025694444444444443
2 0.20104166666666667 0.1423611111111111 0.017708333333333333 0.04027777777777778
1 0.25364583333333335 0.14583333333333334 0.013020833333333334 0.027777777777777776
1 0.23489583333333333 0.08125 0.0109375 0.022916666666666665
1 0.2078125 0.09375 0.013020833333333334 0.022916666666666665
1 0.19114583333333332 0.059722222222222225 0.0109375 0.018055555555555554
0 0.5213541666666667 0.5097222222222222 0.03697916666666667 0.11319444444444444
0 0.4890625 0.48541666666666666 0.036458333333333336 0.09027777777777778
0 0.41302083333333334 0.4722222222222222 0.03802083333333333 0.11666666666666667
0 0.4890625 0.4131944444444444 0.03854166666666667 0.09027777777777778
0 0.46145833333333336 0.4166666666666667 0.0359375 0.0875
0 0.4078125 0.38680555555555557 0.042708333333333334 0.08888888888888889
0 0.43697916666666664 0.3506944444444444 0.034895833333333334 0.0798611111111111
0 0.46145833333333336 0.3506944444444444 0.04010416666666667 0.075
0 0.4119791666666667 0.3020833333333333 0.036458333333333336 0.0763888888888889
0 0.4005208333333333 0.32083333333333336 0.030208333333333334 0.058333333333333334
0 0.36302083333333335 0.27152777777777776 0.021354166666666667 0.04027777777777778
0 0.37083333333333335 0.24930555555555556 0.01875 0.04722222222222222
3 0.38385416666666666 0.28541666666666665 0.013541666666666667 0.035416666666666666
2 0.40520833333333334 0.175 0.036458333333333336 0.03333333333333333
1 0.17239583333333333 0.08263888888888889 0.015625 0.015277777777777777
1 0.21302083333333333 0.3715277777777778 0.013541666666666667 0.02638888888888889
1 0.2171875 0.3993055555555556 0.015625 0.029166666666666667
1 0.22135416666666666 0.4284722222222222 0.0140625 0.029166666666666667
1 0.2265625 0.45694444444444443 0.013541666666666667 0.025694444444444443
3 0.2734375 0.9777777777777777 0.05416666666666667 0.041666666666666664
1 0.5177083333333333 0.7506944444444444 0.024479166666666666 0.059722222222222225
0 0.39375 0.2534722222222222 0.028645833333333332 0.06111111111111111