3 0.04375 0.26458333333333334 0.020833333333333332 0.04097222222222222
1 0.0578125 0.2638888888888889 0.0171875 0.03611111111111111
1 0.5385416666666667 0.10069444444444445 0.025520833333333333 0.01875
1 0.7177083333333333 0.20555555555555555 0.0171875 0.03819444444444445
1 0.7385416666666667 0.1763888888888889 0.013020833333333334 0.034027777777777775
1 0.7505208333333333 0.2125 0.025 0.025
2 0.7234375 0.26180555555555557 0.022916666666666665 0.041666666666666664
1 0.6927083333333334 0.3076388888888889 0.0171875 0.049305555555555554
1 0.8776041666666666 0.06527777777777778 0.0171875 0.035416666666666666
3 0.93125 0.011111111111111112 0.027083333333333334 0.022222222222222223
1 0.9322916666666666 0.027777777777777776 0.030208333333333334 0.022916666666666665
1 0.9333333333333333 0.049305555555555554 0.028645833333333332 0.022222222222222223
1 0.9572916666666667 0.17152777777777778 0.030208333333333334 0.020833333333333332
1 0.9609375 0.1875 0.029166666666666667 0.01875
1 0.9604166666666667 0.20833333333333334 0.029166666666666667 0.02013888888888889
1 0.965625 0.2263888888888889 0.030208333333333334 0.02013888888888889
2 0.7166666666666667 0.3951388888888889 0.0140625 0.041666666666666664
1 0.7317708333333334 0.4125 0.016666666666666666 0.03611111111111111
2 0.8427083333333333 0.425 0.10625 0.05694444444444444
2 0.68125 0.4736111111111111 0.07083333333333333 0.041666666666666664
1 0.7104166666666667 0.5055555555555555 0.027604166666666666 0.02361111111111111
1 0.4869791666666667 0.5145833333333333 0.0265625 0.020833333333333332
1 0.4666666666666667 0.4638888888888889 0.027083333333333334 0.020833333333333332
1 0.37916666666666665 0.4888888888888889 0.028645833333333332 0.01875
1 0.40989583333333335 0.4222222222222222 0.017708333333333333 0.03819444444444445
1 0.34375 0.4965277777777778 0.0265625 0.01875
1 0.22552083333333334 0.45208333333333334 0.025520833333333333 0.02638888888888889
1 0.2359375 0.5263888888888889 0.028645833333333332 0.022222222222222223
1 0.2677083333333333 0.5173611111111112 0.029166666666666667 0.022222222222222223