1 0.1703125 0.49236111111111114 0.019270833333333334 0.03263888888888889
1 0.18645833333333334 0.4888888888888889 0.015625 0.029861111111111113
1 0.20052083333333334 0.5013888888888889 0.011979166666666667 0.03125
1 0.21302083333333333 0.5097222222222222 0.013020833333333334 0.03333333333333333
1 0.23020833333333332 0.5208333333333334 0.013541666666666667 0.030555555555555555
1 0.2609375 0.5319444444444444 0.013541666666666667 0.03125
1 0.2755208333333333 0.5395833333333333 0.013541666666666667 0.03333333333333333
1 0.29010416666666666 0.5493055555555556 0.011458333333333333 0.025
1 0.30572916666666666 0.5458333333333333 0.015625 0.03263888888888889
1 0.3223958333333333 0.5520833333333334 0.013541666666666667 0.03263888888888889
1 0.36875 0.5736111111111111 0.027604166666666666 0.022916666666666665
1 0.36614583333333334 0.5513888888888889 0.027604166666666666 0.015277777777777777
1 0.3697916666666667 0.5298611111111111 0.0265625 0.01597222222222222
1 0.3927083333333333 0.5034722222222222 0.013541666666666667 0.03333333333333333
1 0.3859375 0.6270833333333333 0.011458333333333333 0.025694444444444443
1 0.384375 0.6673611111111111 0.011458333333333333 0.03263888888888889
1 0.42135416666666664 0.6680555555555555 0.013020833333333334 0.03888888888888889
1 0.38229166666666664 0.7159722222222222 0.011458333333333333 0.034027777777777775
1 0.3802083333333333 0.7652777777777777 0.011979166666666667 0.04097222222222222
1 0.3776041666666667 0.8173611111111111 0.013020833333333334 0.04027777777777778
1 0.37447916666666664 0.86875 0.0140625 0.041666666666666664
1 0.37083333333333335 0.9277777777777778 0.015104166666666667 0.04027777777777778
1 0.41875 0.9534722222222223 0.011979166666666667 0.04583333333333333
1 0.371875 0.9826388888888888 0.011979166666666667 0.034027777777777775
1 0.42135416666666664 0.7145833333333333 0.011458333333333333 0.03680555555555556
1 0.3958333333333333 0.44027777777777777 0.0109375 0.030555555555555555
1 0.3958333333333333 0.40069444444444446 0.013020833333333334 0.02847222222222222
1 0.396875 0.37083333333333335 0.0109375 0.027777777777777776
1 0.39947916666666666 0.3388888888888889 0.009895833333333333 0.027777777777777776
1 0.4010416666666667 0.3076388888888889 0.0109375 0.02638888888888889
1 0.403125 0.2798611111111111 0.009375 0.025694444444444443
1 0.403125 0.25416666666666665 0.009375 0.022916666666666665
1 0.40625 0.18888888888888888 0.0078125 0.022916666666666665
1 0.4046875 0.21875 0.009375 0.022222222222222223
1 0.40729166666666666 0.16041666666666668 0.009375 0.02361111111111111
1 0.4083333333333333 0.13541666666666666 0.008333333333333333 0.022916666666666665
1 0.40989583333333335 0.11041666666666666 0.008333333333333333 0.01875
2 0.4114583333333333 0.08611111111111111 0.009895833333333333 0.029861111111111113
1 0.26927083333333335 0.21736111111111112 0.013020833333333334 0.02847222222222222
1 0.2916666666666667 0.07361111111111111 0.009895833333333333 0.020833333333333332
3 0.4973958333333333 0.4576388888888889 0.019791666666666666 0.02361111111111111
1 0.4942708333333333 0.40069444444444446 0.009895833333333333 0.030555555555555555
1 0.49375 0.36875 0.009375 0.02847222222222222
1 0.5208333333333334 0.32083333333333336 0.009895833333333333 0.02638888888888889
1 0.49322916666666666 0.3236111111111111 0.0109375 0.027777777777777776
1 0.49375 0.29444444444444445 0.009895833333333333 0.02638888888888889
1 0.4942708333333333 0.2659722222222222 0.009895833333333333 0.025694444444444443
1 0.49322916666666666 0.24027777777777778 0.009375 0.02361111111111111
1 0.49270833333333336 0.20694444444444443 0.009375 0.025
3 0.75625 0.14305555555555555 0.0140625 0.022916666666666665
1 0.4942708333333333 0.8298611111111112 0.03125 0.018055555555555554
1 0.4640625 0.9145833333333333 0.030729166666666665 0.020833333333333332
1 0.4630208333333333 0.9645833333333333 0.029166666666666667 0.022222222222222223
1 0.4630208333333333 0.9895833333333334 0.028125 0.020833333333333332
1 0.61875 0.4486111111111111 0.0265625 0.013194444444444444
1 0.7609375 0.44513888888888886 0.024479166666666666 0.014583333333333334
1 0.6802083333333333 0.4465277777777778 0.028645833333333332 0.014583333333333334
3 0.7130208333333333 0.44722222222222224 0.029166666666666667 0.018055555555555554