1 0.7140625 0.8208333333333333 0.11927083333333334 0.2951388888888889
1 0.1984375 0.8583333333333333 0.21510416666666668 0.14097222222222222
1 0.25052083333333336 0.5479166666666667 0.16197916666666667 0.09444444444444444
1 0.5197916666666667 0.8770833333333333 0.10729166666666666 0.24583333333333332
1 0.2604166666666667 0.39652777777777776 0.140625 0.07361111111111111
1 0.27708333333333335 0.33055555555555555 0.12864583333333332 0.07430555555555556
1 0.2765625 0.275 0.11979166666666667 0.06597222222222222
1 0.2875 0.2263888888888889 0.09947916666666666 0.05347222222222222
1 0.2916666666666667 0.18263888888888888 0.09947916666666666 0.05555555555555555
1 0.29791666666666666 0.1451388888888889 0.10833333333333334 0.058333333333333334
1 0.48333333333333334 0.4576388888888889 0.075 0.1840277777777778
1 0.6723958333333333 0.3229166666666667 0.06875 0.14097222222222222