1 0.2713541666666667 0.875 0.22395833333333334 0.2465277777777778
1 0.28541666666666665 0.6770833333333334 0.15572916666666667 0.2263888888888889
1 0.4822916666666667 0.4861111111111111 0.06614583333333333 0.07222222222222222
3 0.6875 0.4048611111111111 0.0859375 0.05555555555555555
1 0.61875 0.24513888888888888 0.016666666666666666 0.01597222222222222
1 0.6401041666666667 0.23958333333333334 0.011979166666666667 0.01597222222222222
1 0.6192708333333333 0.225 0.021354166666666667 0.0125
1 0.6395833333333333 0.21805555555555556 0.0109375 0.0125
3 0.6640625 0.24513888888888888 0.011458333333333333 0.02013888888888889
1 0.6682291666666667 0.23333333333333334 0.009895833333333333 0.011111111111111112
1 0.6708333333333333 0.22916666666666666 0.010416666666666666 0.011805555555555555
1 0.66875 0.22430555555555556 0.011458333333333333 0.009722222222222222