1 0.059375 0.4097222222222222 0.05416666666666667 0.04097222222222222
1 0.11875 0.44305555555555554 0.05 0.04583333333333333
1 0.13177083333333334 0.6194444444444445 0.04479166666666667 0.044444444444444446
2 0.5958333333333333 0.07013888888888889 0.021354166666666667 0.06319444444444444
2 0.6755208333333333 0.9805555555555555 0.03229166666666667 0.03888888888888889
1 0.2328125 0.6666666666666666 0.058333333333333334 0.06319444444444444
1 0.2578125 0.7548611111111111 0.057291666666666664 0.06736111111111111
1 0.3177083333333333 0.76875 0.0515625 0.07361111111111111
1 0.3645833333333333 0.5631944444444444 0.04479166666666667 0.07013888888888889
1 0.3625 0.6256944444444444 0.049479166666666664 0.06666666666666667
1 0.3921875 0.6743055555555556 0.05260416666666667 0.06458333333333334
1 0.4270833333333333 0.6125 0.04583333333333333 0.07013888888888889
1 0.45260416666666664 0.6395833333333333 0.049479166666666664 0.075
1 0.47552083333333334 0.71875 0.05364583333333333 0.06180555555555556
2 0.38697916666666665 0.7375 0.0671875 0.06597222222222222
3 0.5036458333333333 0.8486111111111111 0.06145833333333333 0.08541666666666667
1 0.4734375 0.9055555555555556 0.059895833333333336 0.0875
1 0.42291666666666666 0.9395833333333333 0.05572916666666667 0.07916666666666666