1 0.30833333333333335 0.8055555555555556 0.05572916666666667 0.08541666666666667
1 0.3359375 0.775 0.057291666666666664 0.09652777777777778
2 0.3765625 0.7590277777777777 0.0734375 0.1125
1 0.4078125 0.7270833333333333 0.058333333333333334 0.08680555555555555
1 0.4322916666666667 0.6951388888888889 0.050520833333333334 0.07777777777777778
1 0.48385416666666664 0.6638888888888889 0.04791666666666667 0.08402777777777778
3 0.5161458333333333 0.6458333333333334 0.04479166666666667 0.0798611111111111
1 0.5494791666666666 0.6340277777777777 0.0484375 0.09166666666666666
1 0.5864583333333333 0.6291666666666667 0.0515625 0.08888888888888889
1 0.6723958333333333 0.8145833333333333 0.0671875 0.06458333333333334
3 0.8041666666666667 0.6451388888888889 0.0609375 0.07152777777777777
1 0.6302083333333334 0.5708333333333333 0.059895833333333336 0.06180555555555556
3 0.6109375 0.5388888888888889 0.0578125 0.06388888888888888
3 0.5744791666666667 0.49722222222222223 0.07291666666666667 0.06111111111111111
3 0.5427083333333333 0.33125 0.05 0.06458333333333334
3 0.340625 0.1638888888888889 0.042708333333333334 0.05138888888888889
1 0.853125 0.2902777777777778 0.0421875 0.0798611111111111
3 0.9244791666666666 0.029861111111111113 0.05416666666666667 0.05138888888888889
1 0.9395833333333333 0.018055555555555554 0.05520833333333333 0.03611111111111111