2 0.059375 0.7138888888888889 0.10260416666666666 0.09166666666666666
1 0.17604166666666668 0.6618055555555555 0.07239583333333334 0.049305555555555554
2 0.3770833333333333 0.85625 0.11875 0.1
1 0.7005208333333334 0.675 0.0734375 0.05277777777777778
1 0.6932291666666667 0.6333333333333333 0.05572916666666667 0.04513888888888889
1 0.6895833333333333 0.6083333333333333 0.0625 0.04652777777777778
1 0.5640625 0.45 0.028645833333333332 0.03333333333333333
1 0.5875 0.43194444444444446 0.019270833333333334 0.027777777777777776
3 0.5989583333333334 0.325 0.017708333333333333 0.021527777777777778
1 0.5661458333333333 0.3333333333333333 0.025520833333333333 0.016666666666666666
1 0.578125 0.3263888888888889 0.022916666666666665 0.014583333333333334
3 0.5744791666666667 0.3194444444444444 0.01875 0.017361111111111112
3 0.5791666666666667 0.3104166666666667 0.019270833333333334 0.014583333333333334
1 0.590625 0.30694444444444446 0.013541666666666667 0.016666666666666666
2 0.6552083333333333 0.28541666666666665 0.013541666666666667 0.03958333333333333
2 0.65 0.25555555555555554 0.007291666666666667 0.011805555555555555
2 0.6338541666666667 0.2111111111111111 0.007291666666666667 0.01597222222222222
1 0.69375 0.33402777777777776 0.025 0.01875