1 0.04739583333333333 0.6277777777777778 0.06875 0.0763888888888889
1 0.2671875 0.6930555555555555 0.03854166666666667 0.09444444444444444
1 0.315625 0.6611111111111111 0.05416666666666667 0.07916666666666666
1 0.34479166666666666 0.6298611111111111 0.05520833333333333 0.07013888888888889
1 0.3880208333333333 0.5763888888888888 0.049479166666666664 0.07013888888888889
1 0.025520833333333333 0.8145833333333333 0.05 0.11805555555555555
1 0.05625 0.8208333333333333 0.06302083333333333 0.11041666666666666
1 0.1109375 0.8402777777777778 0.0484375 0.1
1 0.31927083333333334 0.8909722222222223 0.05416666666666667 0.125
1 0.27291666666666664 0.8826388888888889 0.0484375 0.12013888888888889
1 0.22083333333333333 0.875 0.059895833333333336 0.11736111111111111
1 0.17916666666666667 0.8520833333333333 0.05 0.10555555555555556
1 0.14427083333333332 0.8430555555555556 0.05260416666666667 0.10486111111111111
1 0.4125 0.9076388888888889 0.04375 0.12361111111111112
1 0.3671875 0.9020833333333333 0.041666666666666664 0.10277777777777777
1 0.5322916666666667 0.9076388888888889 0.07447916666666667 0.06319444444444444
1 0.5223958333333333 0.8493055555555555 0.07447916666666667 0.07013888888888889
1 0.5703125 0.0875 0.016666666666666666 0.030555555555555555
1 0.5588541666666667 0.14791666666666667 0.015104166666666667 0.02361111111111111
1 0.5505208333333333 0.17847222222222223 0.0171875 0.03125
1 0.5270833333333333 0.26875 0.03697916666666667 0.035416666666666666
3 0.5130208333333334 0.28541666666666665 0.01875 0.03680555555555556
1 0.5395833333333333 0.7951388888888888 0.0765625 0.06666666666666667
1 0.5432291666666667 0.7458333333333333 0.07760416666666667 0.06111111111111111
1 0.5473958333333333 0.6993055555555555 0.057291666666666664 0.04861111111111111
1 0.5645833333333333 0.6111111111111112 0.05625 0.04652777777777778
1 0.5703125 0.6583333333333333 0.06354166666666666 0.06111111111111111
1 0.5723958333333333 0.5763888888888888 0.06302083333333333 0.050694444444444445
1 0.578125 0.5430555555555555 0.05364583333333333 0.041666666666666664
1 0.5776041666666667 0.5125 0.05572916666666667 0.03819444444444445
1 0.5859375 0.48541666666666666 0.05572916666666667 0.03680555555555556
1 0.5854166666666667 0.4583333333333333 0.05520833333333333 0.041666666666666664
1 0.5880208333333333 0.42777777777777776 0.05625 0.03680555555555556
1 0.5984375 0.40625 0.04479166666666667 0.03680555555555556
1 0.5984375 0.3861111111111111 0.04583333333333333 0.035416666666666666
1 0.6015625 0.3659722222222222 0.04739583333333333 0.03680555555555556
1 0.6052083333333333 0.3416666666666667 0.04583333333333333 0.03125
1 0.6078125 0.32222222222222224 0.0515625 0.03333333333333333
1 0.6135416666666667 0.3020833333333333 0.044270833333333336 0.03263888888888889
1 0.61875 0.2861111111111111 0.0421875 0.029861111111111113
3 0.6234375 0.26666666666666666 0.036458333333333336 0.02847222222222222
1 0.6255208333333333 0.2513888888888889 0.040625 0.030555555555555555
1 0.6302083333333334 0.23472222222222222 0.0390625 0.025694444444444443
1 0.6307291666666667 0.21736111111111112 0.03697916666666667 0.025694444444444443
1 0.6348958333333333 0.20208333333333334 0.03854166666666667 0.02638888888888889
1 0.6369791666666667 0.18611111111111112 0.03697916666666667 0.02361111111111111
1 0.6380208333333334 0.1763888888888889 0.0328125 0.025
1 0.6375 0.16597222222222222 0.03229166666666667 0.02361111111111111
1 0.6416666666666667 0.15347222222222223 0.0390625 0.02638888888888889
1 0.6427083333333333 0.14166666666666666 0.034895833333333334 0.02361111111111111
1 0.6411458333333333 0.12638888888888888 0.03229166666666667 0.017361111111111112
3 0.646875 0.08680555555555555 0.030729166666666665 0.01875
1 0.6447916666666667 0.09652777777777778 0.028645833333333332 0.017361111111111112
1 0.6479166666666667 0.10972222222222222 0.03125 0.022916666666666665
1 0.6109375 0.10208333333333333 0.013541666666666667 0.022222222222222223
1 0.5875 0.09861111111111111 0.015104166666666667 0.02013888888888889
1 0.659375 0.06458333333333334 0.022916666666666665 0.018055555555555554
1 0.6651041666666667 0.05763888888888889 0.024479166666666666 0.018055555555555554
1 0.6671875 0.04791666666666667 0.027083333333333334 0.01597222222222222
1 0.6645833333333333 0.030555555555555555 0.025 0.022916666666666665
1 0.6635416666666667 0.011111111111111112 0.019791666666666666 0.018055555555555554
1 0.6713541666666667 0.005555555555555556 0.025520833333333333 0.011111111111111112
1 0.7098958333333333 0.06666666666666667 0.015625 0.02638888888888889
1 0.7177083333333333 0.10833333333333334 0.016666666666666666 0.030555555555555555
1 0.7067708333333333 0.15763888888888888 0.017708333333333333 0.029861111111111113
3 0.7390625 0.08333333333333333 0.015625 0.025694444444444443
3 0.7401041666666667 0.13125 0.013020833333333334 0.03333333333333333
1 0.7026041666666667 0.19791666666666666 0.019791666666666666 0.02638888888888889
1 0.7677083333333333 0.88125 0.03802083333333333 0.10833333333333334
1 0.828125 0.7791666666666667 0.03802083333333333 0.09513888888888888
1 0.7645833333333333 0.7493055555555556 0.034895833333333334 0.09930555555555555
1 0.7604166666666666 0.6423611111111112 0.03333333333333333 0.07916666666666666
1 0.8026041666666667 0.5069444444444444 0.028645833333333332 0.058333333333333334
1 0.8385416666666666 0.46111111111111114 0.027083333333333334 0.058333333333333334
1 0.7838541666666666 0.3611111111111111 0.0234375 0.044444444444444446
1 0.8244791666666667 0.35833333333333334 0.0234375 0.043055555555555555
1 0.81875 0.31319444444444444 0.021354166666666667 0.03680555555555556
1 0.8140625 0.26666666666666666 0.01875 0.034027777777777775
1 0.8083333333333333 0.22847222222222222 0.019270833333333334 0.030555555555555555
1 0.7489583333333333 0.21875 0.017708333333333333 0.03263888888888889
1 0.7734375 0.20208333333333334 0.0171875 0.027777777777777776
1 0.8015625 0.17083333333333334 0.016666666666666666 0.025694444444444443
1 0.75625 0.07152777777777777 0.015625 0.020833333333333332
1 0.7526041666666666 0.025 0.0109375 0.015277777777777777
1 0.7739583333333333 0.05555555555555555 0.015104166666666667 0.022222222222222223
1 0.775 0.03333333333333333 0.0140625 0.01875
1 0.7880208333333333 0.013194444444444444 0.011458333333333333 0.017361111111111112
1 0.7895833333333333 0.03125 0.011979166666666667 0.01597222222222222
1 0.7927083333333333 0.050694444444444445 0.0140625 0.017361111111111112
1 0.7947916666666667 0.07777777777777778 0.013541666666666667 0.020833333333333332
1 0.7947916666666667 0.10069444444444445 0.0140625 0.020833333333333332
1 0.7973958333333333 0.125 0.015104166666666667 0.020833333333333332
1 0.8005208333333333 0.14583333333333334 0.0171875 0.017361111111111112
1 0.80625 0.20069444444444445 0.019270833333333334 0.027777777777777776
1 0.8322916666666667 0.4125 0.025520833333333333 0.04027777777777778
1 0.9197916666666667 0.20208333333333334 0.0390625 0.02013888888888889
1 0.9145833333333333 0.1840277777777778 0.029166666666666667 0.01875
1 0.8776041666666666 0.11527777777777778 0.013541666666666667 0.020833333333333332
3 0.8734375 0.08958333333333333 0.013541666666666667 0.02638888888888889
1 0.8640625 0.034027777777777775 0.019791666666666666 0.014583333333333334
1 0.8635416666666667 0.059722222222222225 0.019791666666666666 0.018055555555555554
1 0.8651041666666667 0.04722222222222222 0.019270833333333334 0.01597222222222222
1 0.7140625 0.011805555555555555 0.0140625 0.02013888888888889