1 0.8260416666666667 0.6423611111111112 0.036458333333333336 0.08472222222222223
3 0.84375 0.5666666666666667 0.03177083333333333 0.06805555555555555
1 0.8567708333333334 0.47708333333333336 0.025 0.06875
1 0.6713541666666667 0.6861111111111111 0.0390625 0.09375
1 0.40520833333333334 0.4263888888888889 0.04583333333333333 0.05763888888888889
1 0.38125 0.35833333333333334 0.036458333333333336 0.06944444444444445
1 0.36354166666666665 0.33611111111111114 0.0359375 0.06319444444444444
1 0.27395833333333336 0.20902777777777778 0.029166666666666667 0.05486111111111111
1 0.10520833333333333 0.075 0.036458333333333336 0.04722222222222222
1 0.13697916666666668 0.029861111111111113 0.034375 0.04236111111111111
1 0.06458333333333334 0.12638888888888888 0.04010416666666667 0.04791666666666667
2 0.14010416666666667 0.4840277777777778 0.103125 0.1909722222222222
3 0.7682291666666666 0.9486111111111111 0.03177083333333333 0.09722222222222222
1 0.013541666666666667 0.03263888888888889 0.027083333333333334 0.050694444444444445
1 0.03802083333333333 0.008333333333333333 0.024479166666666666 0.016666666666666666