1 0.04479166666666667 0.025 0.004166666666666667 0.006944444444444444
1 0.0390625 0.029861111111111113 0.004166666666666667 0.004861111111111111
1 0.06875 0.0875 0.005208333333333333 0.005555555555555556
1 0.035416666666666666 0.09097222222222222 0.005208333333333333 0.006944444444444444
1 0.04583333333333333 0.09861111111111111 0.005208333333333333 0.006944444444444444
0 0.046875 0.05138888888888889 0.005208333333333333 0.009722222222222222
2 0.04791666666666667 0.10833333333333334 0.005729166666666666 0.009722222222222222
2 0.08125 0.14305555555555555 0.009375 0.015277777777777777
1 0.050520833333333334 0.12430555555555556 0.005208333333333333 0.006944444444444444
1 0.05 0.14444444444444443 0.005729166666666666 0.007638888888888889
3 0.07604166666666666 0.15138888888888888 0.005208333333333333 0.007638888888888889
3 0.08541666666666667 0.18125 0.005208333333333333 0.007638888888888889
3 0.08802083333333334 0.21180555555555555 0.005208333333333333 0.006944444444444444
2 0.0515625 0.16319444444444445 0.013541666666666667 0.027777777777777776
1 0.1828125 0.3541666666666667 0.008333333333333333 0.013194444444444444
1 0.17916666666666667 0.34305555555555556 0.008333333333333333 0.013194444444444444
2 0.1953125 0.34652777777777777 0.009375 0.018055555555555554
1 0.0765625 0.28125 0.007291666666666667 0.008333333333333333
1 0.0671875 0.31666666666666665 0.008333333333333333 0.010416666666666666
1 0.09270833333333334 0.2388888888888889 0.00625 0.009722222222222222
1 0.019791666666666666 0.33958333333333335 0.007291666666666667 0.0125
2 0.013020833333333334 0.41875 0.017708333333333333 0.03888888888888889
1 0.6739583333333333 0.5638888888888889 0.009375 0.022916666666666665
2 0.6447916666666667 0.4597222222222222 0.019270833333333334 0.020833333333333332
2 0.5390625 0.4326388888888889 0.0140625 0.02847222222222222
3 0.5432291666666667 0.9888888888888889 0.016666666666666666 0.022222222222222223
1 0.5520833333333334 0.9506944444444444 0.021354166666666667 0.041666666666666664
1 0.215625 0.5416666666666666 0.008333333333333333 0.02013888888888889
1 0.4046875 0.17777777777777778 0.00625 0.007638888888888889
1 0.40572916666666664 0.1951388888888889 0.009895833333333333 0.005555555555555556
1 0.4109375 0.20069444444444445 0.011458333333333333 0.004861111111111111
1 0.4109375 0.20347222222222222 0.011458333333333333 0.004861111111111111
1 0.4119791666666667 0.20694444444444443 0.009895833333333333 0.006944444444444444
1 0.1359375 0.0625 0.008333333333333333 0.004861111111111111
1 0.3932291666666667 0.42986111111111114 0.009375 0.02013888888888889
1 0.40260416666666665 0.41597222222222224 0.0078125 0.014583333333333334
1 0.4125 0.39652777777777776 0.0109375 0.01597222222222222
3 0.4427083333333333 0.35208333333333336 0.008333333333333333 0.014583333333333334
1 0.4276041666666667 0.4173611111111111 0.0109375 0.013194444444444444
1 0.43697916666666664 0.4013888888888889 0.0109375 0.0125
1 0.44947916666666665 0.37916666666666665 0.009895833333333333 0.013194444444444444
1 0.46197916666666666 0.3611111111111111 0.009375 0.0125
1 0.6244791666666667 0.37569444444444444 0.0140625 0.010416666666666666