1 0.6239583333333333 0.9354166666666667 0.04479166666666667 0.10694444444444444
1 0.4942708333333333 0.5736111111111111 0.021354166666666667 0.04583333333333333
1 0.4479166666666667 0.41597222222222224 0.015625 0.035416666666666666
1 0.39739583333333334 0.29791666666666666 0.011458333333333333 0.024305555555555556
3 0.44166666666666665 0.34097222222222223 0.013020833333333334 0.03194444444444444
3 0.5989583333333334 0.8388888888888889 0.0390625 0.09652777777777778
3 0.5776041666666667 0.7618055555555555 0.03333333333333333 0.0875
3 0.5546875 0.69375 0.029166666666666667 0.075
3 0.5354166666666667 0.6340277777777777 0.0265625 0.0625
3 0.5223958333333333 0.5895833333333333 0.025520833333333333 0.0625
3 0.5088541666666667 0.55 0.022395833333333334 0.052083333333333336
1 0.5010416666666667 0.5180555555555556 0.013541666666666667 0.03333333333333333
1 0.4671875 0.4131944444444444 0.0140625 0.02638888888888889
2 0.4270833333333333 0.2916666666666667 0.013020833333333334 0.03333333333333333
3 0.4010416666666667 0.19583333333333333 0.017708333333333333 0.016666666666666666
1 0.3776041666666667 0.19791666666666666 0.017708333333333333 0.010416666666666666
3 0.6463541666666667 0.9833333333333333 0.034375 0.030555555555555555