1 0.7098958333333333 0.5361111111111111 0.005208333333333333 0.0020833333333333333
1 0.6979166666666666 0.5354166666666667 0.004166666666666667 0.002777777777777778
1 0.7 0.5347222222222222 0.0015625 0.002777777777777778
1 0.6984375 0.5444444444444444 0.0015625 0.002777777777777778
1 0.69375 0.5576388888888889 0.0026041666666666665 0.004861111111111111
1 0.6921875 0.5631944444444444 0.0026041666666666665 0.002777777777777778
1 0.6911458333333333 0.56875 0.0036458333333333334 0.004861111111111111
1 0.7098958333333333 0.5520833333333334 0.0020833333333333333 0.003472222222222222
1 0.709375 0.5611111111111111 0.0026041666666666665 0.004861111111111111
1 0.6989583333333333 0.6486111111111111 0.0078125 0.009722222222222222
1 0.665625 0.6645833333333333 0.008333333333333333 0.010416666666666666
1 0.6411458333333333 0.6854166666666667 0.009375 0.011111111111111112
1 0.7083333333333334 0.725 0.0109375 0.015277777777777777
1 0.6734375 0.7423611111111111 0.0109375 0.018055555555555554
1 0.7109375 0.7381944444444445 0.0109375 0.01875
1 0.7083333333333334 0.7555555555555555 0.011979166666666667 0.020833333333333332
1 0.7119791666666667 0.7826388888888889 0.011979166666666667 0.020833333333333332
1 0.7088541666666667 0.8055555555555556 0.013541666666666667 0.025
1 0.6838541666666667 0.8083333333333333 0.015104166666666667 0.02638888888888889
1 0.6588541666666666 0.8097222222222222 0.016666666666666666 0.027777777777777776
1 0.7098958333333333 0.8263888888888888 0.015104166666666667 0.030555555555555555
1 0.6848958333333334 0.8416666666666667 0.0171875 0.03125
1 0.7078125 0.8583333333333333 0.015625 0.02847222222222222
1 0.70625 0.8930555555555556 0.016666666666666666 0.03333333333333333
1 0.6791666666666667 0.8701388888888889 0.0171875 0.03611111111111111
1 0.6546875 0.8555555555555555 0.017708333333333333 0.03263888888888889
1 0.6177083333333333 0.8784722222222222 0.019791666666666666 0.03680555555555556
1 0.6697916666666667 0.9069444444444444 0.019791666666666666 0.035416666666666666
1 0.7041666666666667 0.9354166666666667 0.019791666666666666 0.043055555555555555
1 0.6697916666666667 0.9555555555555556 0.0234375 0.05347222222222222
1 0.7072916666666667 0.9805555555555555 0.019791666666666666 0.03888888888888889
2 0.6322916666666667 0.9534722222222223 0.03229166666666667 0.0875
1 0.5927083333333333 0.9736111111111111 0.0265625 0.052083333333333336
2 0.4875 0.9701388888888889 0.03802083333333333 0.059027777777777776
1 0.9526041666666667 0.6944444444444444 0.015104166666666667 0.011111111111111112
1 0.8505208333333333 0.8111111111111111 0.01875 0.022222222222222223
1 0.81875 0.7930555555555555 0.0171875 0.020833333333333332
1 0.7760416666666666 0.8222222222222222 0.016666666666666666 0.02361111111111111
1 0.7796875 0.7673611111111112 0.015104166666666667 0.01875
1 0.8036458333333333 0.7645833333333333 0.0140625 0.017361111111111112
1 0.79375 0.7409722222222223 0.013020833333333334 0.015277777777777777
1 0.7765625 0.7243055555555555 0.011458333333333333 0.014583333333333334
1 0.79375 0.7159722222222222 0.013020833333333334 0.013194444444444444
1 0.7526041666666666 0.7083333333333334 0.009895833333333333 0.011111111111111112
1 0.7520833333333333 0.6868055555555556 0.009895833333333333 0.011111111111111112
1 0.7791666666666667 0.68125 0.009375 0.010416666666666666
1 0.78125 0.6590277777777778 0.008333333333333333 0.007638888888888889
1 0.75625 0.6583333333333333 0.0078125 0.009722222222222222
1 0.7473958333333334 0.6402777777777777 0.007291666666666667 0.006944444444444444
1 0.753125 0.6291666666666667 0.00625 0.008333333333333333
1 0.7552083333333334 0.6201388888888889 0.005729166666666666 0.006944444444444444
2 0.8125 0.6569444444444444 0.019270833333333334 0.010416666666666666
1 0.7364583333333333 0.625 0.005729166666666666 0.008333333333333333
1 0.7354166666666667 0.61875 0.005208333333333333 0.007638888888888889
1 0.7333333333333333 0.60625 0.005208333333333333 0.006944444444444444
1 0.74375 0.6083333333333333 0.005208333333333333 0.005555555555555556
1 0.7583333333333333 0.6027777777777777 0.004166666666666667 0.005555555555555556
1 0.7489583333333333 0.59375 0.005208333333333333 0.006944444444444444
1 0.79375 0.6055555555555555 0.013541666666666667 0.007638888888888889
1 0.7890625 0.6027777777777777 0.017708333333333333 0.009722222222222222
1 0.7364583333333333 0.58125 0.004166666666666667 0.004861111111111111
1 0.7265625 0.5722222222222222 0.0026041666666666665 0.004861111111111111
1 0.7494791666666667 0.5777777777777777 0.0036458333333333334 0.004861111111111111
1 0.7348958333333333 0.5694444444444444 0.0026041666666666665 0.003472222222222222
1 0.9729166666666667 0.6722222222222223 0.0171875 0.010416666666666666
3 0.9583333333333334 0.6666666666666666 0.017708333333333333 0.009722222222222222
1 0.9515625 0.6659722222222222 0.016666666666666666 0.008333333333333333
2 0.9416666666666667 0.6569444444444444 0.022395833333333334 0.017361111111111112
1 0.8317708333333333 0.6104166666666667 0.016666666666666666 0.005555555555555556
1 0.8286458333333333 0.6291666666666667 0.0140625 0.006944444444444444
1 0.825 0.625 0.0140625 0.006944444444444444
1 0.8234375 0.6236111111111111 0.0140625 0.006944444444444444
1 0.8244791666666667 0.6243055555555556 0.0140625 0.006944444444444444
1 0.8213541666666667 0.6208333333333333 0.0140625 0.005555555555555556
1 0.81875 0.61875 0.0140625 0.006944444444444444
1 0.8151041666666666 0.6159722222222223 0.0140625 0.005555555555555556
1 0.8036458333333333 0.5944444444444444 0.011458333333333333 0.005555555555555556
1 0.8010416666666667 0.5923611111111111 0.011979166666666667 0.007638888888888889
1 0.7989583333333333 0.5902777777777778 0.011979166666666667 0.007638888888888889
1 0.7973958333333333 0.5888888888888889 0.011979166666666667 0.007638888888888889
1 0.7932291666666667 0.5868055555555556 0.011979166666666667 0.006944444444444444
1 0.8359375 0.5944444444444444 0.0078125 0.010416666666666666