0 0.19010416666666666 0.36875 0.2015625 0.32569444444444445
1 0.04010416666666667 0.5409722222222222 0.08020833333333334 0.1597222222222222
1 0.0765625 0.35694444444444445 0.07447916666666667 0.10972222222222222
1 0.14010416666666667 0.2722222222222222 0.07083333333333333 0.09236111111111112
1 0.20520833333333333 0.175 0.058333333333333334 0.07222222222222222
1 0.24375 0.11944444444444445 0.049479166666666664 0.052083333333333336
2 0.284375 0.043055555555555555 0.05 0.08611111111111111
1 0.19114583333333332 0.0375 0.06927083333333334 0.029861111111111113
1 0.2078125 0.017361111111111112 0.06302083333333333 0.034027777777777775
1 0.315625 0.022916666666666665 0.025520833333333333 0.03611111111111111
1 0.44947916666666665 0.1111111111111111 0.03697916666666667 0.05555555555555555
1 0.5390625 0.03194444444444444 0.025 0.03888888888888889
1 0.56875 0.022916666666666665 0.0265625 0.03263888888888889
1 0.5697916666666667 0.05138888888888889 0.03125 0.04027777777777778
1 0.575 0.0875 0.034375 0.04791666666666667
1 0.58125 0.13055555555555556 0.03229166666666667 0.04583333333333333
1 0.6109375 0.1701388888888889 0.08854166666666667 0.050694444444444445
1 0.5458333333333333 0.24305555555555555 0.04479166666666667 0.0763888888888889
1 0.6020833333333333 0.3645833333333333 0.0515625 0.10277777777777777
1 0.5255208333333333 0.43680555555555556 0.059375 0.12291666666666666
1 0.6 0.5076388888888889 0.065625 0.13680555555555557
1 0.5244791666666667 0.5958333333333333 0.07447916666666667 0.18194444444444444
1 0.60625 0.7694444444444445 0.08229166666666667 0.23402777777777778
1 0.25833333333333336 0.8368055555555556 0.13229166666666667 0.2722222222222222
2 0.390625 0.8611111111111112 0.14166666666666666 0.2701388888888889
3 0.83125 0.9222222222222223 0.19375 0.15138888888888888