1 0.446875 0.7083333333333334 0.0765625 0.1111111111111111
1 0.37864583333333335 0.5979166666666667 0.065625 0.09027777777777778
1 0.31614583333333335 0.5041666666666667 0.06197916666666667 0.08472222222222223
1 0.26875 0.43472222222222223 0.050520833333333334 0.07152777777777777
1 0.2265625 0.3597222222222222 0.042708333333333334 0.052083333333333336
1 0.17760416666666667 0.2902777777777778 0.0359375 0.04861111111111111
1 0.06979166666666667 0.11041666666666666 0.019791666666666666 0.030555555555555555
1 0.0671875 0.02361111111111111 0.0171875 0.01875
1 0.04739583333333333 0.07222222222222222 0.021354166666666667 0.03125
1 0.084375 0.19652777777777777 0.027083333333333334 0.03680555555555556
1 0.15625 0.3388888888888889 0.0421875 0.04652777777777778
1 0.39947916666666666 0.08402777777777778 0.022916666666666665 0.02013888888888889
1 0.3890625 0.11180555555555556 0.0265625 0.022222222222222223
1 0.37916666666666665 0.06944444444444445 0.019270833333333334 0.01875