1 0.325 0.3993055555555556 0.03125 0.0763888888888889
1 0.4890625 0.25972222222222224 0.024479166666666666 0.059027777777777776
1 0.5244791666666667 0.16319444444444445 0.03697916666666667 0.041666666666666664
1 0.4515625 0.15208333333333332 0.020833333333333332 0.03888888888888889
1 0.4140625 0.1361111111111111 0.027604166666666666 0.04791666666666667
1 0.3880208333333333 0.05 0.025 0.04097222222222222
1 0.6104166666666667 0.04652777777777778 0.04375 0.02847222222222222
1 0.8557291666666667 0.020833333333333332 0.044270833333333336 0.03263888888888889
1 0.3390625 0.16597222222222222 0.022916666666666665 0.04791666666666667
1 0.32447916666666665 0.06736111111111111 0.024479166666666666 0.04791666666666667
1 0.21666666666666667 0.08888888888888889 0.04583333333333333 0.04097222222222222
3 0.32760416666666664 0.2465277777777778 0.024479166666666666 0.06388888888888888
1 0.30364583333333334 0.13402777777777777 0.021354166666666667 0.04652777777777778
1 0.3885416666666667 0.9013888888888889 0.044270833333333336 0.12083333333333333
0 0.3296875 0.6368055555555555 0.059375 0.28125
0 0.6135416666666667 0.01597222222222222 0.10833333333333334 0.03125
1 0.7380208333333333 0.0125 0.05364583333333333 0.025
1 0.2828125 0.014583333333333334 0.021354166666666667 0.02847222222222222