1 0.11614583333333334 0.8416666666666667 0.14479166666666668 0.22361111111111112
1 0.7958333333333333 0.8819444444444444 0.24739583333333334 0.2361111111111111
3 0.9442708333333333 0.8895833333333333 0.11145833333333334 0.19791666666666666
1 0.7505208333333333 0.7180555555555556 0.17760416666666667 0.17916666666666667
1 0.6333333333333333 0.4534722222222222 0.10572916666666667 0.11319444444444444
3 0.4817708333333333 0.48541666666666666 0.11666666666666667 0.12291666666666666
1 0.6458333333333334 0.3263888888888889 0.08072916666666667 0.10347222222222222
1 0.4041666666666667 0.3861111111111111 0.13020833333333334 0.08472222222222223
1 0.20416666666666666 0.016666666666666666 0.04791666666666667 0.029861111111111113
1 0.1859375 0.03333333333333333 0.0640625 0.03263888888888889
1 0.1875 0.05277777777777778 0.04479166666666667 0.04652777777777778
1 0.20572916666666666 0.07222222222222222 0.065625 0.059027777777777776
1 0.21666666666666667 0.09027777777777778 0.06666666666666667 0.05694444444444444
1 0.2390625 0.09444444444444444 0.07239583333333334 0.06180555555555556
1 0.2916666666666667 0.13125 0.07916666666666666 0.06597222222222222
1 0.27760416666666665 0.3527777777777778 0.09166666666666666 0.08888888888888889
1 0.1265625 0.39652777777777776 0.0859375 0.09305555555555556
3 0.24114583333333334 0.3034722222222222 0.06770833333333333 0.08472222222222223
1 0.19166666666666668 0.25833333333333336 0.0734375 0.07152777777777777
1 0.09166666666666666 0.16666666666666666 0.0578125 0.05555555555555555
1 0.05 0.14097222222222222 0.058333333333333334 0.059027777777777776
1 0.024479166666666666 0.10902777777777778 0.04895833333333333 0.05416666666666667