0 0.4401041666666667 0.5881944444444445 0.03802083333333333 0.14305555555555555
0 0.6244791666666667 0.5131944444444444 0.035416666666666666 0.11666666666666667
1 0.48802083333333335 0.7715277777777778 0.025 0.08541666666666667
1 0.4921875 0.5722222222222222 0.020833333333333332 0.05486111111111111
1 0.7140625 0.7652777777777777 0.030208333333333334 0.0763888888888889
1 0.8166666666666667 0.825 0.0609375 0.05347222222222222
1 0.8864583333333333 0.8416666666666667 0.06822916666666666 0.06319444444444444
1 0.8666666666666667 0.9826388888888888 0.075 0.03333333333333333
3 0.69375 0.5319444444444444 0.0171875 0.04375
3 0.71875 0.4888888888888889 0.034895833333333334 0.03680555555555556
1 0.5583333333333333 0.2111111111111111 0.010416666666666666 0.019444444444444445
3 0.5442708333333334 0.19791666666666666 0.0109375 0.02013888888888889
1 0.55625 0.1375 0.008333333333333333 0.014583333333333334
1 0.55625 0.10069444444444445 0.0067708333333333336 0.011805555555555555
1 0.5494791666666666 0.05763888888888889 0.00625 0.011111111111111112
1 0.5583333333333333 0.043055555555555555 0.0067708333333333336 0.010416666666666666
1 0.5526041666666667 0.01875 0.005208333333333333 0.008333333333333333
1 0.6364583333333333 0.22916666666666666 0.011979166666666667 0.02013888888888889
3 0.63125 0.20625 0.009375 0.019444444444444445
1 0.6260416666666667 0.19444444444444445 0.0109375 0.017361111111111112
1 0.6192708333333333 0.15902777777777777 0.008854166666666666 0.01597222222222222
1 0.6166666666666667 0.14791666666666667 0.014583333333333334 0.01597222222222222
3 0.6140625 0.13680555555555557 0.009375 0.017361111111111112