1 0.49322916666666666 0.22847222222222222 0.0203125 0.029166666666666667
3 0.5052083333333334 0.15208333333333332 0.0125 0.020833333333333332
1 0.5052083333333334 0.16666666666666666 0.013020833333333334 0.016666666666666666
1 0.5072916666666667 0.2013888888888889 0.021354166666666667 0.025
3 0.3859375 0.09375 0.007291666666666667 0.009722222222222222
1 0.42083333333333334 0.10902777777777778 0.0067708333333333336 0.010416666666666666
1 0.42291666666666666 0.1076388888888889 0.00625 0.007638888888888889
1 0.4265625 0.10486111111111111 0.00625 0.007638888888888889
1 0.43125 0.10277777777777777 0.00625 0.00625
1 0.4328125 0.1 0.005208333333333333 0.008333333333333333
1 0.4375 0.09652777777777778 0.005729166666666666 0.008333333333333333
1 0.44166666666666665 0.09166666666666666 0.005729166666666666 0.005555555555555556
1 0.44583333333333336 0.09027777777777778 0.004166666666666667 0.005555555555555556
1 0.4479166666666667 0.08680555555555555 0.005208333333333333 0.004861111111111111
1 0.45208333333333334 0.08263888888888889 0.005729166666666666 0.004166666666666667
1 0.5505208333333333 0.0875 0.016145833333333335 0.00625
1 0.5489583333333333 0.08194444444444444 0.0125 0.006944444444444444
1 0.5458333333333333 0.07777777777777778 0.011979166666666667 0.004861111111111111
1 0.5588541666666667 0.07777777777777778 0.011979166666666667 0.005555555555555556
1 0.5598958333333334 0.08055555555555556 0.009375 0.005555555555555556
1 0.5802083333333333 0.07916666666666666 0.0046875 0.005555555555555556
2 0.0828125 0.89375 0.165625 0.1986111111111111