1 0.08958333333333333 0.05694444444444444 0.022395833333333334 0.04097222222222222
1 0.0171875 0.16458333333333333 0.022916666666666665 0.04375
0 0.46979166666666666 0.15347222222222223 0.06666666666666667 0.09166666666666666
0 0.3880208333333333 0.20833333333333334 0.0890625 0.05555555555555555
0 0.3541666666666667 0.2798611111111111 0.09166666666666666 0.06180555555555556
1 0.48333333333333334 0.48333333333333334 0.04583333333333333 0.03888888888888889
1 0.48541666666666666 0.5201388888888889 0.05520833333333333 0.05625
1 0.5151041666666667 0.5423611111111111 0.050520833333333334 0.04652777777777778
1 0.5244791666666667 0.5930555555555556 0.05520833333333333 0.05416666666666667
2 0.4546875 0.5958333333333333 0.040625 0.08472222222222223
1 0.5697916666666667 0.7486111111111111 0.059375 0.06666666666666667
1 0.5364583333333334 0.7159722222222222 0.05572916666666667 0.059027777777777776
1 0.5036458333333333 0.6930555555555555 0.058333333333333334 0.059027777777777776
1 0.40989583333333335 0.8506944444444444 0.011458333333333333 0.015277777777777777
0 0.3 0.5076388888888889 0.059895833333333336 0.12361111111111112
0 0.15520833333333334 0.5 0.10208333333333333 0.17152777777777778
0 0.09635416666666667 0.48541666666666666 0.09270833333333334 0.17777777777777778