1 0.6671875 0.9819444444444444 0.01875 0.034027777777777775
0 0.7109375 0.9034722222222222 0.022395833333333334 0.058333333333333334
1 0.7052083333333333 0.7743055555555556 0.024479166666666666 0.04791666666666667
1 0.7557291666666667 0.6680555555555555 0.028645833333333332 0.044444444444444446
1 0.7807291666666667 0.58125 0.019791666666666666 0.05555555555555555
1 0.8130208333333333 0.5520833333333334 0.020833333333333332 0.050694444444444445
1 0.8234375 0.4979166666666667 0.019791666666666666 0.05694444444444444
1 0.8026041666666667 0.48680555555555555 0.017708333333333333 0.049305555555555554
1 0.765625 0.5125 0.01875 0.04791666666666667
2 0.753125 0.5881944444444445 0.036458333333333336 0.1076388888888889
1 0.8322916666666667 0.4444444444444444 0.0140625 0.04791666666666667
1 0.8119791666666667 0.39652777777777776 0.019270833333333334 0.052083333333333336
1 0.8390625 0.38680555555555557 0.016666666666666666 0.05347222222222222
1 0.84375 0.33611111111111114 0.015625 0.04583333333333333
1 0.8484375 0.28888888888888886 0.015625 0.049305555555555554
3 0.8526041666666667 0.23402777777777778 0.0171875 0.049305555555555554
1 0.8098958333333334 0.23055555555555557 0.013020833333333334 0.041666666666666664
1 0.809375 0.1798611111111111 0.0140625 0.04722222222222222
1 0.85625 0.18611111111111112 0.015625 0.04722222222222222
1 0.8723958333333334 0.022222222222222223 0.0140625 0.044444444444444446
1 0.925 0.1326388888888889 0.027083333333333334 0.02638888888888889
1 0.6708333333333333 0.6944444444444444 0.030208333333333334 0.030555555555555555
1 0.6276041666666666 0.7111111111111111 0.028645833333333332 0.034027777777777775
1 0.5598958333333334 0.6798611111111111 0.03125 0.03194444444444444
1 0.453125 0.6680555555555555 0.03229166666666667 0.03194444444444444
1 0.5135416666666667 0.6166666666666667 0.028645833333333332 0.027777777777777776
0 0.35833333333333334 0.6159722222222223 0.0390625 0.03958333333333333
2 0.2609375 0.5013888888888889 0.04583333333333333 0.043055555555555555
2 0.1859375 0.4652777777777778 0.04791666666666667 0.04722222222222222
2 0.09635416666666667 0.41597222222222224 0.06875 0.058333333333333334
1 0.0515625 0.5006944444444444 0.028645833333333332 0.029166666666666667