1 0.2125 0.20416666666666666 0.005729166666666666 0.007638888888888889
1 0.21666666666666667 0.20902777777777778 0.0067708333333333336 0.007638888888888889
1 0.21458333333333332 0.22083333333333333 0.007291666666666667 0.009027777777777777
1 0.22135416666666666 0.21944444444444444 0.00625 0.011111111111111112
1 0.228125 0.21944444444444444 0.005729166666666666 0.008333333333333333
1 0.228125 0.22569444444444445 0.00625 0.008333333333333333
1 0.22760416666666666 0.23958333333333334 0.0067708333333333336 0.008333333333333333
1 0.23229166666666667 0.23472222222222222 0.0067708333333333336 0.008333333333333333
1 0.2375 0.24166666666666667 0.00625 0.008333333333333333
1 0.23333333333333334 0.24861111111111112 0.0078125 0.010416666666666666
1 0.24427083333333333 0.25277777777777777 0.00625 0.009027777777777777
1 0.24114583333333334 0.2611111111111111 0.00625 0.011111111111111112
1 0.23125 0.26319444444444445 0.0078125 0.009722222222222222
1 0.2520833333333333 0.26666666666666666 0.0067708333333333336 0.009722222222222222
1 0.25625 0.2743055555555556 0.007291666666666667 0.011805555555555555
1 0.24947916666666667 0.28194444444444444 0.0078125 0.008333333333333333
1 0.26927083333333335 0.27708333333333335 0.00625 0.008333333333333333
0 0.25885416666666666 0.25833333333333336 0.015625 0.022916666666666665
0 0.23333333333333334 0.21458333333333332 0.009375 0.01597222222222222
1 0.3145833333333333 0.24930555555555556 0.014583333333333334 0.007638888888888889
1 0.275 0.2861111111111111 0.008854166666666666 0.010416666666666666
1 0.265625 0.29097222222222224 0.010416666666666666 0.010416666666666666
1 0.2609375 0.3 0.009895833333333333 0.0125
1 0.27447916666666666 0.3020833333333333 0.011458333333333333 0.011805555555555555
1 0.2875 0.30277777777777776 0.008854166666666666 0.011111111111111112
1 0.2760416666666667 0.32430555555555557 0.009895833333333333 0.013888888888888888
1 0.2875 0.3236111111111111 0.011979166666666667 0.0125
1 0.2947916666666667 0.3173611111111111 0.010416666666666666 0.0125
1 0.2947916666666667 0.2833333333333333 0.008854166666666666 0.011111111111111112
1 0.30052083333333335 0.28958333333333336 0.007291666666666667 0.009722222222222222
1 0.30416666666666664 0.29375 0.0078125 0.011111111111111112
1 0.30885416666666665 0.3 0.009895833333333333 0.011805555555555555
1 0.31666666666666665 0.30972222222222223 0.0109375 0.0125
1 0.33125 0.3298611111111111 0.011979166666666667 0.011805555555555555
1 0.3375 0.3402777777777778 0.009375 0.011805555555555555
1 0.34791666666666665 0.3506944444444444 0.013020833333333334 0.013888888888888888
1 0.35885416666666664 0.36041666666666666 0.013020833333333334 0.014583333333333334
3 0.31145833333333334 0.3368055555555556 0.011979166666666667 0.015277777777777777
1 0.2989583333333333 0.34305555555555556 0.013020833333333334 0.013194444444444444
1 0.2942708333333333 0.35694444444444445 0.013020833333333334 0.013194444444444444
1 0.3255208333333333 0.3611111111111111 0.0109375 0.013888888888888888
1 0.3151041666666667 0.3902777777777778 0.0125 0.014583333333333334
1 0.32864583333333336 0.3861111111111111 0.0140625 0.015277777777777777
1 0.35625 0.4027777777777778 0.0140625 0.014583333333333334
1 0.34479166666666666 0.4131944444444444 0.0140625 0.014583333333333334
1 0.35520833333333335 0.4409722222222222 0.013541666666666667 0.013194444444444444
1 0.38125 0.44166666666666665 0.0140625 0.01597222222222222
1 0.40677083333333336 0.41180555555555554 0.017708333333333333 0.014583333333333334
1 0.43333333333333335 0.4444444444444444 0.016666666666666666 0.015277777777777777
1 0.4432291666666667 0.45694444444444443 0.017708333333333333 0.017361111111111112
3 0.4661458333333333 0.4875 0.018229166666666668 0.022222222222222223
1 0.47760416666666666 0.50625 0.017708333333333333 0.02013888888888889
1 0.496875 0.5444444444444444 0.020833333333333332 0.021527777777777778
1 0.41354166666666664 0.4965277777777778 0.01875 0.02013888888888889
1 0.4109375 0.5208333333333334 0.01875 0.021527777777777778
1 0.44114583333333335 0.5576388888888889 0.0203125 0.02361111111111111
1 0.5583333333333333 0.6215277777777778 0.025 0.02638888888888889
1 0.5880208333333333 0.65625 0.03177083333333333 0.030555555555555555
1 0.6151041666666667 0.6916666666666667 0.034375 0.03611111111111111
1 0.6432291666666666 0.7256944444444444 0.03333333333333333 0.03680555555555556
1 0.6708333333333333 0.7618055555555555 0.03697916666666667 0.041666666666666664
1 0.709375 0.8131944444444444 0.04114583333333333 0.04791666666666667
1 0.7479166666666667 0.8625 0.04479166666666667 0.05138888888888889
1 0.790625 0.9180555555555555 0.05 0.058333333333333334
1 0.8427083333333333 0.975 0.05625 0.049305555555555554
1 0.5015625 0.6868055555555556 0.028125 0.03333333333333333
1 0.5135416666666667 0.8645833333333334 0.036458333333333336 0.06041666666666667
1 0.4359375 0.7583333333333333 0.0296875 0.04791666666666667
0 0.41354166666666664 0.8930555555555556 0.0625 0.14166666666666666
1 0.32447916666666665 0.6854166666666667 0.020833333333333332 0.0375
1 0.315625 0.6506944444444445 0.020833333333333332 0.034722222222222224
1 0.3015625 0.6173611111111111 0.019270833333333334 0.03194444444444444
3 0.2921875 0.5888888888888889 0.017708333333333333 0.034722222222222224
1 0.075 0.3611111111111111 0.017708333333333333 0.013888888888888888