1 0.043229166666666666 0.46597222222222223 0.08645833333333333 0.06388888888888888
1 0.11354166666666667 0.4048611111111111 0.0703125 0.05
1 0.17447916666666666 0.35347222222222224 0.059375 0.043055555555555555
2 0.19166666666666668 0.23472222222222222 0.04739583333333333 0.04861111111111111
2 0.14166666666666666 0.2326388888888889 0.052083333333333336 0.034027777777777775
3 0.25104166666666666 0.2111111111111111 0.030729166666666665 0.02361111111111111
2 0.28020833333333334 0.11805555555555555 0.01875 0.020833333333333332
2 0.34427083333333336 0.08680555555555555 0.0171875 0.011805555555555555
2 0.4 0.11666666666666667 0.036458333333333336 0.035416666666666666
3 0.434375 0.08541666666666667 0.016145833333333335 0.013194444444444444
3 0.4432291666666667 0.08263888888888889 0.0125 0.009027777777777777
1 0.3729166666666667 0.2965277777777778 0.05 0.027083333333333334
1 0.4484375 0.2388888888888889 0.04375 0.025
1 0.6333333333333333 0.21319444444444444 0.0421875 0.021527777777777778
1 0.6296875 0.19583333333333333 0.0375 0.019444444444444445
3 0.534375 0.2048611111111111 0.03802083333333333 0.02361111111111111
1 0.5416666666666666 0.19444444444444445 0.03802083333333333 0.02013888888888889
1 0.5463541666666667 0.17916666666666667 0.03333333333333333 0.017361111111111112
1 0.5552083333333333 0.15763888888888888 0.03229166666666667 0.015277777777777777
3 0.5583333333333333 0.1486111111111111 0.028125 0.01597222222222222
1 0.5583333333333333 0.14027777777777778 0.027604166666666666 0.013888888888888888
1 0.5640625 0.12222222222222222 0.024479166666666666 0.011805555555555555
3 0.5708333333333333 0.10972222222222222 0.009895833333333333 0.014583333333333334
1 0.5755208333333334 0.08819444444444445 0.0140625 0.008333333333333333
1 0.5802083333333333 0.075 0.014583333333333334 0.006944444444444444
3 0.6276041666666666 0.16944444444444445 0.034375 0.020833333333333332
1 0.61875 0.1527777777777778 0.029166666666666667 0.016666666666666666
3 0.6244791666666667 0.14583333333333334 0.030208333333333334 0.016666666666666666
1 0.6239583333333333 0.1423611111111111 0.0265625 0.015277777777777777
1 0.6223958333333334 0.13194444444444445 0.025 0.013194444444444444
3 0.6208333333333333 0.12152777777777778 0.026041666666666668 0.013888888888888888
1 0.6213541666666667 0.11666666666666667 0.022395833333333334 0.011111111111111112
1 0.6203125 0.10694444444444444 0.020833333333333332 0.010416666666666666
1 0.6197916666666666 0.10138888888888889 0.019791666666666666 0.011111111111111112
1 0.6177083333333333 0.09722222222222222 0.019270833333333334 0.009722222222222222
1 0.6182291666666667 0.09166666666666666 0.017708333333333333 0.008333333333333333
1 0.6197916666666666 0.09027777777777778 0.018229166666666668 0.008333333333333333
1 0.6182291666666667 0.08819444444444445 0.01875 0.009027777777777777
1 0.6130208333333333 0.07847222222222222 0.015625 0.008333333333333333
1 0.6135416666666667 0.07708333333333334 0.0140625 0.008333333333333333
1 0.6109375 0.07291666666666667 0.014583333333333334 0.007638888888888889
1 0.6125 0.07222222222222222 0.013020833333333334 0.007638888888888889
3 0.6078125 0.07013888888888889 0.013020833333333334 0.008333333333333333
1 0.6041666666666666 0.06736111111111111 0.0125 0.00625
1 0.6026041666666667 0.06597222222222222 0.0109375 0.00625
1 0.63125 0.0763888888888889 0.008333333333333333 0.008333333333333333
3 0.60625 0.05625 0.009895833333333333 0.008333333333333333
1 0.5786458333333333 0.06944444444444445 0.011979166666666667 0.008333333333333333
3 0.5916666666666667 0.058333333333333334 0.009375 0.00625
3 0.5916666666666667 0.05694444444444444 0.011458333333333333 0.00625
1 0.5848958333333333 0.05486111111111111 0.009895833333333333 0.005555555555555556
1 0.5838541666666667 0.05347222222222222 0.009895833333333333 0.005555555555555556
1 0.5697916666666667 0.06180555555555556 0.0109375 0.005555555555555556
1 0.5505208333333333 0.04722222222222222 0.008854166666666666 0.004861111111111111
3 0.5125 0.06319444444444444 0.005729166666666666 0.008333333333333333
3 0.5098958333333333 0.05486111111111111 0.0036458333333333334 0.00625
1 0.49583333333333335 0.04583333333333333 0.00625 0.004861111111111111
1 0.5036458333333333 0.04652777777777778 0.0067708333333333336 0.004166666666666667
1 0.509375 0.04652777777777778 0.0067708333333333336 0.005555555555555556
1 0.690625 0.23333333333333334 0.03229166666666667 0.027083333333333334
3 0.7145833333333333 0.24166666666666667 0.036458333333333336 0.027777777777777776
1 0.7177083333333333 0.32013888888888886 0.0546875 0.03888888888888889
3 0.7744791666666667 0.2611111111111111 0.04375 0.035416666666666666
1 0.8088541666666667 0.27291666666666664 0.0453125 0.029861111111111113
1 0.8416666666666667 0.2826388888888889 0.03854166666666667 0.029861111111111113
1 0.8786458333333333 0.30625 0.03177083333333333 0.035416666666666666
3 0.9203125 0.30625 0.035416666666666666 0.03611111111111111
3 0.9729166666666667 0.31527777777777777 0.026041666666666668 0.03680555555555556
1 0.36770833333333336 0.225 0.025 0.024305555555555556
1 0.44375 0.09722222222222222 0.009895833333333333 0.009722222222222222