1 0.5026041666666666 0.16111111111111112 0.027604166666666666 0.07361111111111111
1 0.5619791666666667 0.2861111111111111 0.05364583333333333 0.07708333333333334
1 0.6401041666666667 0.44375 0.0671875 0.059722222222222225
1 0.9098958333333333 0.59375 0.07708333333333334 0.06111111111111111
1 0.55 0.09652777777777778 0.0515625 0.05347222222222222
1 0.7098958333333333 0.0875 0.05260416666666667 0.05555555555555555
1 0.29010416666666666 0.5166666666666667 0.05 0.11388888888888889
1 0.29270833333333335 0.7270833333333333 0.04010416666666667 0.12916666666666668
1 0.3963541666666667 0.9444444444444444 0.03697916666666667 0.10902777777777778
1 0.43385416666666665 0.9423611111111111 0.0421875 0.11319444444444444
1 0.47604166666666664 0.95625 0.034895833333333334 0.08472222222222223
1 0.653125 0.9694444444444444 0.050520833333333334 0.058333333333333334
1 0.6203125 0.9368055555555556 0.06354166666666666 0.11666666666666667
1 0.5989583333333334 0.8847222222222222 0.07239583333333334 0.10902777777777778
1 0.5666666666666667 0.8354166666666667 0.0734375 0.12569444444444444
1 0.5072916666666667 0.7388888888888889 0.06197916666666667 0.10138888888888889
1 0.4828125 0.6958333333333333 0.0640625 0.1076388888888889
1 0.4630208333333333 0.6479166666666667 0.06666666666666667 0.11527777777777778
1 0.43697916666666664 0.6097222222222223 0.0640625 0.1
1 0.41770833333333335 0.5756944444444444 0.0515625 0.09236111111111112
1 0.39739583333333334 0.5444444444444444 0.057291666666666664 0.09375
1 0.37864583333333335 0.5118055555555555 0.05260416666666667 0.0798611111111111
1 0.36666666666666664 0.46944444444444444 0.0515625 0.08888888888888889
1 0.3458333333333333 0.44513888888888886 0.0484375 0.08472222222222223
1 0.3333333333333333 0.4111111111111111 0.04739583333333333 0.08611111111111111
1 0.3416666666666667 0.5569444444444445 0.05 0.10416666666666667
1 0.30416666666666664 0.4625 0.04791666666666667 0.10555555555555556
1 0.29010416666666666 0.37430555555555556 0.036458333333333336 0.08888888888888889
1 0.23697916666666666 0.5333333333333333 0.0359375 0.12291666666666666
1 0.20677083333333332 0.53125 0.03333333333333333 0.13055555555555556
1 0.165625 0.8590277777777777 0.04010416666666667 0.14722222222222223
1 0.1859375 0.7222222222222222 0.0359375 0.12708333333333333
1 0.22083333333333333 0.7243055555555555 0.036458333333333336 0.12152777777777778
1 0.20520833333333333 0.8513888888888889 0.04739583333333333 0.13194444444444445
1 0.24322916666666666 0.8486111111111111 0.0390625 0.13055555555555556
1 0.25364583333333335 0.7243055555555555 0.034375 0.10416666666666667
1 0.28229166666666666 0.8493055555555555 0.0359375 0.12708333333333333
1 0.24947916666666667 0.41388888888888886 0.036458333333333336 0.11944444444444445
1 0.21822916666666667 0.4222222222222222 0.030729166666666665 0.09513888888888888
2 0.24895833333333334 0.3138888888888889 0.036458333333333336 0.11041666666666666
1 0.5140625 0.27847222222222223 0.049479166666666664 0.08263888888888889
1 0.5598958333333334 0.3451388888888889 0.04791666666666667 0.0763888888888889
1 0.971875 0.1840277777777778 0.05625 0.09166666666666666
1 0.7609375 0.14097222222222222 0.049479166666666664 0.06111111111111111
1 0.8291666666666667 0.20902777777777778 0.052083333333333336 0.075
1 0.9020833333333333 0.29444444444444445 0.0515625 0.06597222222222222
2 0.9796875 0.36944444444444446 0.040625 0.06875
1 0.29010416666666666 0.29583333333333334 0.044270833333333336 0.06111111111111111
1 0.315625 0.35138888888888886 0.04739583333333333 0.07361111111111111