1 0.6276041666666666 0.16597222222222222 0.005208333333333333 0.006944444444444444
1 0.6640625 0.1451388888888889 0.005208333333333333 0.004861111111111111
2 0.6630208333333333 0.13402777777777777 0.00625 0.015277777777777777
2 0.6885416666666667 0.21388888888888888 0.015625 0.03333333333333333
2 0.6208333333333333 0.26944444444444443 0.011458333333333333 0.01875
2 0.5916666666666667 0.2722222222222222 0.0140625 0.029861111111111113
0 0.5744791666666667 0.39166666666666666 0.022395833333333334 0.06944444444444445
0 0.5583333333333333 0.30694444444444446 0.00625 0.015277777777777777
1 0.5598958333333334 0.37222222222222223 0.013541666666666667 0.02361111111111111
1 0.64375 0.35 0.011979166666666667 0.018055555555555554
1 0.6057291666666667 0.23680555555555555 0.008333333333333333 0.009722222222222222
1 0.5666666666666667 0.2534722222222222 0.008333333333333333 0.015277777777777777
1 0.5963541666666666 0.25625 0.009895833333333333 0.013194444444444444
1 0.575 0.5465277777777777 0.022916666666666665 0.044444444444444446
1 0.5526041666666667 0.6701388888888888 0.0234375 0.05694444444444444