1 0.40989583333333335 0.029861111111111113 0.0067708333333333336 0.006944444444444444
1 0.3697916666666667 0.08472222222222223 0.0078125 0.010416666666666666
1 0.3453125 0.09930555555555555 0.007291666666666667 0.0125
1 0.3484375 0.08263888888888889 0.0078125 0.010416666666666666
0 0.35260416666666666 0.06666666666666667 0.0109375 0.021527777777777778
2 0.4 0.12638888888888888 0.008854166666666666 0.018055555555555554
1 0.42604166666666665 0.1076388888888889 0.009895833333333333 0.010416666666666666
1 0.4265625 0.11666666666666667 0.0078125 0.011111111111111112
1 0.42604166666666665 0.1375 0.008333333333333333 0.011805555555555555
0 0.42864583333333334 0.15555555555555556 0.013020833333333334 0.027083333333333334
0 0.4390625 0.20347222222222222 0.015625 0.027777777777777776
1 0.434375 0.1909722222222222 0.008854166666666666 0.014583333333333334
1 0.44635416666666666 0.24166666666666667 0.011458333333333333 0.016666666666666666
1 0.4510416666666667 0.2548611111111111 0.0109375 0.013888888888888888
1 0.42864583333333334 0.4284722222222222 0.013020833333333334 0.01875
1 0.5880208333333333 0.3923611111111111 0.033854166666666664 0.021527777777777778
1 0.5942708333333333 0.4215277777777778 0.0328125 0.022222222222222223
1 0.5973958333333333 0.43819444444444444 0.03177083333333333 0.020833333333333332
1 0.6104166666666667 0.45694444444444443 0.03177083333333333 0.020833333333333332
1 0.7302083333333333 0.5201388888888889 0.03958333333333333 0.024305555555555556
1 0.7880208333333333 0.5548611111111111 0.0390625 0.025694444444444443
1 0.21822916666666667 0.225 0.010416666666666666 0.017361111111111112
1 0.23489583333333333 0.19791666666666666 0.011979166666666667 0.013194444444444444
1 0.3729166666666667 0.14305555555555555 0.0078125 0.013194444444444444
1 0.33489583333333334 0.1375 0.008333333333333333 0.014583333333333334
1 0.3333333333333333 0.14652777777777778 0.0078125 0.013888888888888888
1 0.33125 0.1673611111111111 0.009375 0.01597222222222222
1 0.33125 0.19305555555555556 0.009375 0.01875
1 0.3302083333333333 0.20833333333333334 0.010416666666666666 0.016666666666666666
1 0.3307291666666667 0.2298611111111111 0.011979166666666667 0.019444444444444445
3 0.35833333333333334 0.2611111111111111 0.010416666666666666 0.022916666666666665
3 0.28541666666666665 0.25416666666666665 0.0234375 0.016666666666666666
1 0.33177083333333335 0.3388888888888889 0.0125 0.025
1 0.33489583333333334 0.38263888888888886 0.013541666666666667 0.02638888888888889
1 0.34270833333333334 0.44375 0.022916666666666665 0.03263888888888889
3 0.2942708333333333 0.3875 0.013020833333333334 0.02847222222222222
3 0.29375 0.43125 0.011979166666666667 0.029861111111111113
3 0.2916666666666667 0.45555555555555555 0.013541666666666667 0.03333333333333333
3 0.2942708333333333 0.48125 0.015625 0.03611111111111111
1 0.29270833333333335 0.5166666666666667 0.016666666666666666 0.03680555555555556
3 0.34375 0.4861111111111111 0.021875 0.03611111111111111
1 0.34739583333333335 0.5256944444444445 0.0328125 0.03819444444444445
3 0.3380208333333333 0.5715277777777777 0.05 0.029166666666666667
1 0.34270833333333334 0.6291666666666667 0.01875 0.05625
1 0.38697916666666665 0.6006944444444444 0.019270833333333334 0.043055555555555555
1 0.35260416666666666 0.7020833333333333 0.034895833333333334 0.04722222222222222
1 0.3536458333333333 0.75625 0.04635416666666667 0.06319444444444444
1 0.28489583333333335 0.7409722222222223 0.023958333333333335 0.06736111111111111
1 0.35 0.8722222222222222 0.049479166666666664 0.0798611111111111
1 0.5776041666666667 0.2388888888888889 0.023958333333333335 0.013194444444444444
1 0.6625 0.5972222222222222 0.04375 0.025
1 0.6557291666666667 0.6173611111111111 0.03697916666666667 0.025
1 0.8109375 0.6027777777777777 0.044270833333333336 0.02847222222222222
1 0.709375 0.8333333333333334 0.05364583333333333 0.043055555555555555
1 0.7447916666666666 0.7868055555555555 0.030729166666666665 0.06041666666666667
1 0.7208333333333333 0.8715277777777778 0.0640625 0.04722222222222222
1 0.7822916666666667 0.8361111111111111 0.03854166666666667 0.05416666666666667
3 0.8020833333333334 0.7583333333333333 0.05625 0.04513888888888889
3 0.8338541666666667 0.7173611111111111 0.033854166666666664 0.05555555555555555
1 0.8541666666666666 0.7097222222222223 0.0359375 0.044444444444444446
1 0.890625 0.7006944444444444 0.0390625 0.05694444444444444
1 0.8822916666666667 0.7618055555555555 0.04739583333333333 0.06041666666666667
1 0.8171875 0.7965277777777777 0.053125 0.03888888888888889
1 0.8380208333333333 0.8319444444444445 0.05625 0.041666666666666664
1 0.9213541666666667 0.75 0.051041666666666666 0.03958333333333333
1 0.9192708333333334 0.6986111111111111 0.0359375 0.05694444444444444
1 0.94375 0.6951388888888889 0.0359375 0.05138888888888889
1 0.9635416666666666 0.6861111111111111 0.03177083333333333 0.050694444444444445
1 0.9890625 0.6784722222222223 0.021875 0.05277777777777778
1 0.984375 0.7986111111111112 0.03125 0.041666666666666664
1 0.959375 0.8361111111111111 0.04791666666666667 0.05
1 0.9520833333333333 0.9409722222222222 0.0578125 0.07777777777777778
1 0.9739583333333334 0.9243055555555556 0.052083333333333336 0.07361111111111111
1 0.8942708333333333 0.9472222222222222 0.0640625 0.041666666666666664
1 0.9182291666666667 0.9833333333333333 0.0640625 0.03333333333333333
1 0.8197916666666667 0.06458333333333334 0.016145833333333335 0.008333333333333333
1 0.9197916666666667 0.052083333333333336 0.016666666666666666 0.008333333333333333
1 0.9536458333333333 0.05138888888888889 0.015625 0.007638888888888889
1 0.9776041666666667 0.05138888888888889 0.014583333333333334 0.008333333333333333
0 0.8833333333333333 0.049305555555555554 0.0390625 0.017361111111111112