1 0.041666666666666664 0.3111111111111111 0.034375 0.05555555555555555
1 0.14479166666666668 0.2638888888888889 0.03697916666666667 0.05347222222222222
1 0.2911458333333333 0.16111111111111112 0.017708333333333333 0.03819444444444445
1 0.31979166666666664 0.15833333333333333 0.017708333333333333 0.04027777777777778
1 0.20208333333333334 0.5173611111111112 0.042708333333333334 0.07708333333333334
1 0.8026041666666667 0.7215277777777778 0.04635416666666667 0.07222222222222222
1 0.4734375 0.8180555555555555 0.06145833333333333 0.1076388888888889
1 0.44583333333333336 0.9583333333333334 0.06145833333333333 0.08125
2 0.23854166666666668 0.7180555555555556 0.1 0.20069444444444445
0 0.13541666666666666 0.5048611111111111 0.059375 0.11944444444444445
3 0.31302083333333336 0.20277777777777778 0.0265625 0.050694444444444445