1 0.6140625 0.96875 0.07239583333333334 0.06180555555555556
1 0.46197916666666666 0.9798611111111111 0.06927083333333334 0.04027777777777778
1 0.4630208333333333 0.9319444444444445 0.06927083333333334 0.052083333333333336
1 0.43697916666666664 0.7041666666666667 0.065625 0.044444444444444446
1 0.4354166666666667 0.6666666666666666 0.06770833333333333 0.04583333333333333
1 0.440625 0.6243055555555556 0.06302083333333333 0.04097222222222222
1 0.44375 0.3590277777777778 0.0484375 0.034027777777777775
1 0.4505208333333333 0.3347222222222222 0.0421875 0.03125
1 0.4505208333333333 0.3125 0.03802083333333333 0.02638888888888889
1 0.4505208333333333 0.29444444444444445 0.04375 0.02638888888888889
1 0.4515625 0.27361111111111114 0.040625 0.025694444444444443
1 0.44895833333333335 0.2548611111111111 0.0390625 0.03333333333333333
1 0.4515625 0.23333333333333334 0.040625 0.02638888888888889
1 0.45260416666666664 0.21319444444444444 0.036458333333333336 0.029861111111111113
1 0.45625 0.19791666666666666 0.04010416666666667 0.02638888888888889
1 0.5052083333333334 0.27569444444444446 0.020833333333333332 0.04097222222222222
1 0.4953125 0.04097222222222222 0.015104166666666667 0.022916666666666665