3 0.4640625 0.5388888888888889 0.059375 0.03958333333333333
1 0.69375 0.44722222222222224 0.06770833333333333 0.041666666666666664
1 0.7838541666666666 0.44583333333333336 0.06197916666666667 0.049305555555555554
1 0.4671875 0.8666666666666667 0.0484375 0.10416666666666667
1 0.24479166666666666 0.6291666666666667 0.03854166666666667 0.11180555555555556
1 0.13125 0.6284722222222222 0.029166666666666667 0.11666666666666667
1 0.17864583333333334 0.22152777777777777 0.06302083333333333 0.052083333333333336
1 0.22552083333333334 0.11527777777777778 0.025520833333333333 0.09652777777777778
3 0.9046875 0.13680555555555557 0.06510416666666667 0.04791666666666667
1 0.12239583333333333 0.9159722222222222 0.029166666666666667 0.10694444444444444
1 0.171875 0.9444444444444444 0.027604166666666666 0.08125
1 0.23020833333333332 0.925 0.029166666666666667 0.10694444444444444
1 0.2640625 0.8986111111111111 0.029166666666666667 0.10694444444444444
2 0.3015625 0.8895833333333333 0.03333333333333333 0.13958333333333334