1 0.2625 0.8916666666666667 0.12760416666666666 0.11597222222222223
3 0.3125 0.7868055555555555 0.15625 0.14375
1 0.521875 0.70625 0.07864583333333333 0.12291666666666666
1 0.47708333333333336 0.5409722222222222 0.10572916666666667 0.06527777777777778
1 0.5255208333333333 0.48055555555555557 0.0921875 0.06597222222222222
1 0.5380208333333333 0.2951388888888889 0.046875 0.06875
1 0.48385416666666664 0.2763888888888889 0.04479166666666667 0.06527777777777778
1 0.4786458333333333 0.21736111111111112 0.0421875 0.06041666666666667
1 0.4276041666666667 0.21805555555555556 0.0484375 0.06319444444444444
1 0.5598958333333334 0.23541666666666666 0.04375 0.06388888888888888
1 0.5958333333333333 0.2534722222222222 0.044270833333333336 0.0625
1 0.6119791666666666 0.32083333333333336 0.044270833333333336 0.06805555555555555
1 0.6286458333333333 0.4152777777777778 0.049479166666666664 0.08888888888888889
1 0.546875 0.11805555555555555 0.03125 0.04583333333333333
1 0.5791666666666667 0.12569444444444444 0.027604166666666666 0.04236111111111111
1 0.6354166666666666 0.09375 0.025 0.04027777777777778
1 0.6390625 0.13958333333333334 0.028125 0.03888888888888889
1 0.6994791666666667 0.1 0.026041666666666668 0.041666666666666664
1 0.6536458333333334 0.03958333333333333 0.04739583333333333 0.025
1 0.6692708333333334 0.015277777777777777 0.04739583333333333 0.027083333333333334
0 0.7635416666666667 0.27708333333333335 0.05520833333333333 0.10208333333333333
3 0.7161458333333334 0.4409722222222222 0.050520833333333334 0.1076388888888889
3 0.6484375 0.7326388888888888 0.07083333333333333 0.16458333333333333