1 0.2760416666666667 0.17222222222222222 0.005208333333333333 0.009027777777777777
1 0.2484375 0.2722222222222222 0.015104166666666667 0.013888888888888888
2 0.2916666666666667 0.23402777777777778 0.0078125 0.01875
2 0.2911458333333333 0.21597222222222223 0.009375 0.03333333333333333
3 0.28958333333333336 0.2569444444444444 0.009375 0.021527777777777778
3 0.33645833333333336 0.29444444444444445 0.01875 0.018055555555555554
2 0.28020833333333334 0.3 0.009375 0.041666666666666664
3 0.31666666666666665 0.47152777777777777 0.013541666666666667 0.029166666666666667
1 0.31927083333333334 0.5916666666666667 0.0171875 0.03958333333333333
1 0.2947916666666667 0.6423611111111112 0.017708333333333333 0.043055555555555555
3 0.32395833333333335 0.6423611111111112 0.019270833333333334 0.05347222222222222
3 0.6994791666666667 0.8590277777777777 0.05260416666666667 0.05555555555555555
3 0.7416666666666667 0.8097222222222222 0.0484375 0.04583333333333333
1 0.6177083333333333 0.8791666666666667 0.050520833333333334 0.050694444444444445
1 0.66875 0.8284722222222223 0.04479166666666667 0.04583333333333333
1 0.60625 0.8423611111111111 0.0515625 0.043055555555555555