1 0.5833333333333334 0.7083333333333334 0.11875 0.2048611111111111
2 0.16510416666666666 0.6611111111111111 0.3302083333333333 0.2298611111111111
1 0.26458333333333334 0.5451388888888888 0.18489583333333334 0.10972222222222222
1 0.3015625 0.45416666666666666 0.15729166666666666 0.08402777777777778
1 0.3723958333333333 0.33055555555555555 0.09791666666666667 0.04791666666666667
1 0.7015625 0.5145833333333333 0.18645833333333334 0.07708333333333334
1 0.6802083333333333 0.45416666666666666 0.15833333333333333 0.08402777777777778
1 0.6421875 0.4083333333333333 0.15416666666666667 0.0798611111111111
1 0.6239583333333333 0.37430555555555556 0.11927083333333334 0.06458333333333334
1 0.5130208333333334 0.30694444444444446 0.03697916666666667 0.050694444444444445
1 0.50625 0.2520833333333333 0.028645833333333332 0.034027777777777775
1 0.503125 0.2375 0.03229166666666667 0.03333333333333333
1 0.5859375 0.26458333333333334 0.07135416666666666 0.04097222222222222
1 0.56875 0.26180555555555557 0.0671875 0.04027777777777778
1 0.5609375 0.25 0.06145833333333333 0.03680555555555556
1 0.55 0.2361111111111111 0.058333333333333334 0.03819444444444445
1 0.5473958333333333 0.22777777777777777 0.05260416666666667 0.03333333333333333
1 0.5005208333333333 0.20555555555555555 0.0234375 0.02847222222222222
1 0.38645833333333335 0.28888888888888886 0.059895833333333336 0.03888888888888889
1 0.3932291666666667 0.27847222222222223 0.0734375 0.04097222222222222
1 0.39166666666666666 0.26319444444444445 0.065625 0.04027777777777778
1 0.39375 0.24722222222222223 0.06302083333333333 0.03680555555555556
1 0.4666666666666667 0.19444444444444445 0.04375 0.03263888888888889