1 0.9557291666666666 0.5965277777777778 0.044270833333333336 0.06319444444444444
2 0.9802083333333333 0.44722222222222224 0.03854166666666667 0.06875
1 0.7729166666666667 0.39444444444444443 0.03177083333333333 0.044444444444444446
1 0.9651041666666667 0.20625 0.0359375 0.04791666666666667
1 0.9807291666666667 0.20069444444444445 0.0296875 0.04375
1 0.9911458333333333 0.19305555555555556 0.016666666666666666 0.03680555555555556
1 0.5411458333333333 0.6673611111111111 0.046875 0.06944444444444445
1 0.37395833333333334 0.3326388888888889 0.03802083333333333 0.049305555555555554
1 0.3614583333333333 0.3104166666666667 0.0390625 0.04652777777777778
1 0.33125 0.25277777777777777 0.0375 0.04375
1 0.32395833333333335 0.23541666666666666 0.035416666666666666 0.034027777777777775
1 0.3078125 0.1326388888888889 0.03229166666666667 0.03333333333333333
1 0.2869791666666667 0.03680555555555556 0.030729166666666665 0.029861111111111113
1 0.228125 0.06527777777777778 0.017708333333333333 0.03888888888888889
3 0.21197916666666666 0.10625 0.03697916666666667 0.04513888888888889
1 0.1921875 0.10972222222222222 0.0296875 0.03611111111111111
1 0.10572916666666667 0.8444444444444444 0.0546875 0.05347222222222222
1 0.1234375 0.8965277777777778 0.06145833333333333 0.05486111111111111
1 0.0796875 0.7006944444444444 0.03958333333333333 0.03819444444444445
1 0.07708333333333334 0.6694444444444444 0.051041666666666666 0.03958333333333333
1 0.058854166666666666 0.5972222222222222 0.04010416666666667 0.04513888888888889
1 0.04635416666666667 0.5305555555555556 0.041666666666666664 0.035416666666666666