1 0.4661458333333333 0.9784722222222222 0.019270833333333334 0.04027777777777778
1 0.4979166666666667 0.9791666666666666 0.01875 0.03958333333333333
1 0.5291666666666667 0.9875 0.015625 0.022916666666666665
1 0.4890625 0.7930555555555555 0.017708333333333333 0.050694444444444445
1 0.5140625 0.7618055555555555 0.017708333333333333 0.052083333333333336
1 0.5416666666666666 0.7104166666666667 0.015625 0.04791666666666667
1 0.5 0.6673611111111111 0.015625 0.050694444444444445
1 0.5276041666666667 0.6270833333333333 0.013541666666666667 0.03819444444444445
1 0.5119791666666667 0.5611111111111111 0.013020833333333334 0.035416666666666666
1 0.5333333333333333 0.5395833333333333 0.011979166666666667 0.035416666666666666
1 0.5197916666666667 0.48819444444444443 0.011979166666666667 0.03194444444444444
1 0.5369791666666667 0.46875 0.011979166666666667 0.029166666666666667
1 0.5223958333333333 0.43333333333333335 0.0109375 0.029166666666666667
1 0.5260416666666666 0.3763888888888889 0.0109375 0.02638888888888889
1 0.5401041666666667 0.38819444444444445 0.0109375 0.027777777777777776
1 0.46927083333333336 0.3298611111111111 0.011458333333333333 0.022916666666666665
3 0.4473958333333333 0.30277777777777776 0.009375 0.024305555555555556
1 0.46197916666666666 0.1451388888888889 0.008333333333333333 0.011111111111111112
2 0.4375 0.06527777777777778 0.013541666666666667 0.02638888888888889
3 0.4583333333333333 0.006944444444444444 0.009375 0.013888888888888888
2 0.5083333333333333 0.06388888888888888 0.013541666666666667 0.02638888888888889
1 0.5072916666666667 0.050694444444444445 0.009375 0.010416666666666666
1 0.5208333333333334 0.03194444444444444 0.008333333333333333 0.0125
1 0.5380208333333333 0.09236111111111112 0.011458333333333333 0.015277777777777777
1 0.5609375 0.09513888888888888 0.0109375 0.015277777777777777
1 0.6427083333333333 0.23819444444444443 0.016666666666666666 0.021527777777777778
3 0.59375 0.11527777777777778 0.011979166666666667 0.02013888888888889
1 0.6973958333333333 0.16458333333333333 0.015104166666666667 0.016666666666666666
1 0.6932291666666667 0.15763888888888888 0.015104166666666667 0.015277777777777777
1 0.78125 0.2361111111111111 0.019270833333333334 0.018055555555555554
3 0.8052083333333333 0.24097222222222223 0.017708333333333333 0.02013888888888889
1 0.8442708333333333 0.2534722222222222 0.01875 0.016666666666666666
0 0.8630208333333333 0.26666666666666666 0.03125 0.027777777777777776
1 0.8723958333333334 0.2743055555555556 0.022916666666666665 0.018055555555555554
1 0.878125 0.28055555555555556 0.019270833333333334 0.018055555555555554
1 0.8848958333333333 0.28541666666666665 0.019270833333333334 0.02013888888888889
3 0.89375 0.2902777777777778 0.021354166666666667 0.018055555555555554
0 0.9 0.29791666666666666 0.0328125 0.029166666666666667
1 0.9109375 0.30625 0.020833333333333332 0.01875
1 0.91875 0.3138888888888889 0.0234375 0.01875
1 0.9333333333333333 0.3284722222222222 0.019791666666666666 0.018055555555555554
2 0.9510416666666667 0.3347222222222222 0.0390625 0.04027777777777778
1 0.9630208333333333 0.3486111111111111 0.025 0.024305555555555556
2 0.8635416666666667 0.3111111111111111 0.04583333333333333 0.04791666666666667
2 0.7911458333333333 0.27708333333333335 0.040625 0.034027777777777775
2 0.8005208333333333 0.2861111111111111 0.044270833333333336 0.03680555555555556
2 0.8109375 0.2965277777777778 0.0359375 0.03194444444444444
2 0.8182291666666667 0.3076388888888889 0.04635416666666667 0.044444444444444446
0 0.8239583333333333 0.325 0.036458333333333336 0.035416666666666666
0 0.8322916666666667 0.33055555555555555 0.034375 0.03680555555555556
2 0.8473958333333333 0.3368055555555556 0.050520833333333334 0.04722222222222222
2 0.8583333333333333 0.34930555555555554 0.0515625 0.043055555555555555
2 0.8677083333333333 0.3597222222222222 0.04739583333333333 0.03958333333333333
3 0.9307291666666667 0.4076388888888889 0.030208333333333334 0.027777777777777776
1 0.7463541666666667 0.4111111111111111 0.024479166666666666 0.030555555555555555
2 0.446875 0.5354166666666667 0.020833333333333332 0.05555555555555555