1 0.4666666666666667 0.9180555555555555 0.019791666666666666 0.07430555555555556
1 0.5010416666666667 0.90625 0.019270833333333334 0.06388888888888888
1 0.5697916666666667 0.9465277777777777 0.025 0.07430555555555556
1 0.6786458333333333 0.6263888888888889 0.0359375 0.022916666666666665
1 0.6286458333333333 0.49444444444444446 0.024479166666666666 0.017361111111111112
1 0.5447916666666667 0.6881944444444444 0.01875 0.043055555555555555
1 0.6958333333333333 0.6673611111111111 0.03697916666666667 0.022222222222222223
1 0.703125 0.6875 0.0390625 0.025
1 0.709375 0.7131944444444445 0.04010416666666667 0.02361111111111111
1 0.7302083333333333 0.7645833333333333 0.041666666666666664 0.027777777777777776
1 0.7166666666666667 0.7388888888888889 0.042708333333333334 0.027777777777777776
0 0.48489583333333336 0.6972222222222222 0.025520833333333333 0.12777777777777777
2 0.5166666666666667 0.5263888888888889 0.01875 0.03680555555555556
2 0.55 0.5701388888888889 0.019791666666666666 0.043055555555555555
2 0.5067708333333333 0.46111111111111114 0.017708333333333333 0.06180555555555556
2 0.5276041666666667 0.42986111111111114 0.01875 0.041666666666666664
2 0.47552083333333334 0.3680555555555556 0.015625 0.07361111111111111
2 0.5015625 0.40069444444444446 0.013541666666666667 0.029861111111111113
2 0.5109375 0.3402777777777778 0.0109375 0.022222222222222223
2 0.471875 0.29791666666666666 0.0109375 0.034027777777777775
2 0.4953125 0.3229166666666667 0.011979166666666667 0.025
2 0.4890625 0.2611111111111111 0.009375 0.02638888888888889
2 0.4984375 0.24166666666666667 0.009375 0.022222222222222223
2 0.5052083333333334 0.29444444444444445 0.011979166666666667 0.02361111111111111
2 0.5088541666666667 0.3145833333333333 0.009375 0.022222222222222223
2 0.5109375 0.20347222222222222 0.030208333333333334 0.017361111111111112
2 0.5307291666666667 0.20069444444444445 0.022916666666666665 0.013194444444444444
1 0.5328125 0.3125 0.008333333333333333 0.011111111111111112
1 0.4953125 0.34305555555555556 0.0078125 0.013194444444444444
1 0.5145833333333333 0.37222222222222223 0.0078125 0.013194444444444444
1 0.49895833333333334 0.3625 0.0078125 0.01597222222222222
1 0.49166666666666664 0.2986111111111111 0.005208333333333333 0.008333333333333333
1 0.4640625 0.3388888888888889 0.0078125 0.015277777777777777
1 0.49947916666666664 0.37916666666666665 0.008333333333333333 0.013194444444444444
1 0.5145833333333333 0.38958333333333334 0.0078125 0.015277777777777777
1 0.51875 0.4083333333333333 0.008333333333333333 0.01875
3 0.5473958333333333 0.3638888888888889 0.0078125 0.017361111111111112
1 0.11041666666666666 0.7243055555555555 0.03333333333333333 0.043055555555555555
3 0.0859375 0.6388888888888888 0.0390625 0.025694444444444443
2 0.46770833333333334 0.19305555555555556 0.007291666666666667 0.013194444444444444
2 0.47604166666666664 0.19027777777777777 0.00625 0.013194444444444444
1 0.5390625 0.20555555555555555 0.011458333333333333 0.005555555555555556
1 0.5072916666666667 0.24166666666666667 0.005729166666666666 0.007638888888888889
1 0.503125 0.28055555555555556 0.00625 0.004861111111111111
1 0.5010416666666667 0.27291666666666664 0.00625 0.008333333333333333
1 0.5020833333333333 0.26458333333333334 0.004166666666666667 0.007638888888888889
1 0.5010416666666667 0.25833333333333336 0.005208333333333333 0.008333333333333333
1 0.54375 0.2777777777777778 0.007291666666666667 0.011111111111111112
1 0.5328125 0.3034722222222222 0.011458333333333333 0.010416666666666666
1 0.46510416666666665 0.28125 0.00625 0.010416666666666666
1 0.49375 0.27708333333333335 0.005729166666666666 0.007638888888888889
2 0.4901041666666667 0.28541666666666665 0.0078125 0.014583333333333334
1 0.5385416666666667 0.48680555555555555 0.0140625 0.020833333333333332
1 0.47604166666666664 0.49444444444444446 0.011979166666666667 0.02638888888888889
3 0.5375 0.5284722222222222 0.015104166666666667 0.030555555555555555
1 0.471875 0.1798611111111111 0.0036458333333333334 0.004861111111111111
1 0.46927083333333336 0.18541666666666667 0.004166666666666667 0.004861111111111111
2 0.37864583333333335 0.21736111111111112 0.03697916666666667 0.017361111111111112
2 0.34427083333333336 0.22291666666666668 0.024479166666666666 0.013194444444444444