3 0.5572916666666666 0.7284722222222222 0.05416666666666667 0.06666666666666667
2 0.5546875 0.8194444444444444 0.08229166666666667 0.10208333333333333
1 0.025520833333333333 0.9868055555555556 0.03125 0.02638888888888889
1 0.05625 0.9694444444444444 0.04791666666666667 0.06111111111111111
1 0.0828125 0.9493055555555555 0.04583333333333333 0.08263888888888889
1 0.11770833333333333 0.9277777777777778 0.050520833333333334 0.08194444444444444
1 0.2734375 0.7868055555555555 0.05520833333333333 0.06388888888888888
1 0.4265625 0.6340277777777777 0.05625 0.06875
3 0.4 0.9743055555555555 0.057291666666666664 0.05138888888888889
1 0.475 0.6118055555555556 0.04739583333333333 0.06736111111111111
1 0.4979166666666667 0.5881944444444445 0.042708333333333334 0.06180555555555556
1 0.5197916666666667 0.5597222222222222 0.050520833333333334 0.06666666666666667
1 0.5442708333333334 0.5388888888888889 0.04739583333333333 0.06875
1 0.7041666666666667 0.4756944444444444 0.049479166666666664 0.059722222222222225
1 0.6755208333333333 0.4173611111111111 0.04479166666666667 0.06458333333333334
2 0.7109375 0.39444444444444443 0.07135416666666666 0.0875
1 0.721875 0.36041666666666666 0.04635416666666667 0.06180555555555556
3 0.7484375 0.3388888888888889 0.05364583333333333 0.06597222222222222
1 0.7890625 0.38125 0.04583333333333333 0.058333333333333334
1 0.8234375 0.46319444444444446 0.04739583333333333 0.052083333333333336
1 0.8088541666666667 0.20347222222222222 0.04479166666666667 0.05555555555555555
1 0.8583333333333333 0.16111111111111112 0.04635416666666667 0.05416666666666667
1 0.8682291666666667 0.1326388888888889 0.04635416666666667 0.059027777777777776
1 0.8817708333333333 0.10138888888888889 0.04791666666666667 0.058333333333333334
3 0.921875 0.06111111111111111 0.04791666666666667 0.0763888888888889
1 0.6880208333333333 0.9645833333333333 0.049479166666666664 0.07013888888888889
1 0.7151041666666667 0.9534722222222223 0.05625 0.08472222222222223
1 0.7322916666666667 0.91875 0.052083333333333336 0.07777777777777778
3 0.7630208333333334 0.8930555555555556 0.0515625 0.07777777777777778
1 0.7869791666666667 0.8618055555555556 0.05260416666666667 0.07777777777777778
1 0.8072916666666666 0.83125 0.049479166666666664 0.07361111111111111
1 0.8635416666666667 0.9847222222222223 0.05625 0.030555555555555555
1 0.95 0.9236111111111112 0.06145833333333333 0.075
1 0.871875 0.7506944444444444 0.052083333333333336 0.07708333333333334
1 0.9380208333333333 0.39791666666666664 0.04791666666666667 0.05416666666666667