1 0.3046875 0.8736111111111111 0.030729166666666665 0.10277777777777777
1 0.515625 0.9666666666666667 0.025520833333333333 0.06458333333333334
3 0.5838541666666667 0.6430555555555556 0.0234375 0.1
2 0.628125 0.6819444444444445 0.03229166666666667 0.18680555555555556
2 0.509375 0.5076388888888889 0.03125 0.12152777777777778
2 0.5848958333333333 0.2659722222222222 0.01875 0.0875
1 0.5369791666666667 0.11041666666666666 0.0171875 0.050694444444444445
1 0.2942708333333333 0.21319444444444444 0.01875 0.058333333333333334
3 0.071875 0.06111111111111111 0.04479166666666667 0.035416666666666666
1 0.07552083333333333 0.03611111111111111 0.04583333333333333 0.03194444444444444
2 0.08229166666666667 0.01597222222222222 0.06145833333333333 0.03194444444444444