2 0.4276041666666667 0.9402777777777778 0.059375 0.11875
1 0.4317708333333333 0.8645833333333334 0.0234375 0.05138888888888889
1 0.46510416666666665 0.7958333333333333 0.0234375 0.04097222222222222
1 0.4515625 0.7527777777777778 0.021354166666666667 0.035416666666666666
1 0.475 0.7493055555555556 0.0171875 0.034027777777777775
3 0.5083333333333333 0.7020833333333333 0.016666666666666666 0.029861111111111113
3 0.4953125 0.64375 0.0109375 0.01875
3 0.5567708333333333 0.5659722222222222 0.00625 0.010416666666666666
1 0.5619791666666667 0.6590277777777778 0.0140625 0.017361111111111112
1 0.5822916666666667 0.6326388888888889 0.013020833333333334 0.018055555555555554
2 0.5651041666666666 0.5888888888888889 0.0109375 0.02013888888888889
1 0.5140625 0.6277777777777778 0.0109375 0.01875
1 0.4765625 0.6534722222222222 0.011979166666666667 0.017361111111111112
1 0.4859375 0.6222222222222222 0.011458333333333333 0.015277777777777777
1 0.5 0.6048611111111111 0.009895833333333333 0.015277777777777777
1 0.51875 0.5965277777777778 0.009895833333333333 0.014583333333333334
1 0.49583333333333335 0.5854166666666667 0.009375 0.013194444444444444
1 0.5166666666666667 0.5763888888888888 0.0078125 0.009722222222222222
1 0.5104166666666666 0.5583333333333333 0.0078125 0.010416666666666666
1 0.5223958333333333 0.5479166666666667 0.005208333333333333 0.006944444444444444
1 0.50625 0.5472222222222223 0.007291666666666667 0.008333333333333333
1 0.5635416666666667 0.51875 0.008333333333333333 0.006944444444444444
1 0.5098958333333333 0.5340277777777778 0.005208333333333333 0.007638888888888889
3 0.5177083333333333 0.53125 0.004166666666666667 0.006944444444444444
1 0.5255208333333333 0.5229166666666667 0.005208333333333333 0.005555555555555556
1 0.51875 0.5215277777777778 0.004166666666666667 0.006944444444444444
1 0.5140625 0.5173611111111112 0.0036458333333333334 0.004861111111111111
1 0.5166666666666667 0.5125 0.0036458333333333334 0.003472222222222222
1 0.5270833333333333 0.5145833333333333 0.004166666666666667 0.004861111111111111
0 0.5276041666666667 0.5069444444444444 0.0036458333333333334 0.006944444444444444
1 0.5213541666666667 0.5083333333333333 0.0026041666666666665 0.004861111111111111
1 0.5223958333333333 0.5013888888888889 0.0036458333333333334 0.004861111111111111
1 0.5385416666666667 0.48125 0.0026041666666666665 0.002777777777777778
1 0.5276041666666667 0.4777777777777778 0.0020833333333333333 0.002777777777777778
2 0.5369791666666667 0.4777777777777778 0.0020833333333333333 0.002777777777777778
2 0.5359375 0.47430555555555554 0.0020833333333333333 0.003472222222222222
2 0.5390625 0.4736111111111111 0.0026041666666666665 0.003472222222222222