1 0.2171875 0.8201388888888889 0.053125 0.075
2 0.2125 0.6076388888888888 0.10833333333333334 0.15902777777777777
2 0.275 0.8118055555555556 0.0921875 0.175
1 0.3223958333333333 0.45 0.01875 0.019444444444444445
1 0.3411458333333333 0.42569444444444443 0.0140625 0.017361111111111112
3 0.31927083333333334 0.39861111111111114 0.019791666666666666 0.013888888888888888
1 0.3875 0.48125 0.013541666666666667 0.020833333333333332
2 0.4109375 0.3375 0.0067708333333333336 0.009027777777777777
1 0.40260416666666665 0.3173611111111111 0.0046875 0.00625
1 0.38125 0.2972222222222222 0.0067708333333333336 0.003472222222222222
1 0.390625 0.29930555555555555 0.0078125 0.004166666666666667
3 0.396875 0.2965277777777778 0.00625 0.003472222222222222
3 0.3458333333333333 0.2951388888888889 0.004166666666666667 0.00625
3 0.340625 0.2951388888888889 0.004166666666666667 0.005555555555555556
1 0.33489583333333334 0.2951388888888889 0.0046875 0.005555555555555556
3 0.32864583333333336 0.29791666666666666 0.0067708333333333336 0.004861111111111111
2 0.14270833333333333 0.4263888888888889 0.035416666666666666 0.022222222222222223
1 0.4453125 0.29930555555555555 0.010416666666666666 0.004861111111111111
1 0.7411458333333333 0.98125 0.11614583333333334 0.0375
1 0.6994791666666667 0.8729166666666667 0.09270833333333334 0.06875
1 0.85625 0.8020833333333334 0.0921875 0.058333333333333334
1 0.8239583333333333 0.7555555555555555 0.07916666666666666 0.04722222222222222
1 0.6463541666666667 0.75 0.0765625 0.04722222222222222
1 0.7583333333333333 0.6569444444444444 0.06197916666666667 0.03680555555555556
1 0.6078125 0.6402777777777777 0.057291666666666664 0.03263888888888889
3 0.7083333333333334 0.5819444444444445 0.05572916666666667 0.03263888888888889
1 0.590625 0.5854166666666667 0.05364583333333333 0.02847222222222222
1 0.646875 0.48819444444444443 0.0375 0.02013888888888889
1 0.6307291666666667 0.4638888888888889 0.034375 0.018055555555555554
1 0.6145833333333334 0.44375 0.03125 0.01597222222222222
1 0.603125 0.42291666666666666 0.028125 0.013194444444444444
1 0.6010416666666667 0.4166666666666667 0.028125 0.011111111111111112
1 0.5973958333333333 0.4125 0.0234375 0.010416666666666666
1 0.5921875 0.40694444444444444 0.028125 0.0125
1 0.5291666666666667 0.4131944444444444 0.019270833333333334 0.015277777777777777
1 0.5489583333333333 0.38055555555555554 0.019791666666666666 0.0125
1 0.5864583333333333 0.37222222222222223 0.014583333333333334 0.011805555555555555
1 0.6239583333333333 0.3784722222222222 0.01875 0.009722222222222222
1 0.5666666666666667 0.37777777777777777 0.019270833333333334 0.009027777777777777
1 0.5619791666666667 0.37083333333333335 0.019791666666666666 0.009722222222222222
1 0.5625 0.3680555555555556 0.016666666666666666 0.008333333333333333
1 0.5536458333333333 0.3625 0.021354166666666667 0.008333333333333333
1 0.5515625 0.35833333333333334 0.016145833333333335 0.007638888888888889
1 0.5453125 0.35138888888888886 0.015625 0.009027777777777777
1 0.5270833333333333 0.3576388888888889 0.0109375 0.009027777777777777
1 0.5364583333333334 0.34652777777777777 0.016666666666666666 0.008333333333333333
1 0.5333333333333333 0.3423611111111111 0.0125 0.00625
1 0.5302083333333333 0.3416666666666667 0.013541666666666667 0.006944444444444444
3 0.5151041666666667 0.3701388888888889 0.013020833333333334 0.019444444444444445
3 0.5088541666666667 0.3597222222222222 0.015104166666666667 0.011805555555555555
1 0.4984375 0.3458333333333333 0.018229166666666668 0.009027777777777777
1 0.48489583333333336 0.3333333333333333 0.014583333333333334 0.00625
1 0.46875 0.31875 0.014583333333333334 0.007638888888888889
1 0.4630208333333333 0.3145833333333333 0.013541666666666667 0.005555555555555556
1 0.4947916666666667 0.31527777777777777 0.0109375 0.005555555555555556
1 0.50625 0.3236111111111111 0.009375 0.005555555555555556
1 0.50625 0.3215277777777778 0.011458333333333333 0.004861111111111111
1 0.49322916666666666 0.3138888888888889 0.013020833333333334 0.005555555555555556
3 0.5234375 0.32083333333333336 0.0109375 0.008333333333333333
3 0.4942708333333333 0.3125 0.009895833333333333 0.006944444444444444
2 0.35 0.6243055555555556 0.049479166666666664 0.06319444444444444