1 0.40677083333333336 0.059027777777777776 0.017708333333333333 0.04097222222222222
1 0.403125 0.022916666666666665 0.013020833333333334 0.03333333333333333
1 0.478125 0.052083333333333336 0.016145833333333335 0.03333333333333333
1 0.5125 0.049305555555555554 0.019270833333333334 0.03611111111111111
1 0.5333333333333333 0.04722222222222222 0.019270833333333334 0.03680555555555556
1 0.4432291666666667 0.16180555555555556 0.018229166666666668 0.03958333333333333
1 0.484375 0.15138888888888888 0.019270833333333334 0.03611111111111111
1 0.5625 0.1388888888888889 0.020833333333333332 0.03611111111111111
2 0.34791666666666665 0.22430555555555556 0.03229166666666667 0.09722222222222222
1 0.34375 0.15625 0.0265625 0.021527777777777778
1 0.340625 0.1375 0.021875 0.02013888888888889
1 0.33645833333333336 0.08819444444444445 0.027604166666666666 0.022222222222222223
1 0.3375 0.07291666666666667 0.0234375 0.017361111111111112
1 0.33645833333333336 0.059722222222222225 0.0265625 0.019444444444444445
1 0.3703125 0.39652777777777776 0.04791666666666667 0.04375
1 0.37395833333333334 0.46458333333333335 0.0546875 0.04375
1 0.5723958333333333 0.45694444444444443 0.034895833333333334 0.07152777777777777
1 0.7239583333333334 0.4131944444444444 0.027083333333333334 0.03958333333333333
1 0.6026041666666667 0.6798611111111111 0.06197916666666667 0.05555555555555555
1 0.5916666666666667 0.6166666666666667 0.058854166666666666 0.05763888888888889
1 0.6026041666666667 0.9236111111111112 0.06302083333333333 0.11527777777777778
2 0.6515625 0.8291666666666667 0.08489583333333334 0.08611111111111111