1 0.1859375 0.5388888888888889 0.14739583333333334 0.09444444444444444
1 0.31979166666666664 0.4465277777777778 0.04583333333333333 0.04583333333333333
1 0.32760416666666664 0.3993055555555556 0.059375 0.025694444444444443
1 0.38697916666666665 0.4027777777777778 0.049479166666666664 0.04027777777777778
1 0.5572916666666666 0.40694444444444444 0.03854166666666667 0.03819444444444445
1 0.5041666666666667 0.39861111111111114 0.042708333333333334 0.03125
1 0.5682291666666667 0.38125 0.029166666666666667 0.03125
1 0.6447916666666667 0.35625 0.015625 0.015277777777777777
1 0.6963541666666667 0.35 0.015625 0.02013888888888889
0 0.6651041666666667 0.3388888888888889 0.019791666666666666 0.02361111111111111
1 0.60625 0.36180555555555555 0.021354166666666667 0.020833333333333332
1 0.6395833333333333 0.34652777777777777 0.011979166666666667 0.014583333333333334
1 0.6541666666666667 0.3284722222222222 0.013020833333333334 0.011111111111111112
1 0.09375 0.7270833333333333 0.18697916666666667 0.21458333333333332
1 0.7729166666666667 0.35555555555555557 0.024479166666666666 0.01597222222222222
1 0.8640625 0.36736111111111114 0.0359375 0.020833333333333332
1 0.8890625 0.36041666666666666 0.036458333333333336 0.02361111111111111