1 0.68125 0.059027777777777776 0.027604166666666666 0.03125
1 0.721875 0.04652777777777778 0.024479166666666666 0.03125
1 0.709375 0.14027777777777778 0.027604166666666666 0.03680555555555556
1 0.7395833333333334 0.13055555555555556 0.028125 0.035416666666666666
1 0.7744791666666667 0.022222222222222223 0.028125 0.022222222222222223
1 0.8197916666666667 0.1701388888888889 0.03229166666666667 0.03263888888888889
1 0.8505208333333333 0.19791666666666666 0.03229166666666667 0.03611111111111111
1 0.9635416666666666 0.15069444444444444 0.03854166666666667 0.027083333333333334
3 0.959375 0.3625 0.027083333333333334 0.058333333333333334
1 0.5432291666666667 0.5326388888888889 0.03854166666666667 0.06527777777777778
1 0.5067708333333333 0.47847222222222224 0.043229166666666666 0.06180555555555556
1 0.23177083333333334 0.3326388888888889 0.019270833333333334 0.04722222222222222
2 0.23802083333333332 0.36319444444444443 0.0390625 0.04722222222222222
1 0.27239583333333334 0.4361111111111111 0.0453125 0.04722222222222222
1 0.2838541666666667 0.4736111111111111 0.052083333333333336 0.05277777777777778
1 0.20520833333333333 0.05694444444444444 0.036458333333333336 0.030555555555555555
1 0.09895833333333333 0.3472222222222222 0.022395833333333334 0.04791666666666667
1 0.3234375 0.5895833333333333 0.04375 0.07152777777777777
1 0.8177083333333334 0.8784722222222222 0.0484375 0.10555555555555556
1 0.8510416666666667 0.9236111111111112 0.043229166666666666 0.09375
1 0.8916666666666667 0.9479166666666666 0.046875 0.08888888888888889
2 0.7067708333333333 0.7277777777777777 0.11875 0.18055555555555555