1 0.7708333333333334 0.6645833333333333 0.08541666666666667 0.06805555555555555
1 0.58125 0.39861111111111114 0.0234375 0.04236111111111111
1 0.09739583333333333 0.75625 0.09739583333333333 0.07361111111111111
1 0.3807291666666667 0.6541666666666667 0.07916666666666666 0.06805555555555555
3 0.490625 0.6027777777777777 0.06510416666666667 0.09027777777777778
3 0.4557291666666667 0.4888888888888889 0.059375 0.04791666666666667
2 0.640625 0.36319444444444443 0.035416666666666666 0.11041666666666666
2 0.5682291666666667 0.26458333333333334 0.015625 0.034027777777777775
3 0.5895833333333333 0.17916666666666667 0.005208333333333333 0.013888888888888888
2 0.6229166666666667 0.25763888888888886 0.010416666666666666 0.022916666666666665
2 0.5885416666666666 0.12222222222222222 0.005729166666666666 0.013888888888888888
1 0.4864583333333333 0.45555555555555555 0.0359375 0.03680555555555556
1 0.4265625 0.5930555555555556 0.06875 0.049305555555555554
3 0.425 0.5548611111111111 0.053125 0.03333333333333333
1 0.825 0.5159722222222223 0.0640625 0.044444444444444446