1 0.871875 0.7305555555555555 0.1390625 0.08958333333333333
1 0.8755208333333333 0.6104166666666667 0.12708333333333333 0.06875
1 0.5630208333333333 0.6472222222222223 0.027604166666666666 0.07152777777777777
1 0.9333333333333333 0.5097222222222222 0.12916666666666668 0.07152777777777777
1 0.9104166666666667 0.4513888888888889 0.11197916666666667 0.07013888888888889
1 0.9265625 0.38680555555555557 0.109375 0.07430555555555556
1 0.9005208333333333 0.35138888888888886 0.09270833333333334 0.06875
2 0.8307291666666666 0.043055555555555555 0.084375 0.08611111111111111
2 0.7848958333333333 0.03958333333333333 0.025520833333333333 0.027777777777777776
1 0.7427083333333333 0.09236111111111112 0.029166666666666667 0.030555555555555555
2 0.7796875 0.08472222222222223 0.030729166666666665 0.05694444444444444
3 0.7708333333333334 0.13680555555555557 0.030208333333333334 0.050694444444444445
1 0.7494791666666667 0.15069444444444444 0.0265625 0.034027777777777775
2 0.7364583333333333 0.20625 0.0484375 0.08472222222222223
1 0.6833333333333333 0.2791666666666667 0.03333333333333333 0.05138888888888889
2 0.65 0.29444444444444445 0.044270833333333336 0.07222222222222222
2 0.675 0.32430555555555557 0.034375 0.04861111111111111
1 0.6208333333333333 0.42083333333333334 0.03125 0.05555555555555555
1 0.6125 0.39166666666666666 0.030729166666666665 0.04791666666666667
2 0.5822916666666667 0.4041666666666667 0.030729166666666665 0.05416666666666667
1 0.5354166666666667 0.5145833333333333 0.036458333333333336 0.06319444444444444
1 0.47239583333333335 0.5993055555555555 0.0359375 0.059027777777777776
2 0.5640625 0.22013888888888888 0.03125 0.04791666666666667
2 0.5291666666666667 0.26875 0.0484375 0.07361111111111111
1 0.6463541666666667 0.1909722222222222 0.025520833333333333 0.03125
3 0.7635416666666667 0.013194444444444444 0.015625 0.025694444444444443
1 0.6651041666666667 0.13194444444444445 0.019270833333333334 0.027777777777777776
1 0.6541666666666667 0.16597222222222222 0.022916666666666665 0.02638888888888889
1 0.615625 0.19791666666666666 0.019791666666666666 0.022222222222222223
1 0.615625 0.1798611111111111 0.0171875 0.022916666666666665
1 0.63125 0.17291666666666666 0.019270833333333334 0.022222222222222223
1 0.6515625 0.1423611111111111 0.017708333333333333 0.025694444444444443
1 0.6416666666666667 0.1423611111111111 0.015625 0.02361111111111111
3 0.17447916666666666 0.9 0.0265625 0.05138888888888889
1 0.2526041666666667 0.8173611111111111 0.019791666666666666 0.025
1 0.26510416666666664 0.7881944444444444 0.021354166666666667 0.027777777777777776
1 0.2864583333333333 0.7590277777777777 0.019791666666666666 0.025
1 0.2989583333333333 0.73125 0.0234375 0.030555555555555555
1 0.33958333333333335 0.6736111111111112 0.022395833333333334 0.022916666666666665
1 0.3229166666666667 0.6680555555555555 0.021354166666666667 0.022222222222222223
1 0.28541666666666665 0.7215277777777778 0.016666666666666666 0.02361111111111111
1 0.27708333333333335 0.7201388888888889 0.0140625 0.01875
1 0.26510416666666664 0.7145833333333333 0.015625 0.018055555555555554
1 0.2578125 0.7111111111111111 0.0140625 0.01597222222222222
1 0.24947916666666667 0.7083333333333334 0.009895833333333333 0.014583333333333334
1 0.2453125 0.7034722222222223 0.011979166666666667 0.013194444444444444
1 0.27291666666666664 0.7493055555555556 0.019791666666666666 0.02013888888888889
1 0.26145833333333335 0.74375 0.011458333333333333 0.020833333333333332
1 0.25364583333333335 0.7395833333333334 0.013020833333333334 0.02013888888888889
1 0.24739583333333334 0.7340277777777777 0.0140625 0.01875
1 0.23958333333333334 0.7305555555555555 0.009375 0.015277777777777777
1 0.23489583333333333 0.7243055555555555 0.0109375 0.018055555555555554
1 0.22760416666666666 0.7222222222222222 0.013020833333333334 0.018055555555555554
1 0.21979166666666666 0.7145833333333333 0.013020833333333334 0.014583333333333334
1 0.2125 0.7090277777777778 0.009375 0.014583333333333334
1 0.22760416666666666 0.6979166666666666 0.011458333333333333 0.018055555555555554
1 0.24791666666666667 0.6826388888888889 0.0140625 0.017361111111111112
1 0.29635416666666664 0.6673611111111111 0.01875 0.020833333333333332
1 0.21927083333333333 0.6944444444444444 0.011458333333333333 0.013194444444444444
1 0.24479166666666666 0.8041666666666667 0.020833333333333332 0.02361111111111111
1 0.2546875 0.7756944444444445 0.015104166666666667 0.02013888888888889
1 0.23802083333333332 0.7868055555555555 0.01875 0.018055555555555554
1 0.246875 0.7680555555555556 0.019270833333333334 0.01597222222222222
1 0.24010416666666667 0.7604166666666666 0.013020833333333334 0.018055555555555554
1 0.23229166666666667 0.7576388888888889 0.013541666666666667 0.018055555555555554
1 0.22239583333333332 0.7770833333333333 0.0140625 0.017361111111111112
1 0.21510416666666668 0.7694444444444445 0.013541666666666667 0.017361111111111112
1 0.2234375 0.7444444444444445 0.013020833333333334 0.01875
2 0.20885416666666667 0.7375 0.020833333333333332 0.025694444444444443
1 0.20104166666666667 0.7340277777777777 0.015104166666666667 0.020833333333333332
1 0.1890625 0.7854166666666667 0.0109375 0.017361111111111112
1 0.17708333333333334 0.7631944444444444 0.011458333333333333 0.015277777777777777
1 0.1703125 0.7520833333333333 0.00625 0.015277777777777777
1 0.19166666666666668 0.7173611111111111 0.009895833333333333 0.008333333333333333
1 0.34739583333333335 0.6006944444444444 0.01875 0.018055555555555554
1 0.3177083333333333 0.5944444444444444 0.013020833333333334 0.017361111111111112
2 0.29322916666666665 0.5888888888888889 0.015104166666666667 0.017361111111111112
1 0.2703125 0.6083333333333333 0.009375 0.0125
1 0.2671875 0.5902777777777778 0.007291666666666667 0.009722222222222222
1 0.24947916666666667 0.5930555555555556 0.0078125 0.007638888888888889
1 0.2390625 0.6131944444444445 0.0078125 0.008333333333333333
1 0.21979166666666666 0.6138888888888889 0.005208333333333333 0.006944444444444444
1 0.2125 0.6222222222222222 0.005208333333333333 0.007638888888888889
1 0.20833333333333334 0.6305555555555555 0.005729166666666666 0.007638888888888889
1 0.19791666666666666 0.6375 0.004166666666666667 0.006944444444444444
1 0.20364583333333333 0.6277777777777778 0.004166666666666667 0.004861111111111111
1 0.19947916666666668 0.6277777777777778 0.0036458333333333334 0.006944444444444444
1 0.20729166666666668 0.6159722222222223 0.0036458333333333334 0.004861111111111111
2 0.15052083333333333 0.6840277777777778 0.0078125 0.007638888888888889
1 0.16510416666666666 0.7340277777777777 0.0078125 0.011111111111111112
1 0.1859375 0.7083333333333334 0.008333333333333333 0.009722222222222222
1 0.1984375 0.7006944444444444 0.0078125 0.008333333333333333
1 0.19583333333333333 0.6854166666666667 0.007291666666666667 0.009722222222222222
1 0.18645833333333334 0.6930555555555555 0.007291666666666667 0.008333333333333333
1 0.1765625 0.7020833333333333 0.007291666666666667 0.008333333333333333
1 0.16197916666666667 0.725 0.007291666666666667 0.009722222222222222
0 0.15625 0.7131944444444445 0.00625 0.008333333333333333
1 0.17083333333333334 0.6993055555555555 0.005208333333333333 0.007638888888888889
1 0.18020833333333333 0.6902777777777778 0.005208333333333333 0.008333333333333333
1 0.1859375 0.6763888888888889 0.00625 0.007638888888888889
1 0.178125 0.6763888888888889 0.005208333333333333 0.006944444444444444
1 0.17552083333333332 0.6736111111111112 0.005208333333333333 0.005555555555555556
1 0.16875 0.6777777777777778 0.005729166666666666 0.008333333333333333
1 0.16145833333333334 0.6861111111111111 0.004166666666666667 0.006944444444444444
1 0.1921875 0.6263888888888889 0.004166666666666667 0.005555555555555556
1 0.19375 0.6340277777777777 0.0036458333333333334 0.002777777777777778
2 0.18697916666666667 0.6430555555555556 0.00625 0.006944444444444444
1 0.18125 0.6395833333333333 0.0026041666666666665 0.004861111111111111
1 0.18645833333333334 0.63125 0.004166666666666667 0.003472222222222222
1 0.17395833333333333 0.6402777777777777 0.0036458333333333334 0.003472222222222222
1 0.17395833333333333 0.6361111111111111 0.0036458333333333334 0.003472222222222222
1 0.17604166666666668 0.6298611111111111 0.0036458333333333334 0.003472222222222222