1 0.25833333333333336 0.39791666666666664 0.04010416666666667 0.03680555555555556
3 0.24270833333333333 0.46597222222222223 0.01875 0.06875
3 0.2677083333333333 0.4625 0.01875 0.07013888888888889
3 0.22916666666666666 0.6416666666666667 0.019791666666666666 0.09027777777777778
3 0.27760416666666665 0.5979166666666667 0.01875 0.08611111111111111
1 0.228125 0.7305555555555555 0.019270833333333334 0.0625
1 0.37604166666666666 0.3659722222222222 0.036458333333333336 0.029166666666666667
1 0.4359375 0.3333333333333333 0.016666666666666666 0.059722222222222225
3 0.4578125 0.3173611111111111 0.01875 0.05347222222222222
1 0.9463541666666667 0.4965277777777778 0.03854166666666667 0.050694444444444445
3 0.9458333333333333 0.5631944444444444 0.049479166666666664 0.04027777777777778
3 0.990625 0.5993055555555555 0.01875 0.075
3 0.9494791666666667 0.5965277777777778 0.049479166666666664 0.03819444444444445
3 0.4359375 0.7208333333333333 0.029166666666666667 0.08611111111111111
3 0.23125 0.9375 0.025 0.09236111111111112