1 0.7901041666666667 0.8576388888888888 0.057291666666666664 0.08888888888888889
1 0.7630208333333334 0.8291666666666667 0.059375 0.08472222222222223
1 0.7739583333333333 0.5756944444444444 0.07083333333333333 0.06736111111111111
1 0.6848958333333334 0.3993055555555556 0.059895833333333336 0.05625
2 0.6322916666666667 0.45208333333333334 0.12447916666666667 0.10972222222222222
3 0.5026041666666666 0.28958333333333336 0.03802083333333333 0.06111111111111111
1 0.5192708333333333 0.24513888888888888 0.04583333333333333 0.06597222222222222
1 0.428125 0.23680555555555555 0.03802083333333333 0.06666666666666667
1 0.45729166666666665 0.12013888888888889 0.03854166666666667 0.06597222222222222
1 0.42239583333333336 0.030555555555555555 0.036458333333333336 0.06111111111111111
3 0.5 0.8895833333333333 0.057291666666666664 0.08958333333333333
1 0.4265625 0.9055555555555556 0.07552083333333333 0.08958333333333333
3 0.15520833333333334 0.5736111111111111 0.03854166666666667 0.07361111111111111
1 0.28229166666666666 0.41944444444444445 0.0421875 0.07916666666666666
3 0.11822916666666666 0.46458333333333335 0.036458333333333336 0.075
1 0.103125 0.3972222222222222 0.03802083333333333 0.06666666666666667
3 0.08020833333333334 0.3298611111111111 0.036458333333333336 0.07361111111111111
3 0.04375 0.16597222222222222 0.041666666666666664 0.08263888888888889
3 0.030729166666666665 0.09166666666666666 0.0359375 0.07152777777777777
1 0.022916666666666665 0.03263888888888889 0.028645833333333332 0.05555555555555555