1 0.20989583333333334 0.2916666666666667 0.11510416666666666 0.11041666666666666
1 0.3463541666666667 0.3548611111111111 0.128125 0.08402777777777778
1 0.49895833333333334 0.42430555555555555 0.13072916666666667 0.12013888888888889
1 0.6640625 0.5083333333333333 0.125 0.10694444444444444
1 0.8145833333333333 0.5833333333333334 0.11666666666666667 0.10555555555555556
1 0.35989583333333336 0.6284722222222222 0.13229166666666667 0.11805555555555555
1 0.31197916666666664 0.7201388888888889 0.121875 0.13402777777777777
1 0.51875 0.7256944444444444 0.13125 0.12013888888888889
3 0.70625 0.8284722222222223 0.13125 0.12083333333333333
1 0.8713541666666667 0.8972222222222223 0.15104166666666666 0.1326388888888889
3 0.09583333333333334 0.22361111111111112 0.09635416666666667 0.09097222222222222
1 0.029166666666666667 0.46805555555555556 0.058333333333333334 0.08333333333333333
1 0.9640625 0.6833333333333333 0.071875 0.09236111111111112
1 0.9729166666666667 0.9583333333333334 0.05416666666666667 0.08333333333333333