3 0.5135416666666667 0.044444444444444446 0.025520833333333333 0.016666666666666666
1 0.49270833333333336 0.08611111111111111 0.027083333333333334 0.01597222222222222
1 0.5416666666666666 0.07847222222222222 0.028645833333333332 0.01597222222222222
1 0.5119791666666667 0.10694444444444444 0.030729166666666665 0.017361111111111112
1 0.53125 0.11458333333333333 0.030208333333333334 0.019444444444444445
1 0.5703125 0.12916666666666668 0.019791666666666666 0.024305555555555556
3 0.5739583333333333 0.07916666666666666 0.025520833333333333 0.020833333333333332
1 0.65 0.10069444444444445 0.028125 0.01875
1 0.6901041666666666 0.09097222222222222 0.03125 0.015277777777777777
1 0.6942708333333333 0.10555555555555556 0.03125 0.01875
1 0.73125 0.14305555555555555 0.0375 0.017361111111111112
1 0.725 0.15486111111111112 0.0390625 0.016666666666666666
3 0.7307291666666667 0.10625 0.030729166666666665 0.021527777777777778
3 0.7260416666666667 0.09166666666666666 0.027604166666666666 0.021527777777777778
1 0.6723958333333333 0.13402777777777777 0.0140625 0.024305555555555556
1 0.8182291666666667 0.30416666666666664 0.06145833333333333 0.03263888888888889
1 0.7442708333333333 0.2916666666666667 0.05364583333333333 0.03194444444444444
1 0.6802083333333333 0.28125 0.05625 0.03819444444444445
1 0.7458333333333333 0.3486111111111111 0.026041666666666668 0.05
1 0.6041666666666666 0.26875 0.049479166666666664 0.030555555555555555
1 0.621875 0.32916666666666666 0.030729166666666665 0.041666666666666664
1 0.5119791666666667 0.2534722222222222 0.04583333333333333 0.02847222222222222
3 0.7166666666666667 0.34305555555555556 0.028125 0.04375
3 0.7807291666666667 0.35347222222222224 0.0265625 0.04583333333333333
3 0.6536458333333334 0.32013888888888886 0.022395833333333334 0.03958333333333333
3 0.7479166666666667 0.9347222222222222 0.0734375 0.12986111111111112
1 0.6541666666666667 0.9333333333333333 0.058854166666666666 0.1326388888888889
1 0.40625 0.8041666666666667 0.06510416666666667 0.14375