1 0.7244791666666667 0.09166666666666666 0.016666666666666666 0.022916666666666665
1 0.734375 0.11458333333333333 0.0171875 0.027777777777777776
1 0.7557291666666667 0.16458333333333333 0.01875 0.027777777777777776
1 0.7651041666666667 0.18888888888888888 0.020833333333333332 0.03125
1 0.7932291666666667 0.26319444444444445 0.0234375 0.029861111111111113
1 0.7276041666666667 0.22291666666666668 0.017708333333333333 0.02847222222222222
1 0.7182291666666667 0.19236111111111112 0.016666666666666666 0.02847222222222222
1 0.7088541666666667 0.16666666666666666 0.017708333333333333 0.02638888888888889
1 0.6984375 0.14027777777777778 0.0171875 0.027777777777777776
1 0.6901041666666666 0.11458333333333333 0.0171875 0.025
3 0.8083333333333333 0.3548611111111111 0.025520833333333333 0.043055555555555555
3 0.8260416666666667 0.34930555555555554 0.022395833333333334 0.03819444444444445
3 0.9776041666666667 0.6159722222222223 0.044270833333333336 0.030555555555555555
1 0.8739583333333333 0.6736111111111112 0.052083333333333336 0.03263888888888889
1 0.8822916666666667 0.7145833333333333 0.049479166666666664 0.03611111111111111
1 0.017708333333333333 0.8083333333333333 0.034895833333333334 0.034027777777777775
1 0.0125 0.8465277777777778 0.025 0.034027777777777775
1 0.1125 0.7256944444444444 0.03333333333333333 0.07222222222222222
0 0.20416666666666666 0.7201388888888889 0.07239583333333334 0.18958333333333333
1 0.07239583333333334 0.61875 0.050520833333333334 0.03125
1 0.08333333333333333 0.56875 0.042708333333333334 0.027777777777777776
2 0.10364583333333334 0.5111111111111111 0.058333333333333334 0.04027777777777778
1 0.5072916666666667 0.49166666666666664 0.0171875 0.050694444444444445
2 0.5890625 0.3277777777777778 0.029166666666666667 0.07152777777777777
1 0.4671875 0.2916666666666667 0.015625 0.03333333333333333
0 0.46979166666666666 0.08680555555555555 0.019270833333333334 0.06319444444444444
1 0.08802083333333334 0.3229166666666667 0.041666666666666664 0.025
1 0.278125 0.33819444444444446 0.0234375 0.04027777777777778
1 0.3182291666666667 0.18888888888888888 0.016666666666666666 0.030555555555555555
1 0.25104166666666666 0.16111111111111112 0.016666666666666666 0.025694444444444443
3 0.28489583333333335 0.10416666666666667 0.025520833333333333 0.02361111111111111
1 0.28489583333333335 0.08888888888888889 0.027083333333333334 0.017361111111111112
1 0.2859375 0.07569444444444444 0.0234375 0.014583333333333334
1 0.29270833333333335 0.06597222222222222 0.027083333333333334 0.017361111111111112
1 0.29583333333333334 0.041666666666666664 0.024479166666666666 0.01875
1 0.2994791666666667 0.03125 0.022916666666666665 0.0125
1 0.3015625 0.022222222222222223 0.022916666666666665 0.013194444444444444
1 0.30833333333333335 0.015277777777777777 0.022395833333333334 0.013194444444444444
1 0.07447916666666667 0.35208333333333336 0.040625 0.01875
2 0.06458333333333334 0.36736111111111114 0.04635416666666667 0.02638888888888889
1 0.9166666666666666 0.7979166666666667 0.0609375 0.03888888888888889
1 0.9182291666666667 0.8423611111111111 0.0734375 0.04097222222222222