3 0.3890625 0.5131944444444444 0.05260416666666667 0.09027777777777778
3 0.34010416666666665 0.5034722222222222 0.0625 0.08888888888888889
3 0.5489583333333333 0.22916666666666666 0.021354166666666667 0.022222222222222223
3 0.5989583333333334 0.2548611111111111 0.0234375 0.029166666666666667
3 0.6166666666666667 0.2673611111111111 0.022916666666666665 0.030555555555555555
3 0.49635416666666665 0.18125 0.009375 0.015277777777777777
3 0.49114583333333334 0.17569444444444443 0.008333333333333333 0.013194444444444444
1 0.56875 0.2222222222222222 0.029166666666666667 0.016666666666666666
1 0.5276041666666667 0.21388888888888888 0.016145833333333335 0.01875
3 0.8895833333333333 0.41597222222222224 0.0671875 0.06666666666666667
3 0.8109375 0.7277777777777777 0.12083333333333333 0.10347222222222222
1 0.9119791666666667 0.6270833333333333 0.09114583333333333 0.09166666666666666
1 0.9234375 0.5770833333333333 0.09270833333333334 0.09444444444444444
1 0.9505208333333334 0.48819444444444443 0.08333333333333333 0.059722222222222225
1 0.9072916666666667 0.46041666666666664 0.06458333333333334 0.04513888888888889
1 0.840625 0.4305555555555556 0.06510416666666667 0.06180555555555556
1 0.7864583333333334 0.3923611111111111 0.05625 0.04236111111111111
1 0.7390625 0.3576388888888889 0.046875 0.0375
1 0.6942708333333333 0.3277777777777778 0.03802083333333333 0.029861111111111113
3 0.6666666666666666 0.3 0.03333333333333333 0.03263888888888889
1 0.6385416666666667 0.2875 0.03229166666666667 0.02847222222222222
2 0.5395833333333333 0.20625 0.019270833333333334 0.025
1 0.5213541666666667 0.1986111111111111 0.013541666666666667 0.013888888888888888
1 0.515625 0.19236111111111112 0.013020833333333334 0.013194444444444444
1 0.4713541666666667 0.1736111111111111 0.011979166666666667 0.011111111111111112
1 0.484375 0.17222222222222222 0.009895833333333333 0.0125
1 0.4734375 0.16319444444444445 0.009375 0.010416666666666666
1 0.46875 0.15902777777777777 0.0078125 0.009722222222222222
1 0.4625 0.15555555555555556 0.008854166666666666 0.011111111111111112
1 0.48020833333333335 0.16666666666666666 0.008333333333333333 0.0125
2 0.5572916666666666 0.20694444444444443 0.01875 0.021527777777777778
1 0.3229166666666667 0.3368055555555556 0.050520833333333334 0.029166666666666667
1 0.34739583333333335 0.3215277777777778 0.0484375 0.029861111111111113
1 0.4348958333333333 0.18958333333333333 0.013020833333333334 0.015277777777777777
3 0.44375 0.2 0.013020833333333334 0.018055555555555554
3 0.44427083333333334 0.17569444444444443 0.01875 0.013888888888888888
2 0.4348958333333333 0.16666666666666666 0.0125 0.020833333333333332
3 0.9197916666666667 0.9069444444444444 0.15625 0.14305555555555555