1 0.2994791666666667 0.9145833333333333 0.14739583333333334 0.1701388888888889
1 0.35625 0.7111111111111111 0.08802083333333334 0.13125
1 0.40625 0.4895833333333333 0.05416666666666667 0.07013888888888889
1 0.6536458333333334 0.6229166666666667 0.1640625 0.09513888888888888
1 0.609375 0.5479166666666667 0.12552083333333333 0.06875
1 0.6005208333333333 0.46597222222222223 0.1 0.043055555555555555
1 0.5734375 0.41875 0.08125 0.05347222222222222
1 0.5447916666666667 0.3972222222222222 0.0328125 0.05555555555555555
1 0.7369791666666666 0.5569444444444445 0.08645833333333333 0.10833333333333334
1 0.6848958333333334 0.4534722222222222 0.0609375 0.08472222222222223
1 0.41510416666666666 0.42777777777777776 0.04479166666666667 0.06597222222222222
1 0.4317708333333333 0.38263888888888886 0.0421875 0.06458333333333334
1 0.43697916666666664 0.3506944444444444 0.029166666666666667 0.02638888888888889
1 0.4375 0.325 0.027604166666666666 0.03611111111111111
1 0.4953125 0.28680555555555554 0.0234375 0.030555555555555555
1 0.5697916666666667 0.3645833333333333 0.07864583333333333 0.043055555555555555
1 0.5526041666666667 0.35347222222222224 0.06302083333333333 0.025
1 0.5484375 0.33541666666666664 0.0609375 0.03333333333333333
1 0.5546875 0.3229166666666667 0.06197916666666667 0.02847222222222222
1 0.5515625 0.3145833333333333 0.059895833333333336 0.03611111111111111
1 0.5541666666666667 0.3034722222222222 0.05625 0.03263888888888889
1 0.6046875 0.31319444444444444 0.030729166666666665 0.044444444444444446
1 0.159375 0.4625 0.05416666666666667 0.08263888888888889
1 0.10260416666666666 0.4340277777777778 0.07083333333333333 0.059722222222222225
1 0.0328125 0.35555555555555557 0.065625 0.06319444444444444
1 0.090625 0.33055555555555555 0.05 0.04375
1 0.13072916666666667 0.30277777777777776 0.04583333333333333 0.041666666666666664
1 0.20729166666666668 0.3402777777777778 0.04583333333333333 0.041666666666666664
1 0.20364583333333333 0.3076388888888889 0.044270833333333336 0.034027777777777775
1 0.46041666666666664 0.21805555555555556 0.011979166666666667 0.015277777777777777
1 0.4515625 0.2625 0.016666666666666666 0.018055555555555554
1 0.45416666666666666 0.25277777777777777 0.015625 0.01597222222222222
1 0.45625 0.24305555555555555 0.015104166666666667 0.01597222222222222
1 0.3109375 0.2326388888888889 0.0140625 0.018055555555555554
1 0.5328125 0.28402777777777777 0.05 0.025694444444444443
1 0.5651041666666666 0.2611111111111111 0.017708333333333333 0.025
1 0.5265625 0.2673611111111111 0.042708333333333334 0.01875
1 0.5307291666666667 0.27152777777777776 0.04010416666666667 0.015277777777777777
1 0.6052083333333333 0.24861111111111112 0.03333333333333333 0.01875
1 0.5901041666666667 0.24166666666666667 0.030208333333333334 0.01875
1 0.5791666666666667 0.2361111111111111 0.024479166666666666 0.015277777777777777
1 0.528125 0.25833333333333336 0.034895833333333334 0.01875
0 0.16041666666666668 0.2652777777777778 0.07239583333333334 0.052083333333333336
0 0.16197916666666667 0.24930555555555556 0.12239583333333333 0.05347222222222222
3 0.5796875 0.9229166666666667 0.10625 0.15416666666666667
3 0.58125 0.4375 0.08072916666666667 0.05416666666666667
0 0.3140625 0.2701388888888889 0.044270833333333336 0.08958333333333333
3 0.6015625 0.4986111111111111 0.11197916666666667 0.06180555555555556
1 0.12395833333333334 0.5423611111111111 0.0578125 0.07361111111111111