3 0.14010416666666667 0.20833333333333334 0.0078125 0.022222222222222223
1 0.14947916666666666 0.20347222222222222 0.0109375 0.022916666666666665
1 0.16145833333333334 0.2048611111111111 0.009895833333333333 0.017361111111111112
1 0.12760416666666666 0.2125 0.009375 0.020833333333333332
1 0.16666666666666666 0.22291666666666668 0.0171875 0.009722222222222222
1 0.16510416666666666 0.23125 0.019270833333333334 0.009722222222222222
1 0.16510416666666666 0.2388888888888889 0.015104166666666667 0.008333333333333333
1 0.1640625 0.2465277777777778 0.021354166666666667 0.008333333333333333
3 0.16302083333333334 0.25555555555555554 0.017708333333333333 0.011111111111111112
1 0.1640625 0.26458333333333334 0.016666666666666666 0.0125
1 0.49947916666666664 0.4486111111111111 0.008333333333333333 0.022916666666666665
1 0.5098958333333333 0.4486111111111111 0.009895833333333333 0.025
1 0.5223958333333333 0.4479166666666667 0.009895833333333333 0.022916666666666665
1 0.5390625 0.6354166666666666 0.011979166666666667 0.03333333333333333
1 0.5348958333333333 0.775 0.011979166666666667 0.03611111111111111
1 0.5557291666666667 0.8159722222222222 0.011458333333333333 0.03333333333333333
1 0.4947916666666667 0.8208333333333333 0.0109375 0.03819444444444445
1 0.4973958333333333 0.8986111111111111 0.013541666666666667 0.043055555555555555
1 0.571875 0.9333333333333333 0.016666666666666666 0.05138888888888889
1 0.190625 0.33125 0.009895833333333333 0.02013888888888889