3 0.440625 0.5701388888888889 0.030208333333333334 0.058333333333333334
2 0.3640625 0.5631944444444444 0.020833333333333332 0.03680555555555556
1 0.3932291666666667 0.5006944444444444 0.017708333333333333 0.02638888888888889
1 0.43802083333333336 0.4652777777777778 0.016666666666666666 0.021527777777777778
1 0.41822916666666665 0.4125 0.0109375 0.014583333333333334
1 0.41458333333333336 0.3861111111111111 0.009375 0.011111111111111112
1 0.425 0.3590277777777778 0.007291666666666667 0.008333333333333333
2 0.78125 0.6256944444444444 0.11145833333333334 0.10208333333333333
2 0.56875 0.4354166666666667 0.0328125 0.03125
1 0.48802083333333335 0.42083333333333334 0.014583333333333334 0.013194444444444444
1 0.4744791666666667 0.4013888888888889 0.011458333333333333 0.0125
2 0.47708333333333336 0.37083333333333335 0.017708333333333333 0.017361111111111112
1 0.09427083333333333 0.4375 0.03958333333333333 0.01597222222222222
1 0.23020833333333332 0.35555555555555557 0.01875 0.008333333333333333
3 0.23854166666666668 0.35 0.0171875 0.008333333333333333
2 0.27239583333333334 0.35347222222222224 0.022395833333333334 0.010416666666666666
1 0.2916666666666667 0.35208333333333336 0.016145833333333335 0.007638888888888889
1 0.30520833333333336 0.3548611111111111 0.018229166666666668 0.008333333333333333
1 0.32708333333333334 0.35555555555555557 0.018229166666666668 0.008333333333333333
1 0.32447916666666665 0.3486111111111111 0.0140625 0.006944444444444444
2 0.33645833333333336 0.35 0.019270833333333334 0.009722222222222222
1 0.40260416666666665 0.31666666666666665 0.004166666666666667 0.004166666666666667
3 0.409375 0.31319444444444444 0.003125 0.005555555555555556
1 0.41354166666666664 0.3125 0.005208333333333333 0.003472222222222222
3 0.39375 0.3076388888888889 0.003125 0.003472222222222222
1 0.39791666666666664 0.30277777777777776 0.0026041666666666665 0.0020833333333333333
1 0.3958333333333333 0.29791666666666666 0.0020833333333333333 0.0020833333333333333
3 0.39947916666666666 0.3 0.0020833333333333333 0.003472222222222222
1 0.39739583333333334 0.3 0.0020833333333333333 0.0020833333333333333
1 0.0109375 0.48819444444444443 0.021354166666666667 0.027083333333333334