3 0.3484375 0.011111111111111112 0.027604166666666666 0.02013888888888889
3 0.3536458333333333 0.05277777777777778 0.024479166666666666 0.02013888888888889
2 0.409375 0.11875 0.0171875 0.05347222222222222
2 0.3536458333333333 0.07291666666666667 0.028645833333333332 0.022222222222222223
2 0.35625 0.11388888888888889 0.025520833333333333 0.02361111111111111
1 0.4088541666666667 0.03333333333333333 0.013541666666666667 0.03611111111111111
2 0.40729166666666666 0.06527777777777778 0.013541666666666667 0.03333333333333333
2 0.4161458333333333 0.33611111111111114 0.015104166666666667 0.04375
2 0.46145833333333336 0.5486111111111112 0.0359375 0.01875
2 0.5505208333333333 0.5361111111111111 0.04010416666666667 0.01875
2 0.4708333333333333 0.86875 0.013020833333333334 0.03888888888888889
1 0.3265625 0.22847222222222222 0.030208333333333334 0.020833333333333332
1 0.3723958333333333 0.26458333333333334 0.027083333333333334 0.018055555555555554
1 0.4140625 0.23541666666666666 0.011979166666666667 0.034027777777777775
1 0.41458333333333336 0.28541666666666665 0.011979166666666667 0.03888888888888889
1 0.4197916666666667 0.3888888888888889 0.011979166666666667 0.034027777777777775
1 0.42239583333333336 0.4354166666666667 0.0109375 0.03263888888888889
1 0.4234375 0.47847222222222224 0.011979166666666667 0.03333333333333333
1 0.4244791666666667 0.51875 0.011979166666666667 0.034027777777777775
1 0.3359375 0.51875 0.028645833333333332 0.022222222222222223
1 0.3671875 0.4409722222222222 0.030208333333333334 0.020833333333333332
1 0.3453125 0.5576388888888889 0.027604166666666666 0.02013888888888889
1 0.35052083333333334 0.575 0.027083333333333334 0.02361111111111111
1 0.35 0.6354166666666666 0.025520833333333333 0.025694444444444443
1 0.3697916666666667 0.6444444444444445 0.025520833333333333 0.029861111111111113
1 0.38958333333333334 0.6527777777777778 0.0234375 0.018055555555555554
1 0.37552083333333336 0.6756944444444445 0.0265625 0.02013888888888889
1 0.37604166666666666 0.69375 0.0234375 0.02013888888888889
1 0.3614583333333333 0.7763888888888889 0.021354166666666667 0.020833333333333332
1 0.36666666666666664 0.8034722222222223 0.027604166666666666 0.025694444444444443
1 0.3614583333333333 0.89375 0.0171875 0.035416666666666666
1 0.46822916666666664 0.56875 0.027604166666666666 0.01875
1 0.4953125 0.5479166666666667 0.0109375 0.02847222222222222
1 0.5098958333333333 0.5486111111111112 0.015104166666666667 0.03611111111111111
1 0.525 0.54375 0.0140625 0.03611111111111111
1 0.4473958333333333 0.6631944444444444 0.013541666666666667 0.03611111111111111
1 0.46197916666666666 0.6493055555555556 0.013020833333333334 0.03333333333333333
1 0.4796875 0.6618055555555555 0.016666666666666666 0.049305555555555554
1 0.4953125 0.6430555555555556 0.015104166666666667 0.03680555555555556
1 0.5109375 0.6409722222222223 0.013020833333333334 0.03611111111111111
1 0.5302083333333333 0.6326388888888889 0.015625 0.03888888888888889
1 0.5515625 0.6333333333333333 0.011979166666666667 0.03611111111111111
1 0.5729166666666666 0.47847222222222224 0.013020833333333334 0.03680555555555556
1 0.6223958333333334 0.06736111111111111 0.011458333333333333 0.04097222222222222
3 0.5723958333333333 0.0763888888888889 0.013541666666666667 0.050694444444444445
1 0.5916666666666667 0.15416666666666667 0.011458333333333333 0.03819444444444445
1 0.6041666666666666 0.22777777777777777 0.011458333333333333 0.03611111111111111
1 0.6036458333333333 0.29791666666666666 0.011458333333333333 0.03125
1 0.628125 0.3277777777777778 0.013541666666666667 0.03888888888888889
1 0.6276041666666666 0.28958333333333336 0.011458333333333333 0.034027777777777775
3 0.6333333333333333 0.4111111111111111 0.0140625 0.03333333333333333
3 0.4453125 0.7368055555555556 0.015104166666666667 0.025
1 0.4552083333333333 0.775 0.0171875 0.035416666666666666
1 0.46197916666666666 0.8201388888888889 0.015625 0.03680555555555556
2 0.6234375 0.8409722222222222 0.013020833333333334 0.03819444444444445
1 0.6375 0.9361111111111111 0.015104166666666667 0.03819444444444445
1 0.8182291666666667 0.5354166666666667 0.027604166666666666 0.017361111111111112
1 0.7901041666666667 0.55 0.0234375 0.01597222222222222
1 0.865625 0.54375 0.028645833333333332 0.017361111111111112
1 0.8927083333333333 0.6055555555555555 0.030729166666666665 0.02013888888888889
1 0.8635416666666667 0.6236111111111111 0.025520833333333333 0.020833333333333332
1 0.7859375 0.6166666666666667 0.034895833333333334 0.02361111111111111