1 0.08229166666666667 0.029861111111111113 0.022395833333333334 0.044444444444444446
1 0.03958333333333333 0.2298611111111111 0.019270833333333334 0.03333333333333333
0 0.1234375 0.1486111111111111 0.03333333333333333 0.09930555555555555
0 0.0453125 0.05 0.03229166666666667 0.075
3 0.16666666666666666 0.47291666666666665 0.034895833333333334 0.05486111111111111
1 0.0390625 0.6423611111111112 0.057291666666666664 0.09375
2 0.290625 0.35347222222222224 0.0515625 0.0875
1 0.34010416666666665 0.1736111111111111 0.028645833333333332 0.03819444444444445
1 0.4010416666666667 0.15486111111111112 0.027604166666666666 0.03819444444444445
1 0.48489583333333336 0.025694444444444443 0.021354166666666667 0.029166666666666667
1 0.4234375 0.025694444444444443 0.021354166666666667 0.027777777777777776
1 0.3734375 0.44583333333333336 0.030208333333333334 0.059722222222222225
1 0.40208333333333335 0.3993055555555556 0.028645833333333332 0.04722222222222222
1 0.425 0.3423611111111111 0.024479166666666666 0.043055555555555555
1 0.4473958333333333 0.31180555555555556 0.019791666666666666 0.029166666666666667
1 0.4708333333333333 0.27569444444444446 0.019270833333333334 0.035416666666666666
1 0.48125 0.33194444444444443 0.021354166666666667 0.034027777777777775
1 0.41770833333333335 0.5097222222222222 0.03125 0.049305555555555554
1 0.33125 0.6965277777777777 0.034895833333333334 0.07361111111111111
1 0.5895833333333333 0.3958333333333333 0.017708333333333333 0.04791666666666667
3 0.6125 0.3993055555555556 0.016666666666666666 0.05486111111111111
3 0.6328125 0.4076388888888889 0.0171875 0.050694444444444445
1 0.6557291666666667 0.4166666666666667 0.01875 0.05486111111111111
1 0.6791666666666667 0.4270833333333333 0.019791666666666666 0.04722222222222222
1 0.7026041666666667 0.4326388888888889 0.017708333333333333 0.04791666666666667
1 0.7244791666666667 0.4354166666666667 0.020833333333333332 0.058333333333333334
1 0.7526041666666666 0.44305555555555554 0.020833333333333332 0.06875
3 0.6723958333333333 0.3784722222222222 0.025 0.044444444444444446
3 0.7 0.3840277777777778 0.021354166666666667 0.04722222222222222
3 0.61875 0.36180555555555555 0.028645833333333332 0.04027777777777778
1 0.496875 0.5958333333333333 0.029166666666666667 0.05694444444444444
1 0.5401041666666667 0.6138888888888889 0.029166666666666667 0.06736111111111111
1 0.5859375 0.63125 0.030208333333333334 0.059722222222222225
2 0.5848958333333333 0.7298611111111111 0.05572916666666667 0.1701388888888889
2 0.6505208333333333 0.7576388888888889 0.05 0.17291666666666666
2 0.68125 0.7694444444444445 0.04375 0.15347222222222223
2 0.7890625 0.8340277777777778 0.044270833333333336 0.1597222222222222
3 0.8291666666666667 0.7555555555555555 0.029166666666666667 0.09027777777777778
1 0.7958333333333333 0.7319444444444444 0.03229166666666667 0.06597222222222222
1 0.7416666666666667 0.7111111111111111 0.024479166666666666 0.075
1 0.7151041666666667 0.7041666666666667 0.025 0.06875
3 0.6916666666666667 0.6791666666666667 0.027083333333333334 0.06597222222222222
1 0.665625 0.6638888888888889 0.022916666666666665 0.050694444444444445
1 0.6151041666666667 0.6486111111111111 0.025 0.07083333333333333
1 0.8401041666666667 0.6402777777777777 0.058333333333333334 0.052083333333333336
1 0.8401041666666667 0.6048611111111111 0.04635416666666667 0.041666666666666664
3 0.84375 0.5743055555555555 0.05520833333333333 0.059722222222222225
1 0.7875 0.5590277777777778 0.0578125 0.04722222222222222
1 0.6807291666666667 0.5708333333333333 0.05 0.04791666666666667
3 0.6838541666666667 0.5361111111111111 0.052083333333333336 0.05486111111111111
3 0.796875 0.5125 0.049479166666666664 0.03819444444444445
3 0.7994791666666666 0.4861111111111111 0.050520833333333334 0.025694444444444443
3 0.853125 0.5354166666666667 0.04791666666666667 0.04027777777777778
3 0.8598958333333333 0.5097222222222222 0.04375 0.03680555555555556
1 0.8557291666666667 0.48194444444444445 0.042708333333333334 0.035416666666666666
1 0.8510416666666667 0.44375 0.05520833333333333 0.03958333333333333
1 0.85625 0.4173611111111111 0.049479166666666664 0.027777777777777776
2 0.80625 0.3416666666666667 0.07916666666666666 0.06319444444444444
3 0.946875 0.3263888888888889 0.0234375 0.06597222222222222
1 0.9515625 0.4583333333333333 0.021354166666666667 0.050694444444444445
1 0.9447916666666667 0.40694444444444444 0.024479166666666666 0.03958333333333333
1 0.9526041666666667 0.5326388888888889 0.024479166666666666 0.04722222222222222
3 0.9567708333333333 0.5958333333333333 0.029166666666666667 0.08263888888888889
3 0.9864583333333333 0.6118055555555556 0.024479166666666666 0.09166666666666666
1 0.9557291666666666 0.7166666666666667 0.034375 0.07083333333333333
3 0.9609375 0.8013888888888889 0.03697916666666667 0.09513888888888888
1 0.99375 0.8125 0.011979166666666667 0.09513888888888888
1 0.9901041666666667 0.7201388888888889 0.019270833333333334 0.052083333333333336
2 0.46770833333333334 0.9423611111111111 0.065625 0.10555555555555556
2 0.8302083333333333 0.23055555555555557 0.07135416666666666 0.049305555555555554
2 0.815625 0.2743055555555556 0.0671875 0.04583333333333333
2 0.8098958333333334 0.31805555555555554 0.06302083333333333 0.05486111111111111
2 0.8546875 0.22916666666666666 0.0578125 0.059722222222222225
1 0.48385416666666664 0.24305555555555555 0.016666666666666666 0.03958333333333333
1 0.45729166666666665 0.25069444444444444 0.017708333333333333 0.03958333333333333
1 0.56875 0.3902777777777778 0.020833333333333332 0.052083333333333336
1 0.590625 0.35555555555555557 0.019791666666666666 0.05555555555555555
1 0.6479166666666667 0.36944444444444446 0.021354166666666667 0.04583333333333333
1 0.7916666666666666 0.40902777777777777 0.03697916666666667 0.024305555555555556
1 0.8208333333333333 0.38333333333333336 0.03697916666666667 0.030555555555555555
1 0.8041666666666667 0.43125 0.03333333333333333 0.027777777777777776
1 0.8005208333333333 0.45625 0.040625 0.029166666666666667
1 0.9932291666666667 0.4222222222222222 0.013541666666666667 0.04722222222222222
1 0.022916666666666665 0.8493055555555555 0.041666666666666664 0.09791666666666667
1 0.4578125 0.014583333333333334 0.021354166666666667 0.02638888888888889
1 0.5458333333333333 0.5208333333333334 0.04739583333333333 0.04722222222222222
1 0.5494791666666666 0.49166666666666664 0.042708333333333334 0.03958333333333333
1 0.5671875 0.28541666666666665 0.022916666666666665 0.03819444444444445
1 0.45208333333333334 0.19375 0.034375 0.03958333333333333
1 0.43333333333333335 0.20694444444444443 0.028645833333333332 0.030555555555555555
1 0.42291666666666666 0.22569444444444445 0.0328125 0.025694444444444443
1 0.38958333333333334 0.2833333333333333 0.030729166666666665 0.043055555555555555
1 0.396875 0.26805555555555555 0.029166666666666667 0.041666666666666664
1 0.40989583333333335 0.24861111111111112 0.0359375 0.035416666666666666