1 0.140625 0.4305555555555556 0.07447916666666667 0.09305555555555556
1 0.20520833333333333 0.44930555555555557 0.06770833333333333 0.0798611111111111
1 0.32135416666666666 0.1597222222222222 0.03697916666666667 0.03888888888888889
1 0.2677083333333333 0.1111111111111111 0.030729166666666665 0.029861111111111113
1 0.3177083333333333 0.059722222222222225 0.025 0.029861111111111113
1 0.3546875 0.018055555555555554 0.019270833333333334 0.025
1 0.33125 0.04097222222222222 0.022395833333333334 0.02638888888888889
1 0.2994791666666667 0.41944444444444445 0.0578125 0.07708333333333334
1 0.5848958333333333 0.41944444444444445 0.0421875 0.06944444444444445
1 0.6619791666666667 0.10902777777777778 0.021354166666666667 0.035416666666666666
1 0.6223958333333334 0.34652777777777777 0.03697916666666667 0.059722222222222225
1 0.5583333333333333 0.3548611111111111 0.0359375 0.059722222222222225
1 0.5630208333333333 0.29305555555555557 0.030208333333333334 0.06180555555555556
1 0.8666666666666667 0.7631944444444444 0.14739583333333334 0.09513888888888888
1 0.8416666666666667 0.6618055555555555 0.1328125 0.0798611111111111
1 0.8192708333333333 0.5951388888888889 0.12552083333333333 0.06666666666666667
1 0.5473958333333333 0.725 0.07291666666666667 0.14652777777777778
1 0.6114583333333333 0.24305555555555555 0.03125 0.04583333333333333
1 0.6104166666666667 0.19583333333333333 0.029166666666666667 0.04652777777777778
1 0.5348958333333333 0.9201388888888888 0.1109375 0.1597222222222222
1 0.057291666666666664 0.20972222222222223 0.05 0.05138888888888889