1 0.3958333333333333 0.7486111111111111 0.057291666666666664 0.08888888888888889
1 0.296875 0.6770833333333334 0.06666666666666667 0.059722222222222225
1 0.54375 0.8590277777777777 0.059375 0.10138888888888889
1 0.4984375 0.5895833333333333 0.05625 0.09236111111111112
1 0.5447916666666667 0.9715277777777778 0.05520833333333333 0.05486111111111111
1 0.9416666666666667 0.6152777777777778 0.06145833333333333 0.09166666666666666
3 0.1890625 0.6243055555555556 0.06354166666666666 0.07083333333333333
3 0.42083333333333334 0.6611111111111111 0.058333333333333334 0.09930555555555555
3 0.6791666666666667 0.5916666666666667 0.0640625 0.10555555555555556
3 0.3572916666666667 0.28541666666666665 0.06875 0.10694444444444444
1 0.7744791666666667 0.32569444444444445 0.0484375 0.08472222222222223