3 0.3015625 0.6763888888888889 0.041666666666666664 0.04583333333333333
3 0.215625 0.7090277777777778 0.034375 0.035416666666666666
1 0.26458333333333334 0.5944444444444444 0.0390625 0.03680555555555556
1 0.19479166666666667 0.3909722222222222 0.024479166666666666 0.03888888888888889
3 0.4088541666666667 0.5229166666666667 0.0265625 0.041666666666666664
3 0.2609375 0.2826388888888889 0.025 0.03819444444444445
1 0.3494791666666667 0.4618055555555556 0.025 0.03819444444444445
1 0.18177083333333333 0.125 0.020833333333333332 0.03125
0 0.19114583333333332 0.03888888888888889 0.05520833333333333 0.07777777777777778
1 0.215625 0.02847222222222222 0.019791666666666666 0.03263888888888889
1 0.4625 0.1111111111111111 0.025 0.034027777777777775
1 0.5026041666666666 0.20972222222222223 0.027083333333333334 0.02847222222222222
1 0.6114583333333333 0.6402777777777777 0.034375 0.030555555555555555
1 0.6 0.5694444444444444 0.01875 0.04375
1 0.6182291666666667 0.5548611111111111 0.017708333333333333 0.044444444444444446
1 0.6494791666666667 0.5229166666666667 0.017708333333333333 0.041666666666666664
1 0.6671875 0.5208333333333334 0.015625 0.03819444444444445
1 0.6828125 0.5006944444444444 0.019791666666666666 0.041666666666666664
1 0.6958333333333333 0.4861111111111111 0.020833333333333332 0.04097222222222222
1 0.7171875 0.5 0.0171875 0.04027777777777778
1 0.63125 0.49027777777777776 0.034895833333333334 0.022222222222222223
1 0.7234375 0.46319444444444446 0.025520833333333333 0.04375
1 0.7276041666666667 0.4395833333333333 0.025 0.03680555555555556
1 0.7515625 0.4479166666666667 0.025520833333333333 0.04027777777777778
1 0.7651041666666667 0.42569444444444443 0.020833333333333332 0.04375
1 0.7822916666666667 0.4111111111111111 0.025520833333333333 0.04097222222222222
1 0.8234375 0.375 0.029166666666666667 0.03888888888888889
1 0.7979166666666667 0.4048611111111111 0.025520833333333333 0.04027777777777778
2 0.8520833333333333 0.34930555555555554 0.034375 0.04375
2 0.7651041666666667 0.5041666666666667 0.03697916666666667 0.043055555555555555
1 0.8364583333333333 0.3611111111111111 0.028645833333333332 0.04097222222222222
3 0.8348958333333333 0.32013888888888886 0.027604166666666666 0.022916666666666665
3 0.5307291666666667 0.5979166666666667 0.025520833333333333 0.04791666666666667
3 0.5458333333333333 0.6479166666666667 0.025520833333333333 0.043055555555555555
3 0.7979166666666667 0.4597222222222222 0.03125 0.041666666666666664
1 0.5723958333333333 0.5722222222222222 0.016666666666666666 0.043055555555555555
1 0.5489583333333333 0.5791666666666667 0.016666666666666666 0.03819444444444445
1 0.5020833333333333 0.7159722222222222 0.022916666666666665 0.043055555555555555
1 0.7182291666666667 0.9222222222222223 0.03333333333333333 0.04097222222222222
1 0.7333333333333333 0.94375 0.034375 0.04583333333333333
1 0.6348958333333333 0.7715277777777778 0.0359375 0.03819444444444445
1 0.6145833333333334 0.7569444444444444 0.030729166666666665 0.043055555555555555
2 0.5526041666666667 0.7506944444444444 0.03333333333333333 0.059027777777777776
2 0.5958333333333333 0.5201388888888889 0.04375 0.041666666666666664
3 0.6395833333333333 0.5395833333333333 0.017708333333333333 0.03680555555555556
1 0.3614583333333333 0.2847222222222222 0.025520833333333333 0.03263888888888889
1 0.4109375 0.3861111111111111 0.0234375 0.03680555555555556
1 0.4322916666666667 0.425 0.021354166666666667 0.03611111111111111
1 0.4515625 0.4736111111111111 0.03229166666666667 0.01875
1 0.47239583333333335 0.51875 0.030729166666666665 0.03680555555555556
1 0.509375 0.5548611111111111 0.034375 0.025694444444444443
1 0.5098958333333333 0.5944444444444444 0.025520833333333333 0.043055555555555555
3 0.509375 0.6402777777777777 0.027083333333333334 0.041666666666666664
1 0.48541666666666666 0.5958333333333333 0.0265625 0.043055555555555555
1 0.5953125 0.71875 0.030729166666666665 0.04027777777777778
1 0.6359375 0.8104166666666667 0.0328125 0.04027777777777778
1 0.6578125 0.8736111111111111 0.034375 0.04027777777777778
1 0.6619791666666667 0.8326388888888889 0.036458333333333336 0.04375
1 0.9520833333333333 0.7736111111111111 0.03125 0.04583333333333333
1 0.90625 0.8222222222222222 0.03125 0.04027777777777778
1 0.9380208333333333 0.6034722222222222 0.030729166666666665 0.035416666666666666
1 0.990625 0.6840277777777778 0.01875 0.03819444444444445