1 0.08072916666666667 0.9583333333333334 0.15885416666666666 0.08333333333333333
1 0.09583333333333334 0.8673611111111111 0.19114583333333332 0.20625
1 0.14375 0.7243055555555555 0.146875 0.13194444444444445
1 0.44427083333333334 0.6784722222222223 0.13541666666666666 0.09027777777777778
1 0.4703125 0.6138888888888889 0.057291666666666664 0.06388888888888888
1 0.1859375 0.6270833333333333 0.109375 0.0875
1 0.20364583333333333 0.5833333333333334 0.0859375 0.06875
1 0.21875 0.5479166666666667 0.07760416666666667 0.058333333333333334
3 0.23385416666666667 0.49722222222222223 0.03697916666666667 0.05
1 0.2546875 0.4756944444444444 0.059375 0.04236111111111111
3 0.39791666666666664 0.49722222222222223 0.053125 0.04652777777777778
1 0.39739583333333334 0.48680555555555555 0.0453125 0.03263888888888889
3 0.5072916666666667 0.47708333333333336 0.0328125 0.04513888888888889
1 0.3859375 0.4597222222222222 0.0375 0.03194444444444444
1 0.3776041666666667 0.44305555555555554 0.043229166666666666 0.022916666666666665
1 0.37916666666666665 0.43680555555555556 0.0390625 0.025
3 0.3770833333333333 0.4236111111111111 0.017708333333333333 0.022916666666666665
1 0.25833333333333336 0.44722222222222224 0.0234375 0.029166666666666667
1 0.2630208333333333 0.43194444444444446 0.024479166666666666 0.027083333333333334
3 0.2713541666666667 0.41944444444444445 0.028645833333333332 0.027777777777777776
1 0.28020833333333334 0.3951388888888889 0.015104166666666667 0.016666666666666666
2 0.37135416666666665 0.3993055555555556 0.020833333333333332 0.03333333333333333
1 0.3619791666666667 0.3909722222222222 0.011979166666666667 0.017361111111111112
1 0.3578125 0.38680555555555557 0.0109375 0.014583333333333334
1 0.8109375 0.5166666666666667 0.07916666666666666 0.05625
1 0.6213541666666667 0.4354166666666667 0.0375 0.027083333333333334
3 0.5083333333333333 0.38333333333333336 0.016145833333333335 0.019444444444444445
1 0.5088541666666667 0.3736111111111111 0.016666666666666666 0.013194444444444444
1 0.45625 0.3729166666666667 0.0265625 0.013194444444444444
1 0.4473958333333333 0.37083333333333335 0.026041666666666668 0.011805555555555555
2 0.44947916666666665 0.3729166666666667 0.0203125 0.02847222222222222
1 0.4479166666666667 0.35694444444444445 0.009375 0.009027777777777777
1 0.2875 0.37916666666666665 0.0125 0.013194444444444444
1 0.28802083333333334 0.37430555555555556 0.010416666666666666 0.009722222222222222
1 0.2916666666666667 0.3715277777777778 0.009895833333333333 0.011111111111111112
1 0.2953125 0.3611111111111111 0.009375 0.010416666666666666
1 0.296875 0.3590277777777778 0.009375 0.008333333333333333
1 0.2984375 0.35555555555555557 0.007291666666666667 0.007638888888888889
1 0.32916666666666666 0.34652777777777777 0.007291666666666667 0.008333333333333333
1 0.39895833333333336 0.34444444444444444 0.013020833333333334 0.006944444444444444
1 0.41822916666666665 0.3402777777777778 0.0067708333333333336 0.00625