3 0.3802083333333333 0.7833333333333333 0.030729166666666665 0.10416666666666667
3 0.46979166666666666 0.2701388888888889 0.021354166666666667 0.06111111111111111
3 0.45260416666666664 0.04652777777777778 0.017708333333333333 0.04722222222222222
3 0.41458333333333336 0.79375 0.034895833333333334 0.10555555555555556
2 0.41458333333333336 0.49027777777777776 0.03333333333333333 0.11805555555555555
2 0.45208333333333334 0.42986111111111114 0.034375 0.13333333333333333
1 0.3984375 0.65 0.027083333333333334 0.08125
1 0.42604166666666665 0.6625 0.027604166666666666 0.08402777777777778
1 0.4453125 0.5666666666666667 0.025 0.06736111111111111
1 0.42135416666666664 0.4048611111111111 0.021354166666666667 0.04791666666666667
1 0.43125 0.32708333333333334 0.019270833333333334 0.05694444444444444
1 0.46510416666666665 0.33819444444444446 0.021354166666666667 0.0625
1 0.44114583333333335 0.2569444444444444 0.019270833333333334 0.052083333333333336
1 0.475 0.1951388888888889 0.0171875 0.04791666666666667
1 0.44114583333333335 0.18958333333333333 0.019270833333333334 0.041666666666666664
0 0.4473958333333333 0.10694444444444444 0.021354166666666667 0.075
2 0.4765625 0.11180555555555556 0.025 0.09930555555555555
1 0.48072916666666665 0.05138888888888889 0.0171875 0.03194444444444444
1 0.5348958333333333 0.15347222222222223 0.017708333333333333 0.06319444444444444
1 0.10989583333333333 0.30694444444444446 0.025520833333333333 0.058333333333333334
1 0.14375 0.30277777777777776 0.04635416666666667 0.034027777777777775
1 0.14375 0.26875 0.0421875 0.030555555555555555
1 0.17708333333333334 0.07708333333333334 0.034375 0.02638888888888889
1 0.31197916666666664 0.03194444444444444 0.01875 0.03819444444444445
1 0.32760416666666664 0.059722222222222225 0.03697916666666667 0.027777777777777776
1 0.3541666666666667 0.1 0.022395833333333334 0.04027777777777778
1 0.08489583333333334 0.2638888888888889 0.041666666666666664 0.03333333333333333
1 0.09166666666666666 0.3111111111111111 0.027604166666666666 0.06319444444444444
1 0.040625 0.12083333333333333 0.03854166666666667 0.03333333333333333
1 0.04635416666666667 0.15069444444444444 0.041666666666666664 0.035416666666666666
1 0.03333333333333333 0.17569444444444443 0.03229166666666667 0.02638888888888889
1 0.0640625 0.1798611111111111 0.034895833333333334 0.035416666666666666
1 0.1015625 0.2 0.05572916666666667 0.04722222222222222
1 0.08541666666666667 0.22361111111111112 0.05625 0.04791666666666667
1 0.042708333333333334 0.22569444444444445 0.03697916666666667 0.027777777777777776
1 0.041666666666666664 0.2534722222222222 0.041666666666666664 0.035416666666666666
1 0.09166666666666666 0.16319444444444445 0.041666666666666664 0.034027777777777775
1 0.359375 0.06388888888888888 0.03854166666666667 0.029166666666666667
1 0.3671875 0.04652777777777778 0.034375 0.024305555555555556
1 0.33489583333333334 0.041666666666666664 0.03229166666666667 0.025694444444444443
1 0.375 0.020833333333333332 0.0359375 0.029166666666666667
2 0.16666666666666666 0.15486111111111112 0.05 0.050694444444444445
2 0.159375 0.11736111111111111 0.084375 0.06458333333333334
1 0.0671875 0.3055555555555556 0.030208333333333334 0.058333333333333334
3 0.9515625 0.07569444444444444 0.04635416666666667 0.041666666666666664