1 0.33541666666666664 0.9 0.19583333333333333 0.2
1 0.8276041666666667 0.8965277777777778 0.15833333333333333 0.20694444444444443
1 0.7609375 0.7256944444444444 0.1359375 0.19791666666666666
1 0.8401041666666667 0.5791666666666667 0.10729166666666666 0.15416666666666667
1 0.9572916666666667 0.5979166666666667 0.08489583333333334 0.15208333333333332
1 0.9791666666666666 0.475 0.041666666666666664 0.09236111111111112
3 0.9177083333333333 0.4465277777777778 0.090625 0.13402777777777777
1 0.4348958333333333 0.6319444444444444 0.13125 0.14583333333333334
1 0.5375 0.5048611111111111 0.10208333333333333 0.10486111111111111
1 0.5098958333333333 0.5736111111111111 0.12291666666666666 0.12569444444444444
1 0.7484375 0.3451388888888889 0.1140625 0.09027777777777778
1 0.8192708333333333 0.2826388888888889 0.09583333333333334 0.07708333333333334
1 0.9109375 0.24166666666666667 0.059895833333333336 0.06597222222222222
1 0.9630208333333333 0.34375 0.0734375 0.1125
1 0.8994791666666667 0.33819444444444446 0.08020833333333334 0.08958333333333333
1 0.9619791666666667 0.16875 0.057291666666666664 0.05347222222222222