1 0.30572916666666666 0.9659722222222222 0.071875 0.06805555555555555
1 0.33697916666666666 0.8333333333333334 0.07135416666666666 0.14791666666666667
1 0.54375 0.9451388888888889 0.06302083333333333 0.10902777777777778
1 0.4359375 0.6708333333333333 0.049479166666666664 0.10625
1 0.525 0.66875 0.0484375 0.10208333333333333
1 0.9015625 0.7930555555555555 0.10208333333333333 0.12638888888888888
1 0.7963541666666667 0.59375 0.057291666666666664 0.06111111111111111
1 0.6734375 0.5125 0.04010416666666667 0.05486111111111111
1 0.5838541666666667 0.5138888888888888 0.07760416666666667 0.04513888888888889
1 0.56875 0.4847222222222222 0.07239583333333334 0.04513888888888889
1 0.5640625 0.4395833333333333 0.06614583333333333 0.0375
1 0.5088541666666667 0.39166666666666666 0.023958333333333335 0.041666666666666664
1 0.06041666666666667 0.4340277777777778 0.051041666666666666 0.03819444444444445
1 0.11822916666666666 0.3638888888888889 0.046875 0.035416666666666666
1 0.14947916666666666 0.33611111111111114 0.024479166666666666 0.027083333333333334
1 0.16510416666666666 0.3159722222222222 0.03229166666666667 0.02847222222222222
3 0.18697916666666667 0.29791666666666666 0.0359375 0.034722222222222224
1 0.20729166666666668 0.28541666666666665 0.042708333333333334 0.018055555555555554
1 0.20625 0.27291666666666664 0.03802083333333333 0.019444444444444445
1 0.22239583333333332 0.26180555555555557 0.04791666666666667 0.024305555555555556
1 0.3078125 0.28402777777777777 0.04375 0.02013888888888889
1 0.290625 0.30416666666666664 0.0453125 0.017361111111111112
1 0.3125 0.2743055555555556 0.040625 0.01597222222222222
1 0.5036458333333333 0.3597222222222222 0.020833333333333332 0.03680555555555556
1 0.4244791666666667 0.30277777777777776 0.019270833333333334 0.024305555555555556
1 0.425 0.28055555555555556 0.016666666666666666 0.025
2 0.4765625 0.24861111111111112 0.0234375 0.029166666666666667
1 0.4427083333333333 0.23194444444444445 0.014583333333333334 0.019444444444444445
3 0.4703125 0.23055555555555557 0.016145833333333335 0.025
1 0.5880208333333333 0.36736111111111114 0.029166666666666667 0.03611111111111111
1 0.5744791666666667 0.3368055555555556 0.024479166666666666 0.029861111111111113
1 0.5609375 0.30833333333333335 0.020833333333333332 0.024305555555555556
1 0.6755208333333333 0.38680555555555557 0.03697916666666667 0.0375
1 0.65625 0.35625 0.034895833333333334 0.029861111111111113
1 0.6083333333333333 0.2826388888888889 0.021354166666666667 0.024305555555555556
1 0.5552083333333333 0.2875 0.019270833333333334 0.025
1 0.5822916666666667 0.24930555555555556 0.019270833333333334 0.019444444444444445
1 0.434375 0.175 0.0125 0.014583333333333334