1 0.5348958333333333 0.7340277777777777 0.025 0.05555555555555555
1 0.5822916666666667 0.8222222222222222 0.03697916666666667 0.06944444444444445
1 0.5598958333333334 0.6236111111111111 0.024479166666666666 0.03819444444444445
1 0.5635416666666667 0.5020833333333333 0.0171875 0.022916666666666665
1 0.5328125 0.4326388888888889 0.0140625 0.02361111111111111
3 0.48020833333333335 0.5756944444444444 0.0234375 0.03888888888888889
3 0.43802083333333336 0.9402777777777778 0.0390625 0.11875
1 0.18802083333333333 0.9201388888888888 0.06302083333333333 0.10208333333333333
1 0.22552083333333334 0.8333333333333334 0.05572916666666667 0.0875
1 0.39427083333333335 0.34444444444444444 0.008333333333333333 0.005555555555555556
1 0.3927083333333333 0.3402777777777778 0.008333333333333333 0.006944444444444444
1 0.41041666666666665 0.32569444444444445 0.0078125 0.007638888888888889
1 0.41510416666666666 0.31666666666666665 0.005729166666666666 0.004861111111111111
1 0.4197916666666667 0.31180555555555556 0.0078125 0.006944444444444444
1 0.43125 0.3013888888888889 0.009375 0.006944444444444444
1 0.42239583333333336 0.39305555555555555 0.009375 0.010416666666666666
1 0.42552083333333335 0.38680555555555557 0.008333333333333333 0.010416666666666666
1 0.4348958333333333 0.36319444444444443 0.009895833333333333 0.011111111111111112
1 0.4427083333333333 0.3451388888888889 0.013020833333333334 0.0125
1 0.4484375 0.33194444444444443 0.007291666666666667 0.008333333333333333
1 0.4515625 0.3277777777777778 0.00625 0.007638888888888889
1 0.453125 0.3236111111111111 0.00625 0.007638888888888889
1 0.45625 0.31666666666666665 0.005208333333333333 0.008333333333333333
1 0.4578125 0.31319444444444444 0.005729166666666666 0.006944444444444444
1 0.46041666666666664 0.3090277777777778 0.005208333333333333 0.008333333333333333
1 0.4630208333333333 0.29930555555555555 0.007291666666666667 0.007638888888888889
1 0.4666666666666667 0.2923611111111111 0.007291666666666667 0.007638888888888889
1 0.4859375 0.31875 0.00625 0.007638888888888889
1 0.4921875 0.3597222222222222 0.008333333333333333 0.011111111111111112
0 0.4973958333333333 0.2826388888888889 0.005729166666666666 0.0125
1 0.4359375 0.6020833333333333 0.030208333333333334 0.02847222222222222
1 0.5114583333333333 0.26458333333333334 0.004166666666666667 0.005555555555555556
1 0.5083333333333333 0.2569444444444444 0.004166666666666667 0.005555555555555556
1 0.5041666666666667 0.2611111111111111 0.005208333333333333 0.006944444444444444
1 0.5765625 0.3611111111111111 0.0109375 0.009722222222222222
1 0.5723958333333333 0.35347222222222224 0.0109375 0.006944444444444444
1 0.5833333333333334 0.3819444444444444 0.016666666666666666 0.011111111111111112
1 0.6041666666666666 0.4076388888888889 0.016666666666666666 0.013194444444444444
0 0.6161458333333333 0.4340277777777778 0.022395833333333334 0.03333333333333333