2 0.5015625 0.26319444444444445 0.017708333333333333 0.05138888888888889
2 0.6729166666666667 0.37916666666666665 0.015625 0.04375
2 0.5447916666666667 0.01597222222222222 0.007291666666666667 0.018055555555555554
2 0.5369791666666667 0.06736111111111111 0.007291666666666667 0.02013888888888889
2 0.528125 0.11527777777777778 0.0109375 0.02638888888888889
2 0.7526041666666666 0.21875 0.017708333333333333 0.034027777777777775
1 0.5510416666666667 0.0020833333333333333 0.00625 0.004166666666666667
3 0.5505208333333333 0.011111111111111112 0.004166666666666667 0.010416666666666666
1 0.5109375 0.0375 0.007291666666666667 0.010416666666666666
3 0.496875 0.075 0.00625 0.014583333333333334
3 0.5333333333333333 0.08819444444444445 0.00625 0.014583333333333334
1 0.5442708333333334 0.02847222222222222 0.005729166666666666 0.009722222222222222
1 0.5401041666666667 0.03819444444444445 0.005729166666666666 0.009722222222222222
1 0.5348958333333333 0.04722222222222222 0.007291666666666667 0.010416666666666666
1 0.5395833333333333 0.05486111111111111 0.00625 0.0125
1 0.5192708333333333 0.024305555555555556 0.005729166666666666 0.008333333333333333
1 0.5135416666666667 0.020833333333333332 0.005729166666666666 0.009722222222222222
1 0.5119791666666667 0.04583333333333333 0.005729166666666666 0.011111111111111112
1 0.5078125 0.22083333333333333 0.009895833333333333 0.01875
1 0.7255208333333333 0.5381944444444444 0.019270833333333334 0.03819444444444445
1 0.78125 0.45 0.0171875 0.03333333333333333
1 0.8020833333333334 0.3993055555555556 0.0140625 0.022916666666666665
1 0.7692708333333333 0.3111111111111111 0.024479166666666666 0.015277777777777777
1 0.7848958333333333 0.3 0.025520833333333333 0.013194444444444444
1 0.7760416666666666 0.28541666666666665 0.0234375 0.014583333333333334
1 0.7692708333333333 0.24513888888888888 0.021354166666666667 0.014583333333333334
1 0.75625 0.18680555555555556 0.013541666666666667 0.010416666666666666
3 0.8630208333333333 0.7520833333333333 0.025520833333333333 0.05347222222222222
3 0.8890625 0.76875 0.027604166666666666 0.049305555555555554
3 0.9348958333333334 0.7645833333333333 0.034375 0.04861111111111111
2 0.971875 0.9284722222222223 0.05625 0.13125
1 0.9572916666666667 0.8256944444444444 0.042708333333333334 0.06319444444444444
1 0.2953125 0.8333333333333334 0.050520833333333334 0.041666666666666664
1 0.31197916666666664 0.7590277777777777 0.04583333333333333 0.04027777777777778
1 0.35208333333333336 0.5923611111111111 0.0359375 0.03263888888888889
2 0.4270833333333333 0.39305555555555555 0.0140625 0.027777777777777776
1 0.40989583333333335 0.33541666666666664 0.025 0.013194444444444444
1 0.4088541666666667 0.34375 0.022395833333333334 0.013194444444444444