1 0.17083333333333334 0.2798611111111111 0.026041666666666668 0.010416666666666666
1 0.20625 0.2798611111111111 0.025520833333333333 0.009722222222222222
1 0.24270833333333333 0.2798611111111111 0.0203125 0.011111111111111112
3 0.20416666666666666 0.2659722222222222 0.016666666666666666 0.011111111111111112
1 0.3 0.27708333333333335 0.021354166666666667 0.011805555555555555
1 0.42604166666666665 0.27569444444444446 0.021354166666666667 0.011805555555555555
1 0.4552083333333333 0.2763888888888889 0.022395833333333334 0.011805555555555555
1 0.484375 0.275 0.021875 0.010416666666666666
1 0.5104166666666666 0.2791666666666667 0.021354166666666667 0.011805555555555555
1 0.5192708333333333 0.2743055555555556 0.021354166666666667 0.011111111111111112
1 0.5427083333333333 0.275 0.021354166666666667 0.011111111111111112
3 0.48854166666666665 0.25763888888888886 0.0203125 0.010416666666666666
1 0.5859375 0.40208333333333335 0.0484375 0.024305555555555556
1 0.5828125 0.3854166666666667 0.044270833333333336 0.020833333333333332
3 0.4708333333333333 0.3770833333333333 0.03333333333333333 0.022916666666666665
3 0.4875 0.3875 0.03125 0.025
3 0.478125 0.4041666666666667 0.030208333333333334 0.02638888888888889
3 0.49583333333333335 0.4215277777777778 0.021875 0.03888888888888889
3 0.4671875 0.43819444444444444 0.044270833333333336 0.034722222222222224
3 0.4515625 0.42569444444444443 0.05416666666666667 0.027777777777777776
3 0.43854166666666666 0.4166666666666667 0.057291666666666664 0.035416666666666666
1 0.43333333333333335 0.39652777777777776 0.046875 0.022916666666666665
1 0.4505208333333333 0.3888888888888889 0.04583333333333333 0.02013888888888889
1 0.5067708333333333 0.47291666666666665 0.0296875 0.03958333333333333
3 0.5572916666666666 0.4576388888888889 0.025520833333333333 0.041666666666666664
3 0.4427083333333333 0.4708333333333333 0.0625 0.03611111111111111
1 0.434375 0.49444444444444446 0.06979166666666667 0.03888888888888889
1 0.4708333333333333 0.5125 0.06458333333333334 0.0375
3 0.43333333333333335 0.5180555555555556 0.05572916666666667 0.034722222222222224
1 0.43125 0.5458333333333333 0.0765625 0.04375
1 0.4401041666666667 0.5638888888888889 0.08125 0.041666666666666664
1 0.44166666666666665 0.5923611111111111 0.08385416666666666 0.04513888888888889
1 0.44427083333333334 0.6222222222222222 0.0859375 0.041666666666666664
1 0.4390625 0.6506944444444445 0.06354166666666666 0.04027777777777778
3 0.4552083333333333 0.6784722222222223 0.1203125 0.08125
1 0.44479166666666664 0.74375 0.1203125 0.06041666666666667
1 0.4401041666666667 0.7972222222222223 0.1359375 0.06875
3 0.4432291666666667 0.8625 0.121875 0.09930555555555555
2 0.45416666666666666 0.9430555555555555 0.16510416666666666 0.10972222222222222
1 0.58125 0.9159722222222222 0.07552083333333333 0.16666666666666666
1 0.609375 0.5243055555555556 0.04375 0.05277777777777778
1 0.6234375 0.4618055555555556 0.04583333333333333 0.03263888888888889
1 0.6505208333333333 0.49236111111111114 0.06458333333333334 0.030555555555555555
1 0.65625 0.5118055555555555 0.07395833333333333 0.03611111111111111
3 0.6385416666666667 0.47430555555555554 0.059375 0.03819444444444445
3 0.7114583333333333 0.5861111111111111 0.0953125 0.059027777777777776
3 0.721875 0.6263888888888889 0.08958333333333333 0.059722222222222225
1 0.7661458333333333 0.7048611111111112 0.11458333333333333 0.06180555555555556
1 0.8135416666666667 0.7513888888888889 0.1265625 0.07083333333333333
1 0.8916666666666667 0.8715277777777778 0.1609375 0.09027777777777778
1 0.909375 0.9597222222222223 0.17864583333333334 0.08055555555555556