1 0.3072916666666667 0.8465277777777778 0.06979166666666667 0.11597222222222223
1 0.5604166666666667 0.7 0.06822916666666666 0.05277777777777778
1 0.5744791666666667 0.6604166666666667 0.06770833333333333 0.03888888888888889
1 0.578125 0.6277777777777778 0.07708333333333334 0.041666666666666664
1 0.5880208333333333 0.5986111111111111 0.06302083333333333 0.03611111111111111
1 0.5885416666666666 0.5715277777777777 0.0703125 0.0375
1 0.49270833333333336 0.5361111111111111 0.040625 0.049305555555555554
1 0.5973958333333333 0.5479166666666667 0.065625 0.029861111111111113
1 0.6036458333333333 0.5243055555555556 0.05572916666666667 0.03263888888888889
1 0.6145833333333334 0.5013888888888889 0.05625 0.027777777777777776
1 0.6104166666666667 0.48055555555555557 0.04791666666666667 0.02847222222222222
1 0.58125 0.4534722222222222 0.029166666666666667 0.02847222222222222
3 0.6130208333333333 0.3423611111111111 0.01875 0.029166666666666667
1 0.7052083333333333 0.24027777777777778 0.0125 0.0125
1 0.7151041666666667 0.21944444444444444 0.0125 0.013194444444444444
1 0.7114583333333333 0.13958333333333334 0.00625 0.007638888888888889