1 0.15625 0.8444444444444444 0.05625 0.058333333333333334
1 0.325 0.6791666666666667 0.034375 0.024305555555555556
1 0.3484375 0.6527777777777778 0.025 0.021527777777777778
1 0.384375 0.6145833333333334 0.015104166666666667 0.01597222222222222
1 0.39166666666666666 0.6048611111111111 0.013020833333333334 0.013194444444444444
1 0.41041666666666665 0.5972222222222222 0.019270833333333334 0.013194444444444444
1 0.43333333333333335 0.5666666666666667 0.0140625 0.010416666666666666
1 0.4421875 0.5520833333333334 0.010416666666666666 0.009722222222222222
1 0.4510416666666667 0.5430555555555555 0.009375 0.007638888888888889
3 0.5338541666666666 0.5152777777777777 0.004166666666666667 0.008333333333333333
1 0.5135416666666667 0.5423611111111111 0.007291666666666667 0.009027777777777777
0 0.49635416666666665 0.5159722222222223 0.0067708333333333336 0.014583333333333334
2 0.5416666666666666 0.5388888888888889 0.011979166666666667 0.015277777777777777
2 0.5473958333333333 0.5416666666666666 0.008854166666666666 0.01597222222222222
1 0.5463541666666667 0.5527777777777778 0.0078125 0.007638888888888889
2 0.54375 0.6486111111111111 0.023958333333333335 0.06666666666666667
2 0.5463541666666667 0.6027777777777777 0.017708333333333333 0.04027777777777778
2 0.5473958333333333 0.5777777777777777 0.016666666666666666 0.029861111111111113
3 0.5494791666666666 0.5583333333333333 0.008333333333333333 0.006944444444444444
3 0.5546875 0.6875 0.015104166666666667 0.02847222222222222
2 0.546875 0.7833333333333333 0.04375 0.15
1 0.46197916666666666 0.5340277777777778 0.008333333333333333 0.008333333333333333
1 0.4661458333333333 0.53125 0.00625 0.007638888888888889
1 0.471875 0.5270833333333333 0.010416666666666666 0.007638888888888889
1 0.47708333333333336 0.525 0.009375 0.00625