1 0.24739583333333334 0.07222222222222222 0.03854166666666667 0.058333333333333334
1 0.409375 0.006944444444444444 0.022916666666666665 0.013194444444444444
1 0.4635416666666667 0.018055555555555554 0.0171875 0.03611111111111111
1 0.496875 0.043055555555555555 0.0234375 0.05694444444444444
1 0.396875 0.044444444444444446 0.0265625 0.05555555555555555
1 0.32916666666666666 0.05347222222222222 0.0328125 0.05138888888888889
1 0.315625 0.11666666666666667 0.034375 0.059722222222222225
1 0.37552083333333336 0.12152777777777778 0.0328125 0.06597222222222222
3 0.3645833333333333 0.1763888888888889 0.03333333333333333 0.06597222222222222
3 0.4015625 0.20972222222222223 0.03333333333333333 0.08958333333333333
1 0.359375 0.2534722222222222 0.03697916666666667 0.0875
2 0.29583333333333334 0.19027777777777777 0.041666666666666664 0.08402777777777778
1 0.28802083333333334 0.28125 0.034375 0.0763888888888889
1 0.5161458333333333 0.3159722222222222 0.036458333333333336 0.1
1 0.3390625 0.37430555555555556 0.052083333333333336 0.11041666666666666
1 0.2765625 0.3798611111111111 0.0515625 0.11527777777777778
1 0.15416666666666667 0.4444444444444444 0.11979166666666667 0.05625
1 0.1609375 0.5097222222222222 0.13125 0.07708333333333334
1 0.30520833333333336 0.48194444444444445 0.10989583333333333 0.08402777777777778
1 0.0640625 0.5930555555555556 0.12760416666666666 0.07708333333333334
3 0.3015625 0.5951388888888889 0.06197916666666667 0.14652777777777778
1 0.3572916666666667 0.6555555555555556 0.06145833333333333 0.15902777777777777
1 0.26666666666666666 0.8159722222222222 0.06770833333333333 0.18194444444444444
3 0.1859375 0.7673611111111112 0.08854166666666667 0.21736111111111112
1 0.6442708333333333 0.009722222222222222 0.028645833333333332 0.01875
1 0.6552083333333333 0.03819444444444445 0.03229166666666667 0.04791666666666667
1 0.6739583333333333 0.09027777777777778 0.036458333333333336 0.050694444444444445
1 0.6869791666666667 0.14652777777777778 0.0390625 0.059027777777777776
1 0.7067708333333333 0.21458333333333332 0.04479166666666667 0.07152777777777777
1 0.728125 0.29444444444444445 0.04635416666666667 0.07013888888888889
2 0.7588541666666667 0.3840277777777778 0.08229166666666667 0.13819444444444445
1 0.6817708333333333 0.5347222222222222 0.059375 0.125
3 0.959375 0.5722222222222222 0.07447916666666667 0.075
1 0.8822916666666667 0.8611111111111112 0.13854166666666667 0.22013888888888888
1 0.33697916666666666 0.93125 0.08072916666666667 0.13541666666666666
2 0.234375 0.9569444444444445 0.09427083333333333 0.08472222222222223