1 0.23229166666666667 0.5326388888888889 0.03854166666666667 0.02638888888888889
1 0.271875 0.46041666666666664 0.034895833333333334 0.022222222222222223
1 0.278125 0.44305555555555554 0.036458333333333336 0.017361111111111112
1 0.2859375 0.42569444444444443 0.04010416666666667 0.022916666666666665
1 0.28125 0.40694444444444444 0.0328125 0.018055555555555554
1 0.2916666666666667 0.3951388888888889 0.030729166666666665 0.015277777777777777
1 0.31979166666666664 0.3194444444444444 0.025520833333333333 0.018055555555555554
1 0.3067708333333333 0.2743055555555556 0.013541666666666667 0.015277777777777777
1 0.484375 0.5645833333333333 0.01875 0.041666666666666664
1 0.5604166666666667 0.32916666666666666 0.011979166666666667 0.02013888888888889
1 0.5442708333333334 0.2861111111111111 0.011458333333333333 0.01597222222222222
1 0.546875 0.2743055555555556 0.019270833333333334 0.015277777777777777
0 0.38333333333333336 0.19791666666666666 0.016666666666666666 0.03125
0 0.48802083333333335 0.10555555555555556 0.0109375 0.02013888888888889
2 0.5380208333333333 0.15486111111111112 0.020833333333333332 0.01597222222222222
2 0.5140625 0.14166666666666666 0.009895833333333333 0.018055555555555554
2 0.509375 0.09375 0.009895833333333333 0.02013888888888889
1 0.5536458333333333 0.18263888888888888 0.015625 0.011111111111111112
1 0.5541666666666667 0.1798611111111111 0.013541666666666667 0.010416666666666666
1 0.5776041666666667 0.1597222222222222 0.013541666666666667 0.009722222222222222
1 0.575 0.15555555555555556 0.015625 0.008333333333333333
1 0.5739583333333333 0.15347222222222223 0.015104166666666667 0.009722222222222222
1 0.56875 0.13472222222222222 0.013020833333333334 0.008333333333333333
1 0.5666666666666667 0.12986111111111112 0.013541666666666667 0.009722222222222222
1 0.5619791666666667 0.11944444444444445 0.013541666666666667 0.008333333333333333
1 0.5677083333333334 0.1375 0.011979166666666667 0.008333333333333333
1 0.5848958333333333 0.12361111111111112 0.00625 0.008333333333333333
1 0.5942708333333333 0.14305555555555555 0.005729166666666666 0.009722222222222222
1 0.5791666666666667 0.11041666666666666 0.00625 0.007638888888888889
1 0.540625 0.06805555555555555 0.008333333333333333 0.006944444444444444
1 0.5390625 0.06388888888888888 0.008333333333333333 0.007638888888888889
1 0.5078125 0.15555555555555556 0.008333333333333333 0.010416666666666666
1 0.47239583333333335 0.07222222222222222 0.0036458333333333334 0.006944444444444444
2 0.5619791666666667 0.5152777777777777 0.017708333333333333 0.04027777777777778
1 0.6348958333333333 0.5993055555555555 0.03229166666666667 0.02638888888888889
2 0.5046875 0.48194444444444445 0.022395833333333334 0.05138888888888889
2 0.4796875 0.7659722222222223 0.03333333333333333 0.10277777777777777
2 0.4817708333333333 0.06597222222222222 0.00625 0.013194444444444444