1 0.39166666666666666 0.7826388888888889 0.020833333333333332 0.052083333333333336
1 0.29583333333333334 0.6423611111111112 0.0140625 0.027777777777777776
1 0.30416666666666664 0.5381944444444444 0.0171875 0.027777777777777776
1 0.25729166666666664 0.5652777777777778 0.0140625 0.029166666666666667
1 0.2390625 0.3125 0.0109375 0.018055555555555554
2 0.23020833333333332 0.32222222222222224 0.015104166666666667 0.030555555555555555
1 0.2109375 0.27569444444444446 0.0078125 0.015277777777777777
2 0.19010416666666666 0.19305555555555556 0.009375 0.02013888888888889
1 0.16979166666666667 0.1951388888888889 0.00625 0.007638888888888889
1 0.1609375 0.16527777777777777 0.005729166666666666 0.009027777777777777
1 0.1671875 0.15138888888888888 0.005729166666666666 0.009027777777777777
0 0.17447916666666666 0.14930555555555555 0.008333333333333333 0.021527777777777778
1 0.1640625 0.12777777777777777 0.005208333333333333 0.009027777777777777
1 0.15729166666666666 0.125 0.005208333333333333 0.009027777777777777
0 0.15364583333333334 0.10416666666666667 0.007291666666666667 0.0125
1 0.4515625 0.32708333333333334 0.009895833333333333 0.018055555555555554
1 0.4515625 0.2861111111111111 0.009895833333333333 0.016666666666666666
1 0.5651041666666666 0.1875 0.009895833333333333 0.0125
2 0.5859375 0.16458333333333333 0.013020833333333334 0.01875
1 0.6088541666666667 0.14583333333333334 0.009375 0.010416666666666666
1 0.6541666666666667 0.13472222222222222 0.0078125 0.010416666666666666
1 0.6942708333333333 0.21319444444444444 0.007291666666666667 0.010416666666666666
1 0.703125 0.20902777777777778 0.0078125 0.011111111111111112
2 0.6651041666666667 0.24583333333333332 0.016666666666666666 0.029166666666666667
2 0.6328125 0.2513888888888889 0.025520833333333333 0.027777777777777776
2 0.6369791666666667 0.2465277777777778 0.025520833333333333 0.027777777777777776
2 0.6505208333333333 0.2388888888888889 0.028645833333333332 0.024305555555555556
2 0.6390625 0.2465277777777778 0.030208333333333334 0.02638888888888889
2 0.659375 0.23680555555555555 0.030208333333333334 0.029166666666666667
1 0.68125 0.2965277777777778 0.011979166666666667 0.016666666666666666
2 0.6536458333333334 0.28888888888888886 0.03125 0.02638888888888889
1 0.7427083333333333 0.27361111111111114 0.008333333333333333 0.016666666666666666
2 0.7770833333333333 0.3034722222222222 0.034375 0.030555555555555555
1 0.790625 0.30972222222222223 0.0171875 0.015277777777777777
1 0.79375 0.31805555555555554 0.015625 0.013888888888888888
1 0.9489583333333333 0.41458333333333336 0.019270833333333334 0.021527777777777778
2 0.9708333333333333 0.3861111111111111 0.050520833333333334 0.043055555555555555
1 0.9458333333333333 0.3729166666666667 0.025 0.022916666666666665
2 0.9333333333333333 0.3625 0.03229166666666667 0.03194444444444444
2 0.9213541666666667 0.3576388888888889 0.025520833333333333 0.027777777777777776
2 0.903125 0.34791666666666665 0.030729166666666665 0.030555555555555555
1 0.8890625 0.35208333333333336 0.0140625 0.016666666666666666
1 0.8677083333333333 0.3506944444444444 0.019270833333333334 0.013888888888888888
1 0.8770833333333333 0.34791666666666665 0.0171875 0.015277777777777777
2 0.8734375 0.33402777777777776 0.04375 0.030555555555555555
1 0.8458333333333333 0.3347222222222222 0.016666666666666666 0.018055555555555554