0 0.05625 0.14791666666666667 0.08020833333333334 0.030555555555555555
0 0.030208333333333334 0.11944444444444445 0.06041666666666667 0.030555555555555555
0 0.028125 0.08680555555555555 0.05625 0.03888888888888889
2 0.0421875 0.07013888888888889 0.03854166666666667 0.02638888888888889
2 0.03333333333333333 0.03888888888888889 0.052083333333333336 0.03125
2 0.21302083333333333 0.06875 0.0234375 0.05347222222222222
2 0.23020833333333332 0.06180555555555556 0.022395833333333334 0.05138888888888889
1 0.24479166666666666 0.041666666666666664 0.0171875 0.03819444444444445
1 0.25625 0.029861111111111113 0.013020833333333334 0.02847222222222222
1 0.2916666666666667 0.0125 0.016666666666666666 0.025
1 0.2869791666666667 0.20972222222222223 0.011979166666666667 0.034027777777777775
1 0.06979166666666667 0.45625 0.027083333333333334 0.02638888888888889
1 0.0734375 0.48055555555555557 0.025 0.02361111111111111
1 0.12916666666666668 0.46458333333333335 0.03125 0.017361111111111112
1 0.12760416666666666 0.4861111111111111 0.027083333333333334 0.018055555555555554
1 0.19635416666666666 0.46944444444444444 0.0140625 0.03611111111111111
1 0.0421875 0.6243055555555556 0.0328125 0.02013888888888889
1 0.0640625 0.6826388888888889 0.03333333333333333 0.018055555555555554
1 0.17552083333333332 0.65 0.028645833333333332 0.018055555555555554
1 0.184375 0.7277777777777777 0.015625 0.04027777777777778
3 0.21354166666666666 0.7465277777777778 0.03125 0.018055555555555554
1 0.2484375 0.7381944444444445 0.013541666666666667 0.034027777777777775
1 0.2484375 0.7840277777777778 0.013020833333333334 0.03680555555555556
1 0.2375 0.8631944444444445 0.015104166666666667 0.03888888888888889
1 0.30520833333333336 0.7534722222222222 0.027604166666666666 0.02013888888888889
1 0.30052083333333335 0.7958333333333333 0.0265625 0.02013888888888889
1 0.30052083333333335 0.8145833333333333 0.028645833333333332 0.018055555555555554
1 0.29583333333333334 0.8340277777777778 0.030208333333333334 0.017361111111111112
1 0.296875 0.8534722222222222 0.030729166666666665 0.018055555555555554
1 0.29583333333333334 0.8902777777777777 0.030729166666666665 0.02013888888888889
1 0.29322916666666665 0.9118055555555555 0.0265625 0.02013888888888889
1 0.28958333333333336 0.9840277777777777 0.029166666666666667 0.022916666666666665
1 0.3541666666666667 0.9381944444444444 0.015625 0.041666666666666664
1 0.3489583333333333 0.9847222222222223 0.014583333333333334 0.030555555555555555
1 0.6572916666666667 0.10138888888888889 0.015625 0.035416666666666666
1 0.6713541666666667 0.07777777777777778 0.015625 0.03611111111111111
1 0.6875 0.08472222222222223 0.011979166666666667 0.034027777777777775
1 0.7015625 0.08541666666666667 0.013541666666666667 0.03333333333333333
1 0.5578125 0.6597222222222222 0.028645833333333332 0.01875
1 0.5697916666666667 0.71875 0.013541666666666667 0.03888888888888889
1 0.615625 0.6222222222222222 0.027083333333333334 0.01875
2 0.6416666666666667 0.6583333333333333 0.10260416666666666 0.035416666666666666
1 0.590625 0.8090277777777778 0.0140625 0.043055555555555555
1 0.5885416666666666 0.8527777777777777 0.0140625 0.04097222222222222
1 0.5598958333333334 0.8819444444444444 0.013020833333333334 0.03611111111111111
1 0.5151041666666667 0.9263888888888889 0.011458333333333333 0.04027777777777778
1 0.575 0.9493055555555555 0.0140625 0.04027777777777778
1 0.5979166666666667 0.9368055555555556 0.022916666666666665 0.027777777777777776
1 0.846875 0.6888888888888889 0.029166666666666667 0.01875
1 0.9276041666666667 0.7430555555555556 0.029166666666666667 0.018055555555555554
1 0.9625 0.7493055555555556 0.027604166666666666 0.017361111111111112
1 0.8869791666666667 0.8 0.0140625 0.034027777777777775
1 0.8411458333333334 0.7381944444444445 0.027604166666666666 0.01875
1 0.8020833333333334 0.7347222222222223 0.027083333333333334 0.018055555555555554
1 0.5333333333333333 0.9916666666666667 0.009375 0.01597222222222222