1 0.8979166666666667 0.96875 0.08177083333333333 0.0625
1 0.9046875 0.8416666666666667 0.0515625 0.06666666666666667
1 0.8161458333333333 0.7875 0.06822916666666666 0.058333333333333334
1 0.6885416666666667 0.8173611111111111 0.06302083333333333 0.059722222222222225
1 0.7364583333333333 0.7395833333333334 0.059375 0.05555555555555555
1 0.6609375 0.6923611111111111 0.05520833333333333 0.04652777777777778
1 0.625 0.7708333333333334 0.053125 0.0625
1 0.5651041666666666 0.7340277777777777 0.0546875 0.05486111111111111
1 0.6270833333333333 0.6027777777777777 0.03125 0.034722222222222224
1 0.703125 0.5638888888888889 0.04635416666666667 0.03194444444444444
1 0.5005208333333333 0.6020833333333333 0.04114583333333333 0.03194444444444444
1 0.46510416666666665 0.6652777777777777 0.04375 0.04097222222222222
1 0.603125 0.5333333333333333 0.034375 0.029861111111111113
1 0.6145833333333334 0.5173611111111112 0.0359375 0.027083333333333334
1 0.68125 0.5319444444444444 0.025 0.025694444444444443
1 0.7020833333333333 0.4736111111111111 0.0234375 0.02638888888888889
1 0.6927083333333334 0.44722222222222224 0.030729166666666665 0.025
1 0.7119791666666667 0.43333333333333335 0.0328125 0.022916666666666665
1 0.7223958333333333 0.42569444444444443 0.03229166666666667 0.022916666666666665
1 0.7302083333333333 0.4201388888888889 0.028125 0.02013888888888889
1 0.7421875 0.41597222222222224 0.024479166666666666 0.021527777777777778
1 0.7526041666666666 0.4125 0.027604166666666666 0.019444444444444445
1 0.46041666666666664 0.5763888888888888 0.03802083333333333 0.03125
1 0.415625 0.5513888888888889 0.033854166666666664 0.02847222222222222
1 0.3609375 0.5895833333333333 0.03802083333333333 0.03333333333333333
1 0.32708333333333334 0.5638888888888889 0.0359375 0.029166666666666667
1 0.2947916666666667 0.5388888888888889 0.026041666666666668 0.035416666666666666
1 0.3145833333333333 0.4930555555555556 0.0265625 0.021527777777777778
1 0.2921875 0.4791666666666667 0.025 0.020833333333333332
1 0.38125 0.5319444444444444 0.03177083333333333 0.027083333333333334
1 0.2916666666666667 0.43680555555555556 0.0296875 0.019444444444444445
1 0.25625 0.44166666666666665 0.015104166666666667 0.020833333333333332
1 0.26666666666666666 0.5201388888888889 0.016666666666666666 0.024305555555555556
1 0.9828125 0.8902777777777777 0.033854166666666664 0.04791666666666667
1 0.7973958333333333 0.38958333333333334 0.0265625 0.019444444444444445
1 0.8182291666666667 0.375 0.021875 0.0125
2 0.7473958333333334 0.45416666666666666 0.0328125 0.03958333333333333
2 0.7614583333333333 0.47708333333333336 0.017708333333333333 0.022916666666666665
1 0.3177083333333333 0.24583333333333332 0.0171875 0.011805555555555555
1 0.33645833333333336 0.24583333333333332 0.013020833333333334 0.007638888888888889
1 0.3692708333333333 0.2604166666666667 0.010416666666666666 0.009722222222222222
1 0.35104166666666664 0.25277777777777777 0.00625 0.010416666666666666
1 0.3541666666666667 0.2638888888888889 0.009895833333333333 0.007638888888888889
1 0.3020833333333333 0.26319444444444445 0.010416666666666666 0.008333333333333333
1 0.30833333333333335 0.3770833333333333 0.01875 0.014583333333333334
1 0.321875 0.37222222222222223 0.0140625 0.013888888888888888
1 0.35625 0.3590277777777778 0.01875 0.011805555555555555
1 0.36875 0.3548611111111111 0.0140625 0.0125
1 0.3302083333333333 0.3402777777777778 0.016666666666666666 0.013194444444444444
1 0.5708333333333333 0.2923611111111111 0.017708333333333333 0.009722222222222222
1 0.5765625 0.2902777777777778 0.016145833333333335 0.009027777777777777
1 0.5848958333333333 0.2875 0.0171875 0.008333333333333333
1 0.5890625 0.28402777777777777 0.016145833333333335 0.009027777777777777
1 0.5833333333333334 0.27569444444444446 0.013541666666666667 0.008333333333333333
1 0.5755208333333334 0.2743055555555556 0.014583333333333334 0.009722222222222222
1 0.7901041666666667 0.2604166666666667 0.013541666666666667 0.0125