3 0.6666666666666666 0.6416666666666667 0.04583333333333333 0.11805555555555555
1 0.5619791666666667 0.3590277777777778 0.04010416666666667 0.09930555555555555
1 0.3484375 0.76875 0.05260416666666667 0.16875
1 0.35052083333333334 0.6097222222222223 0.04791666666666667 0.13819444444444445
1 0.36041666666666666 0.4263888888888889 0.04635416666666667 0.10347222222222222
1 0.37395833333333334 0.275 0.04479166666666667 0.10486111111111111
1 0.3765625 0.18263888888888888 0.0328125 0.08680555555555555
1 0.37447916666666664 0.08888888888888889 0.03854166666666667 0.08263888888888889
1 0.37083333333333335 0.013194444444444444 0.0234375 0.025694444444444443
3 0.8119791666666667 0.225 0.06927083333333334 0.04791666666666667
1 0.8234375 0.2673611111111111 0.08333333333333333 0.044444444444444446
1 0.8302083333333333 0.31319444444444444 0.09010416666666667 0.05416666666666667
1 0.8463541666666666 0.35555555555555557 0.0859375 0.04583333333333333
1 0.8651041666666667 0.39652777777777776 0.08020833333333334 0.049305555555555554
3 0.8833333333333333 0.4423611111111111 0.0984375 0.04861111111111111
1 0.9015625 0.5069444444444444 0.109375 0.05416666666666667
1 0.91875 0.575 0.10520833333333333 0.06944444444444445
1 0.9375 0.6333333333333333 0.10625 0.059027777777777776
1 0.9541666666666667 0.7034722222222223 0.09166666666666666 0.07013888888888889
3 0.9578125 0.7798611111111111 0.084375 0.06319444444444444
3 0.978125 0.8604166666666667 0.04375 0.044444444444444446
3 0.7536458333333333 0.04583333333333333 0.0671875 0.04791666666666667
3 0.7427083333333333 0.01597222222222222 0.0625 0.03194444444444444