1 0.046875 0.7701388888888889 0.09375 0.10972222222222222
1 0.4161458333333333 0.7 0.15104166666666666 0.1125
3 0.3609375 0.6173611111111111 0.11302083333333333 0.1076388888888889
1 0.81875 0.825 0.15052083333333333 0.11805555555555555
1 0.7729166666666667 0.5145833333333333 0.1140625 0.08194444444444444
2 0.9770833333333333 0.41388888888888886 0.04583333333333333 0.07777777777777778
1 0.6213541666666667 0.3729166666666667 0.0640625 0.07916666666666666
3 0.5442708333333334 0.29305555555555557 0.04895833333333333 0.08263888888888889
1 0.5140625 0.23541666666666666 0.04739583333333333 0.06458333333333334
0 0.578125 0.2298611111111111 0.13020833333333334 0.1798611111111111
1 0.4552083333333333 0.13541666666666666 0.029166666666666667 0.049305555555555554
1 0.4552083333333333 0.05 0.03177083333333333 0.03680555555555556
1 0.37604166666666666 0.06666666666666667 0.0296875 0.04097222222222222
1 0.3625 0.03958333333333333 0.027604166666666666 0.034722222222222224
1 0.37916666666666665 0.013194444444444444 0.0265625 0.02638888888888889
1 0.41875 0.007638888888888889 0.026041666666666668 0.015277777777777777
1 0.21927083333333333 0.11388888888888889 0.030729166666666665 0.03888888888888889
1 0.2604166666666667 0.11041666666666666 0.030729166666666665 0.0375