2 0.32760416666666664 0.46597222222222223 0.0265625 0.06597222222222222
2 0.36770833333333336 0.4013888888888889 0.016145833333333335 0.04791666666666667
2 0.44635416666666666 0.3909722222222222 0.033854166666666664 0.041666666666666664
2 0.4171875 0.35347222222222224 0.0109375 0.025694444444444443
2 0.403125 0.3590277777777778 0.0203125 0.044444444444444446
2 0.3776041666666667 0.36319444444444443 0.016666666666666666 0.03819444444444445
2 0.5364583333333334 0.4951388888888889 0.08489583333333334 0.04097222222222222
2 0.5453125 0.6111111111111112 0.0890625 0.06388888888888888
2 0.6505208333333333 0.37083333333333335 0.010416666666666666 0.019444444444444445
2 0.740625 0.3333333333333333 0.0125 0.01597222222222222
2 0.7088541666666667 0.34375 0.016145833333333335 0.021527777777777778
1 0.8822916666666667 0.43680555555555556 0.016666666666666666 0.011111111111111112
1 0.8864583333333333 0.4423611111111111 0.017708333333333333 0.014583333333333334
1 0.8921875 0.44513888888888886 0.020833333333333332 0.01597222222222222
3 0.9072916666666667 0.45416666666666666 0.0203125 0.01597222222222222
3 0.9114583333333334 0.4576388888888889 0.016666666666666666 0.013194444444444444
3 0.9119791666666667 0.44930555555555557 0.018229166666666668 0.01597222222222222
3 0.9088541666666666 0.4409722222222222 0.011458333333333333 0.01875
3 0.8916666666666667 0.45208333333333334 0.0171875 0.016666666666666666
1 0.9348958333333334 0.44930555555555557 0.022916666666666665 0.016666666666666666
1 0.9276041666666667 0.4583333333333333 0.016666666666666666 0.013194444444444444
1 0.9359375 0.46319444444444446 0.023958333333333335 0.017361111111111112
1 0.9005208333333333 0.4673611111111111 0.01875 0.014583333333333334
3 0.9052083333333333 0.47291666666666665 0.023958333333333335 0.019444444444444445
3 0.9114583333333334 0.4798611111111111 0.020833333333333332 0.02013888888888889
3 0.9161458333333333 0.4826388888888889 0.015625 0.017361111111111112
2 0.925 0.46875 0.022916666666666665 0.02013888888888889
1 0.9265625 0.47638888888888886 0.019270833333333334 0.021527777777777778
3 0.9369791666666667 0.48055555555555557 0.019791666666666666 0.01875
2 0.9572916666666667 0.47152777777777777 0.015625 0.027083333333333334
2 0.965625 0.48819444444444443 0.04739583333333333 0.03263888888888889
1 0.9682291666666667 0.4840277777777778 0.025520833333333333 0.016666666666666666
2 0.9578125 0.5 0.0390625 0.027777777777777776
2 0.9609375 0.4930555555555556 0.05416666666666667 0.027083333333333334
1 0.9760416666666667 0.5138888888888888 0.023958333333333335 0.02013888888888889
2 0.6848958333333334 0.26180555555555557 0.008333333333333333 0.016666666666666666
2 0.2859375 0.7125 0.07447916666666667 0.04652777777777778