1 0.25364583333333335 0.9743055555555555 0.034375 0.04791666666666667
0 0.8864583333333333 0.7951388888888888 0.0859375 0.30069444444444443
3 0.5223958333333333 0.8965277777777778 0.030729166666666665 0.12083333333333333
3 0.38177083333333334 0.5576388888888889 0.0265625 0.06458333333333334
3 0.17552083333333332 0.8048611111111111 0.03854166666666667 0.08472222222222223
3 0.14479166666666668 0.5291666666666667 0.034895833333333334 0.05555555555555555
3 0.3 0.4798611111111111 0.025520833333333333 0.058333333333333334
1 0.2921875 0.32708333333333334 0.05572916666666667 0.04027777777777778
1 0.7484375 0.35138888888888886 0.05520833333333333 0.04583333333333333
1 0.85625 0.3236111111111111 0.057291666666666664 0.043055555555555555
3 0.8640625 0.28888888888888886 0.050520833333333334 0.03680555555555556
1 0.49583333333333335 0.3298611111111111 0.052083333333333336 0.04027777777777778
1 0.3328125 0.26319444444444445 0.05 0.03958333333333333
3 0.984375 0.2076388888888889 0.028645833333333332 0.05694444444444444
3 0.08020833333333334 0.25763888888888886 0.050520833333333334 0.035416666666666666
2 0.3546875 0.12430555555555556 0.034895833333333334 0.05347222222222222
3 0.5015625 0.1 0.016666666666666666 0.030555555555555555
3 0.5369791666666667 0.09166666666666666 0.016666666666666666 0.03680555555555556
0 0.32083333333333336 0.03333333333333333 0.052083333333333336 0.06666666666666667
3 0.4296875 0.013194444444444444 0.020833333333333332 0.02638888888888889
3 0.5041666666666667 0.2465277777777778 0.017708333333333333 0.041666666666666664
1 0.6760416666666667 0.19166666666666668 0.015104166666666667 0.03819444444444445
0 0.6864583333333333 0.2465277777777778 0.0328125 0.09236111111111112
0 0.0859375 0.08888888888888889 0.10572916666666667 0.09930555555555555