1 0.44583333333333336 0.7847222222222222 0.0875 0.09791666666666667
1 0.48854166666666665 0.75625 0.0859375 0.08472222222222223
1 0.44583333333333336 0.5597222222222222 0.05677083333333333 0.04861111111111111
1 0.39479166666666665 0.5270833333333333 0.059375 0.04583333333333333
1 0.3145833333333333 0.5458333333333333 0.058333333333333334 0.05347222222222222
1 0.2578125 0.5131944444444444 0.05625 0.04027777777777778
1 0.3067708333333333 0.47847222222222224 0.04739583333333333 0.04027777777777778
1 0.10520833333333333 0.47847222222222224 0.049479166666666664 0.044444444444444446
1 0.18958333333333333 0.4395833333333333 0.04583333333333333 0.04097222222222222
1 0.4635416666666667 0.4548611111111111 0.04739583333333333 0.041666666666666664
1 0.39739583333333334 0.4263888888888889 0.04583333333333333 0.029861111111111113
1 0.37916666666666665 0.4125 0.0484375 0.030555555555555555
1 0.6526041666666667 0.5458333333333333 0.06666666666666667 0.04652777777777778
1 0.7661458333333333 0.5381944444444444 0.0640625 0.04583333333333333
2 0.6875 0.5048611111111111 0.0703125 0.052083333333333336
1 0.6791666666666667 0.46041666666666664 0.053125 0.04027777777777778
1 0.5473958333333333 0.4125 0.04791666666666667 0.03194444444444444
3 0.5395833333333333 0.3597222222222222 0.044270833333333336 0.0375
1 0.496875 0.3923611111111111 0.03854166666666667 0.03125
1 0.5348958333333333 0.44166666666666665 0.026041666666666668 0.03125
1 0.4947916666666667 0.4284722222222222 0.020833333333333332 0.029861111111111113
1 0.465625 0.41388888888888886 0.015625 0.024305555555555556
1 0.4609375 0.3784722222222222 0.0359375 0.029861111111111113
1 0.3140625 0.30486111111111114 0.029166666666666667 0.025
1 0.28854166666666664 0.30833333333333335 0.03125 0.025
1 0.19739583333333333 0.375 0.04114583333333333 0.03194444444444444
1 0.1875 0.2673611111111111 0.0265625 0.01875
1 0.23541666666666666 0.25416666666666665 0.026041666666666668 0.01875
1 0.22135416666666666 0.23680555555555555 0.023958333333333335 0.018055555555555554
3 0.32083333333333336 0.23402777777777778 0.0234375 0.021527777777777778
1 0.37916666666666665 0.2604166666666667 0.028645833333333332 0.01875
1 0.42864583333333334 0.24791666666666667 0.027604166666666666 0.016666666666666666
3 0.45677083333333335 0.2520833333333333 0.025520833333333333 0.02013888888888889
1 0.4010416666666667 0.23333333333333334 0.026041666666666668 0.018055555555555554
1 0.3723958333333333 0.2298611111111111 0.0234375 0.019444444444444445
1 0.3375 0.22013888888888888 0.023958333333333335 0.018055555555555554
1 0.23333333333333334 0.1875 0.019791666666666666 0.0125
1 0.25 0.175 0.013541666666666667 0.011111111111111112
3 0.22552083333333334 0.17222222222222222 0.020833333333333332 0.014583333333333334
1 0.9322916666666666 0.3951388888888889 0.050520833333333334 0.025
1 0.9328125 0.35138888888888886 0.04479166666666667 0.02847222222222222
1 0.9385416666666667 0.34652777777777777 0.046875 0.02847222222222222
1 0.95 0.3368055555555556 0.04114583333333333 0.025
1 0.9541666666666667 0.325 0.043229166666666666 0.022916666666666665
3 0.9625 0.31180555555555556 0.035416666666666666 0.027083333333333334
1 0.9682291666666667 0.2875 0.022916666666666665 0.01875
1 0.9552083333333333 0.27152777777777776 0.024479166666666666 0.02013888888888889
1 0.8567708333333334 0.3090277777777778 0.026041666666666668 0.024305555555555556
1 0.8739583333333333 0.2986111111111111 0.0234375 0.022916666666666665
1 0.8927083333333333 0.2875 0.021875 0.017361111111111112
1 0.8630208333333333 0.2743055555555556 0.03854166666666667 0.025694444444444443
1 0.8322916666666667 0.2777777777777778 0.025 0.018055555555555554
1 0.8208333333333333 0.2625 0.0234375 0.024305555555555556
1 0.7822916666666667 0.34305555555555556 0.034375 0.024305555555555556
1 0.7223958333333333 0.3326388888888889 0.03802083333333333 0.025
2 0.7520833333333333 0.3159722222222222 0.04375 0.035416666666666666
1 0.76875 0.3173611111111111 0.034895833333333334 0.024305555555555556
2 0.78125 0.30625 0.04479166666666667 0.03611111111111111
2 0.98125 0.3458333333333333 0.03697916666666667 0.04722222222222222
1 0.9927083333333333 0.2916666666666667 0.014583333333333334 0.019444444444444445
1 0.9119791666666667 0.25833333333333336 0.0328125 0.01597222222222222
1 0.9203125 0.2534722222222222 0.03177083333333333 0.017361111111111112
1 0.93125 0.2465277777777778 0.029166666666666667 0.01875
3 0.9583333333333334 0.23472222222222222 0.025 0.019444444444444445
1 0.965625 0.2326388888888889 0.027083333333333334 0.016666666666666666
1 0.9708333333333333 0.22847222222222222 0.025520833333333333 0.015277777777777777
1 0.9802083333333333 0.225 0.0296875 0.014583333333333334
1 0.9880208333333333 0.21319444444444444 0.023958333333333335 0.013888888888888888
1 0.9932291666666667 0.2048611111111111 0.013541666666666667 0.0125
1 0.9692708333333333 0.6097222222222223 0.0609375 0.04236111111111111
1 0.9489583333333333 0.6673611111111111 0.0453125 0.06388888888888888
1 0.27708333333333335 0.7361111111111112 0.09427083333333333 0.07708333333333334
1 0.2328125 0.6784722222222223 0.065625 0.07708333333333334
1 0.036458333333333336 0.4395833333333333 0.04479166666666667 0.034722222222222224
1 0.06822916666666666 0.4270833333333333 0.04739583333333333 0.03333333333333333
1 0.11979166666666667 0.40347222222222223 0.043229166666666666 0.034027777777777775
1 0.17291666666666666 0.38333333333333336 0.03854166666666667 0.027083333333333334
1 0.2911458333333333 0.34305555555555556 0.03958333333333333 0.02361111111111111
1 0.58125 0.2923611111111111 0.034895833333333334 0.020833333333333332
2 0.5458333333333333 0.27361111111111114 0.04375 0.035416666666666666
2 0.5223958333333333 0.2423611111111111 0.05 0.030555555555555555
1 0.1796875 0.16944444444444445 0.015104166666666667 0.0125
3 0.16510416666666666 0.16944444444444445 0.014583333333333334 0.014583333333333334
1 0.15104166666666666 0.16458333333333333 0.0140625 0.011111111111111112
1 0.15677083333333333 0.16597222222222222 0.0109375 0.013194444444444444
1 0.04739583333333333 0.20694444444444443 0.017708333333333333 0.015277777777777777
1 0.035416666666666666 0.19930555555555557 0.015104166666666667 0.01875
1 0.022395833333333334 0.19583333333333333 0.017708333333333333 0.01597222222222222
1 0.05520833333333333 0.17916666666666667 0.01875 0.018055555555555554
1 0.020833333333333332 0.16458333333333333 0.016666666666666666 0.01597222222222222
1 0.036458333333333336 0.12708333333333333 0.010416666666666666 0.009027777777777777
1 0.13125 0.14097222222222222 0.011979166666666667 0.008333333333333333
1 0.12135416666666667 0.1388888888888889 0.013541666666666667 0.009722222222222222
1 0.11302083333333333 0.13819444444444445 0.014583333333333334 0.008333333333333333
1 0.10833333333333334 0.13402777777777777 0.0171875 0.008333333333333333
1 0.09791666666666667 0.1284722222222222 0.021875 0.010416666666666666
1 0.09270833333333334 0.12638888888888888 0.016666666666666666 0.008333333333333333
1 0.0828125 0.12152777777777778 0.018229166666666668 0.009722222222222222
1 0.057291666666666664 0.1111111111111111 0.019791666666666666 0.009027777777777777
1 0.04895833333333333 0.1111111111111111 0.015104166666666667 0.009722222222222222
1 0.04479166666666667 0.1076388888888889 0.015104166666666667 0.008333333333333333
1 0.03854166666666667 0.10347222222222222 0.018229166666666668 0.009027777777777777
1 0.017708333333333333 0.10625 0.0171875 0.008333333333333333
3 0.024479166666666666 0.09513888888888888 0.0140625 0.009722222222222222
1 0.0171875 0.10138888888888889 0.015104166666666667 0.009027777777777777
1 0.007291666666666667 0.10277777777777777 0.014583333333333334 0.008333333333333333