1 0.23489583333333333 0.15694444444444444 0.019270833333333334 0.019444444444444445
3 0.2140625 0.18125 0.0171875 0.021527777777777778
1 0.18854166666666666 0.21319444444444444 0.024479166666666666 0.019444444444444445
1 0.17291666666666666 0.23402777777777778 0.0203125 0.025
1 0.15572916666666667 0.2548611111111111 0.019270833333333334 0.019444444444444445
1 0.1140625 0.30486111111111114 0.0328125 0.027777777777777776
1 0.04114583333333333 0.36736111111111114 0.034375 0.04097222222222222
1 0.03802083333333333 0.40694444444444444 0.03229166666666667 0.044444444444444446
1 0.0078125 0.3972222222222222 0.015625 0.03888888888888889
1 0.37447916666666664 0.24930555555555556 0.030729166666666665 0.024305555555555556
1 0.3875 0.22291666666666668 0.025 0.022916666666666665
1 0.3932291666666667 0.20902777777777778 0.023958333333333335 0.022916666666666665
1 0.39895833333333336 0.20069444444444445 0.025 0.022916666666666665
1 0.3260416666666667 0.38333333333333336 0.023958333333333335 0.041666666666666664
1 0.42291666666666666 0.4013888888888889 0.021354166666666667 0.04791666666666667
1 0.44583333333333336 0.4048611111111111 0.01875 0.04513888888888889
1 0.5151041666666667 0.4201388888888889 0.0171875 0.044444444444444446
1 0.5375 0.425 0.015625 0.05
1 0.6036458333333333 0.18680555555555556 0.025 0.027083333333333334
1 0.6458333333333334 0.1986111111111111 0.0265625 0.022222222222222223
1 0.6760416666666667 0.12222222222222222 0.022916666666666665 0.019444444444444445
2 0.6697916666666667 0.3854166666666667 0.03854166666666667 0.04513888888888889
3 0.7489583333333333 0.2951388888888889 0.0125 0.03263888888888889
1 0.8973958333333333 0.26180555555555557 0.0171875 0.034027777777777775
1 0.840625 0.25069444444444444 0.0140625 0.03333333333333333
1 0.8369791666666667 0.2972222222222222 0.015625 0.02847222222222222
1 0.9302083333333333 0.3236111111111111 0.020833333333333332 0.03680555555555556
1 0.8833333333333333 0.38958333333333334 0.0375 0.03680555555555556
1 0.7885416666666667 0.3104166666666667 0.016145833333333335 0.03333333333333333
2 0.9161458333333333 0.45902777777777776 0.0875 0.05347222222222222
2 0.9770833333333333 0.4111111111111111 0.044270833333333336 0.04375
2 0.9765625 0.27708333333333335 0.0203125 0.05277777777777778
1 0.7036458333333333 0.45069444444444445 0.03802083333333333 0.03680555555555556
1 0.7182291666666667 0.47708333333333336 0.03697916666666667 0.03611111111111111
1 0.6010416666666667 0.4548611111111111 0.03697916666666667 0.034027777777777775
1 0.5921875 0.4326388888888889 0.036458333333333336 0.03611111111111111
3 0.5135416666666667 0.58125 0.019270833333333334 0.05625
1 0.48385416666666664 0.5701388888888889 0.020833333333333332 0.049305555555555554
1 0.45625 0.5618055555555556 0.020833333333333332 0.05277777777777778
2 0.3921875 0.7201388888888889 0.13489583333333333 0.12222222222222222
2 0.4088541666666667 0.9479166666666666 0.046875 0.10138888888888889
2 0.03125 0.9041666666666667 0.058854166666666666 0.08333333333333333