1 0.6026041666666667 0.5118055555555555 0.0171875 0.022222222222222223
1 0.6036458333333333 0.4798611111111111 0.015625 0.02013888888888889
1 0.6130208333333333 0.43472222222222223 0.013020833333333334 0.014583333333333334
1 0.6182291666666667 0.3888888888888889 0.009375 0.009722222222222222
1 0.5859375 0.39375 0.011979166666666667 0.01597222222222222
1 0.6223958333333334 0.35694444444444445 0.009375 0.008333333333333333
1 0.6375 0.33541666666666664 0.00625 0.006944444444444444
1 0.6328125 0.31180555555555556 0.004166666666666667 0.006944444444444444
3 0.5630208333333333 0.35347222222222224 0.008333333333333333 0.011111111111111112
1 0.5703125 0.34444444444444444 0.0078125 0.008333333333333333
1 0.5484375 0.2590277777777778 0.005729166666666666 0.005555555555555556
1 0.6338541666666667 0.2965277777777778 0.005208333333333333 0.003472222222222222
1 0.6411458333333333 0.3034722222222222 0.005208333333333333 0.004861111111111111
3 0.628125 0.3298611111111111 0.00625 0.009722222222222222
1 0.6421875 0.2951388888888889 0.005729166666666666 0.005555555555555556
1 0.6427083333333333 0.28888888888888886 0.005208333333333333 0.004861111111111111
1 0.6338541666666667 0.29097222222222224 0.005208333333333333 0.004861111111111111
1 0.6369791666666667 0.28680555555555554 0.004166666666666667 0.003472222222222222
1 0.6067708333333334 0.28402777777777777 0.005208333333333333 0.003472222222222222
1 0.7354166666666667 0.8916666666666667 0.04791666666666667 0.0875
1 0.7015625 0.6777777777777778 0.01875 0.04097222222222222
1 0.7041666666666667 0.5145833333333333 0.030729166666666665 0.04652777777777778
1 0.7119791666666667 0.2652777777777778 0.00625 0.004861111111111111
1 0.9708333333333333 0.6263888888888889 0.040625 0.02847222222222222
1 0.7625 0.7493055555555556 0.05364583333333333 0.09166666666666666