1 0.0625 0.5666666666666667 0.0265625 0.041666666666666664
1 0.228125 0.5305555555555556 0.040625 0.02013888888888889
1 0.09375 0.76875 0.04010416666666667 0.04791666666666667
1 0.14270833333333333 0.9458333333333333 0.04583333333333333 0.05486111111111111
1 0.446875 0.8756944444444444 0.03229166666666667 0.058333333333333334
3 0.4973958333333333 0.9569444444444445 0.030208333333333334 0.06111111111111111
1 0.8083333333333333 0.5979166666666667 0.022395833333333334 0.03819444444444445
1 0.9578125 0.38333333333333336 0.0171875 0.027777777777777776
2 0.8552083333333333 0.48194444444444445 0.0328125 0.052083333333333336
2 0.8755208333333333 0.3590277777777778 0.025 0.04027777777777778
1 0.96875 0.24097222222222223 0.016666666666666666 0.02013888888888889
1 0.9307291666666667 0.24027777777777778 0.013020833333333334 0.016666666666666666
3 0.9380208333333333 0.25833333333333336 0.0171875 0.024305555555555556
3 0.9255208333333333 0.28402777777777777 0.015104166666666667 0.022916666666666665
1 0.9088541666666666 0.2722222222222222 0.016666666666666666 0.021527777777777778
0 0.8776041666666666 0.2916666666666667 0.05625 0.06319444444444444
3 0.840625 0.37083333333333335 0.01875 0.022916666666666665
1 0.815625 0.24791666666666667 0.01875 0.01875
0 0.7520833333333333 0.34652777777777777 0.0515625 0.07361111111111111
0 0.63125 0.4513888888888889 0.0578125 0.08472222222222223
3 0.5635416666666667 0.38125 0.024479166666666666 0.02638888888888889
1 0.4947916666666667 0.42291666666666666 0.025 0.022916666666666665
1 0.40625 0.47430555555555554 0.028645833333333332 0.029166666666666667