3 0.3932291666666667 0.035416666666666666 0.0265625 0.07013888888888889
1 0.2791666666666667 0.08055555555555556 0.0578125 0.075
1 0.2609375 0.043055555555555555 0.0609375 0.07430555555555556
1 0.3927083333333333 0.1375 0.029166666666666667 0.07708333333333334
1 0.3932291666666667 0.3138888888888889 0.027604166666666666 0.09444444444444444
1 0.275 0.39444444444444443 0.07447916666666667 0.041666666666666664
1 0.5255208333333333 0.01597222222222222 0.0265625 0.029861111111111113
1 0.528125 0.29305555555555557 0.027604166666666666 0.08680555555555555
1 0.4791666666666667 0.47847222222222224 0.0328125 0.09027777777777778
1 0.5432291666666667 0.6111111111111112 0.03802083333333333 0.10208333333333333
1 0.2786458333333333 0.5854166666666667 0.07552083333333333 0.04652777777777778
1 0.27447916666666666 0.6916666666666667 0.07291666666666667 0.03819444444444445
1 0.27291666666666664 0.7465277777777778 0.07135416666666666 0.041666666666666664
1 0.39895833333333336 0.8555555555555555 0.029166666666666667 0.09722222222222222
1 0.48333333333333334 0.8465277777777778 0.027083333333333334 0.09791666666666667
1 0.5416666666666666 0.8402777777777778 0.028645833333333332 0.1
1 0.5416666666666666 0.7194444444444444 0.028645833333333332 0.09652777777777778
1 0.403125 0.9673611111111111 0.030729166666666665 0.06458333333333334
1 0.44166666666666665 0.9805555555555555 0.027604166666666666 0.03888888888888889