1 0.5557291666666667 0.5604166666666667 0.021354166666666667 0.059722222222222225
1 0.4197916666666667 0.5555555555555556 0.022916666666666665 0.05555555555555555
1 0.13072916666666667 0.8520833333333333 0.0828125 0.1284722222222222
1 0.043229166666666666 0.8895833333333333 0.08645833333333333 0.15208333333333332
1 0.2916666666666667 0.5875 0.05364583333333333 0.08125
1 0.2869791666666667 0.51875 0.05364583333333333 0.0763888888888889
1 0.409375 0.35138888888888886 0.0359375 0.06597222222222222
1 0.35625 0.3145833333333333 0.028645833333333332 0.03819444444444445
1 0.4635416666666667 0.2111111111111111 0.021354166666666667 0.04722222222222222
1 0.42916666666666664 0.2388888888888889 0.029166666666666667 0.04791666666666667
1 0.4166666666666667 0.15555555555555556 0.017708333333333333 0.029166666666666667
1 0.465625 0.08541666666666667 0.01875 0.03958333333333333
1 0.4901041666666667 0.03125 0.013541666666666667 0.02638888888888889
1 0.43645833333333334 0.05763888888888889 0.013020833333333334 0.024305555555555556
1 0.46510416666666665 0.014583333333333334 0.011979166666666667 0.024305555555555556
1 0.42135416666666664 0.020833333333333332 0.013020833333333334 0.024305555555555556
1 0.4395833333333333 0.017361111111111112 0.011979166666666667 0.01875
1 0.6578125 0.18263888888888888 0.015625 0.025694444444444443
1 0.7354166666666667 0.11319444444444444 0.0234375 0.02013888888888889
1 0.8098958333333334 0.1111111111111111 0.022395833333333334 0.016666666666666666
1 0.7947916666666667 0.09097222222222222 0.016666666666666666 0.021527777777777778
1 0.8375 0.11458333333333333 0.019270833333333334 0.011111111111111112
1 0.8276041666666667 0.10486111111111111 0.0140625 0.016666666666666666
1 0.8197916666666667 0.09236111111111112 0.020833333333333332 0.015277777777777777
3 0.8114583333333333 0.07708333333333334 0.025520833333333333 0.021527777777777778
1 0.7348958333333333 0.07430555555555556 0.013541666666666667 0.01875
1 0.7197916666666667 0.09027777777777778 0.021354166666666667 0.02013888888888889
1 0.6979166666666666 0.10972222222222222 0.024479166666666666 0.024305555555555556
1 0.6833333333333333 0.12638888888888888 0.022395833333333334 0.021527777777777778
1 0.6885416666666667 0.11805555555555555 0.022916666666666665 0.025694444444444443
1 0.6302083333333334 0.05694444444444444 0.016666666666666666 0.018055555555555554
1 0.5880208333333333 0.07916666666666666 0.017708333333333333 0.024305555555555556
1 0.5875 0.050694444444444445 0.013541666666666667 0.02013888888888889
1 0.36666666666666664 0.04861111111111111 0.011458333333333333 0.021527777777777778
0 0.13020833333333334 0.27847222222222223 0.0390625 0.05694444444444444
2 0.18020833333333333 0.3854166666666667 0.052083333333333336 0.0625
2 0.19270833333333334 0.40347222222222223 0.04791666666666667 0.06597222222222222
2 0.171875 0.3763888888888889 0.0421875 0.05694444444444444
2 0.15833333333333333 0.3638888888888889 0.04375 0.06319444444444444
2 0.1421875 0.3548611111111111 0.05260416666666667 0.075
2 0.13020833333333334 0.34652777777777777 0.049479166666666664 0.06875
2 0.10625 0.32916666666666666 0.05 0.06458333333333334
2 0.07447916666666667 0.46805555555555556 0.0734375 0.07083333333333333
2 0.04739583333333333 0.4465277777777778 0.06145833333333333 0.07083333333333333
2 0.03125 0.4326388888888889 0.06197916666666667 0.06875
2 0.019791666666666666 0.39305555555555555 0.03854166666666667 0.05555555555555555
2 0.06614583333333333 0.28055555555555556 0.03333333333333333 0.035416666666666666
1 0.5234375 0.08194444444444444 0.011979166666666667 0.02638888888888889
1 0.5020833333333333 0.2659722222222222 0.0171875 0.044444444444444446
1 0.53125 0.15347222222222223 0.011979166666666667 0.03333333333333333
1 0.025520833333333333 0.5368055555555555 0.041666666666666664 0.05555555555555555
1 0.0203125 0.5263888888888889 0.03802083333333333 0.06319444444444444
1 0.18854166666666666 0.8638888888888889 0.034375 0.10138888888888889
2 0.9682291666666667 0.10138888888888889 0.0390625 0.06319444444444444
1 0.125 0.14583333333333334 0.030208333333333334 0.022916666666666665
1 0.11979166666666667 0.13472222222222222 0.030208333333333334 0.025694444444444443
1 0.11302083333333333 0.15486111111111112 0.022395833333333334 0.022916666666666665
1 0.1 0.16944444444444445 0.028645833333333332 0.029166666666666667
1 0.06979166666666667 0.1388888888888889 0.0265625 0.021527777777777778
1 0.0609375 0.13055555555555556 0.03333333333333333 0.025694444444444443
1 0.11354166666666667 0.11736111111111111 0.024479166666666666 0.021527777777777778
1 0.13645833333333332 0.10902777777777778 0.024479166666666666 0.018055555555555554
1 0.12604166666666666 0.10069444444444445 0.0234375 0.01875
3 0.1609375 0.08194444444444444 0.021354166666666667 0.024305555555555556
3 0.1546875 0.08125 0.025 0.027777777777777776