1 0.37552083333333336 0.9409722222222222 0.03697916666666667 0.05347222222222222
1 0.3953125 0.8763888888888889 0.033854166666666664 0.058333333333333334
1 0.3614583333333333 0.8875 0.03333333333333333 0.052083333333333336
1 0.36666666666666664 0.8277777777777777 0.04791666666666667 0.05625
1 0.40625 0.8083333333333333 0.027604166666666666 0.0625
1 0.434375 0.825 0.03958333333333333 0.06180555555555556
1 0.45989583333333334 0.8451388888888889 0.03802083333333333 0.06111111111111111
3 0.4864583333333333 0.8555555555555555 0.03854166666666667 0.06041666666666667
1 0.5135416666666667 0.8819444444444444 0.046875 0.05347222222222222
1 0.4703125 0.9159722222222222 0.04739583333333333 0.03888888888888889
1 0.5567708333333333 0.9493055555555555 0.05625 0.05555555555555555
1 0.4901041666666667 0.9659722222222222 0.040625 0.06805555555555555
1 0.5494791666666666 0.9777777777777777 0.058854166666666666 0.04375
1 0.4328125 0.9791666666666666 0.0515625 0.041666666666666664
1 0.3385416666666667 0.75625 0.021354166666666667 0.041666666666666664
1 0.34375 0.7006944444444444 0.03333333333333333 0.04027777777777778
1 0.425 0.6125 0.03697916666666667 0.034027777777777775
3 0.42552083333333335 0.5666666666666667 0.03802083333333333 0.034027777777777775
1 0.2921875 0.5097222222222222 0.03333333333333333 0.029166666666666667
1 0.28229166666666666 0.4798611111111111 0.03229166666666667 0.029166666666666667
1 0.2796875 0.45208333333333334 0.0328125 0.025
1 0.14114583333333333 0.4215277777777778 0.029166666666666667 0.02361111111111111
3 0.09895833333333333 0.3784722222222222 0.024479166666666666 0.025
1 0.08958333333333333 0.3590277777777778 0.027083333333333334 0.018055555555555554
2 0.0171875 0.35208333333333336 0.03125 0.029861111111111113
1 0.041666666666666664 0.2763888888888889 0.021875 0.016666666666666666
1 0.03802083333333333 0.25763888888888886 0.022916666666666665 0.01597222222222222
2 0.005729166666666666 0.25 0.0109375 0.024305555555555556
1 0.07760416666666667 0.30972222222222223 0.019791666666666666 0.017361111111111112
1 0.0890625 0.3 0.025520833333333333 0.018055555555555554
1 0.10677083333333333 0.2902777777777778 0.025520833333333333 0.016666666666666666
1 0.15989583333333332 0.35 0.026041666666666668 0.01875
1 0.17760416666666667 0.3402777777777778 0.025520833333333333 0.01875
0 0.2234375 0.33402777777777776 0.05625 0.04375
1 0.25052083333333336 0.39444444444444443 0.0296875 0.020833333333333332
1 0.2677083333333333 0.38333333333333336 0.028125 0.020833333333333332
1 0.30833333333333335 0.36875 0.027604166666666666 0.01875
1 0.340625 0.41388888888888886 0.029166666666666667 0.02013888888888889
3 0.3515625 0.4388888888888889 0.034375 0.02638888888888889
1 0.48125 0.3736111111111111 0.013541666666666667 0.022222222222222223
1 0.4671875 0.49027777777777776 0.030208333333333334 0.02361111111111111
1 0.5723958333333333 0.5229166666666667 0.033854166666666664 0.02638888888888889
1 0.6260416666666667 0.6861111111111111 0.044270833333333336 0.04097222222222222
1 0.6473958333333333 0.7284722222222222 0.0390625 0.03611111111111111
2 0.75625 0.775 0.0625 0.05486111111111111
1 0.784375 0.7319444444444444 0.04635416666666667 0.041666666666666664
1 0.709375 0.6673611111111111 0.04375 0.03611111111111111
1 0.7703125 0.6180555555555556 0.04114583333333333 0.029861111111111113
1 0.9395833333333333 0.8875 0.05416666666666667 0.05138888888888889
1 0.9109375 0.7055555555555556 0.0546875 0.03958333333333333
1 0.725 0.07222222222222222 0.015625 0.009027777777777777
1 0.7052083333333333 0.06805555555555555 0.015104166666666667 0.008333333333333333
1 0.6640625 0.059722222222222225 0.014583333333333334 0.009722222222222222
1 0.71875 0.06388888888888888 0.016145833333333335 0.008333333333333333
3 0.6854166666666667 0.0625 0.013541666666666667 0.008333333333333333