2 0.2609375 0.8527777777777777 0.115625 0.26944444444444443
2 0.42864583333333334 0.7145833333333333 0.05260416666666667 0.13333333333333333
2 0.36302083333333335 0.5944444444444444 0.050520833333333334 0.10486111111111111
2 0.39479166666666665 0.5111111111111111 0.0359375 0.06875
1 0.4395833333333333 0.47291666666666665 0.013541666666666667 0.022222222222222223
2 0.45729166666666665 0.5666666666666667 0.041666666666666664 0.11597222222222223
3 0.49947916666666664 0.6826388888888889 0.021354166666666667 0.050694444444444445
1 0.5708333333333333 0.7326388888888888 0.022395833333333334 0.05694444444444444
1 0.5666666666666667 0.6840277777777778 0.04010416666666667 0.041666666666666664
3 0.5677083333333334 0.6173611111111111 0.01875 0.03263888888888889
2 0.5083333333333333 0.5388888888888889 0.022395833333333334 0.041666666666666664
2 0.5677083333333334 0.44930555555555557 0.015625 0.03888888888888889
2 0.5020833333333333 0.35208333333333336 0.021354166666666667 0.050694444444444445
2 0.459375 0.33819444444444446 0.0171875 0.034027777777777775
2 0.46770833333333334 0.31666666666666665 0.019270833333333334 0.03888888888888889
2 0.53125 0.34444444444444444 0.0109375 0.02361111111111111
2 0.5380208333333333 0.3215277777777778 0.011458333333333333 0.027777777777777776
1 0.5729166666666666 0.34097222222222223 0.01875 0.013194444444444444
2 0.5651041666666666 0.32222222222222224 0.019270833333333334 0.01597222222222222
2 0.5651041666666666 0.31527777777777777 0.0265625 0.01875
1 0.5666666666666667 0.2826388888888889 0.016666666666666666 0.009722222222222222
1 0.5666666666666667 0.2763888888888889 0.015625 0.007638888888888889
1 0.5432291666666667 0.2659722222222222 0.013541666666666667 0.008333333333333333
1 0.5458333333333333 0.24305555555555555 0.0078125 0.008333333333333333
2 0.484375 0.2777777777777778 0.0140625 0.02638888888888889
2 0.49375 0.2520833333333333 0.011979166666666667 0.025
2 0.36041666666666666 0.43680555555555556 0.059375 0.03819444444444445
2 0.3390625 0.4048611111111111 0.06927083333333334 0.034027777777777775
2 0.28125 0.4048611111111111 0.03333333333333333 0.022916666666666665
2 0.21875 0.42916666666666664 0.06302083333333333 0.035416666666666666
2 0.18333333333333332 0.39305555555555555 0.08802083333333334 0.04027777777777778
2 0.08802083333333334 0.3854166666666667 0.090625 0.03819444444444445
3 0.036458333333333336 0.3888888888888889 0.019791666666666666 0.01597222222222222
1 0.0140625 0.34791666666666665 0.020833333333333332 0.017361111111111112
1 0.22916666666666666 0.32708333333333334 0.015625 0.0125
2 0.240625 0.31805555555555554 0.015625 0.015277777777777777
1 0.31666666666666665 0.30833333333333335 0.022395833333333334 0.010416666666666666
3 0.3515625 0.3159722222222222 0.020833333333333332 0.0125
1 0.3546875 0.3111111111111111 0.017708333333333333 0.011111111111111112
1 0.3104166666666667 0.28125 0.015104166666666667 0.010416666666666666
1 0.3223958333333333 0.30416666666666664 0.0171875 0.010416666666666666
1 0.3260416666666667 0.3 0.017708333333333333 0.009722222222222222
1 0.3307291666666667 0.29444444444444445 0.015625 0.010416666666666666
1 0.33645833333333336 0.29305555555555557 0.0171875 0.010416666666666666
1 0.35989583333333336 0.30694444444444446 0.019270833333333334 0.010416666666666666
1 0.3640625 0.3013888888888889 0.01875 0.010416666666666666
1 0.3703125 0.2965277777777778 0.019270833333333334 0.010416666666666666
1 0.41875 0.28194444444444444 0.0171875 0.011111111111111112
1 0.03333333333333333 0.5638888888888889 0.0328125 0.04027777777777778
3 0.07552083333333333 0.8069444444444445 0.057291666666666664 0.059722222222222225
1 0.10729166666666666 0.9368055555555556 0.08125 0.044444444444444446
1 0.15625 0.9784722222222222 0.075 0.043055555555555555
1 0.08333333333333333 0.9805555555555555 0.07083333333333333 0.03888888888888889
1 0.3302083333333333 0.5722222222222222 0.041666666666666664 0.020833333333333332
1 0.2989583333333333 0.5944444444444444 0.04635416666666667 0.022916666666666665
1 0.2875 0.6111111111111112 0.04375 0.022916666666666665
1 0.2526041666666667 0.6631944444444444 0.041666666666666664 0.02361111111111111
3 0.26197916666666665 0.6861111111111111 0.0234375 0.03680555555555556
1 0.24479166666666666 0.6791666666666667 0.030729166666666665 0.025
1 0.20833333333333334 0.6597222222222222 0.044270833333333336 0.025
1 0.20052083333333334 0.7076388888888889 0.0328125 0.025
3 0.2265625 0.7041666666666667 0.025 0.04652777777777778
3 0.15260416666666668 0.9013888888888889 0.049479166666666664 0.04652777777777778
1 0.17291666666666666 0.8798611111111111 0.04739583333333333 0.03680555555555556
3 0.1453125 0.8569444444444444 0.0390625 0.049305555555555554
1 0.13854166666666667 0.8131944444444444 0.058333333333333334 0.041666666666666664
3 0.028645833333333332 0.9416666666666667 0.05572916666666667 0.050694444444444445
3 0.019270833333333334 0.9847222222222223 0.03854166666666667 0.030555555555555555
1 0.040625 0.8555555555555555 0.05572916666666667 0.07013888888888889
1 0.036458333333333336 0.7763888888888889 0.05 0.029861111111111113
1 0.07552083333333333 0.7520833333333333 0.06145833333333333 0.03333333333333333
3 0.1984375 0.7506944444444444 0.057291666666666664 0.041666666666666664
1 0.20989583333333334 0.7805555555555556 0.04583333333333333 0.029861111111111113
2 0.18020833333333333 0.8 0.025 0.049305555555555554
2 0.20052083333333334 0.8076388888888889 0.044270833333333336 0.030555555555555555
2 0.14583333333333334 0.7861111111111111 0.05625 0.03333333333333333
1 0.1609375 0.7611111111111111 0.06354166666666666 0.030555555555555555
2 0.09791666666666667 0.7701388888888889 0.05 0.029861111111111113