1 0.49166666666666664 0.17152777777777778 0.00625 0.015277777777777777
1 0.49166666666666664 0.13680555555555557 0.005729166666666666 0.015277777777777777
1 0.46041666666666664 0.20416666666666666 0.00625 0.0125
1 0.45989583333333334 0.22916666666666666 0.007291666666666667 0.016666666666666666
1 0.45677083333333335 0.12152777777777778 0.00625 0.015277777777777777
1 0.4505208333333333 0.18888888888888888 0.005208333333333333 0.010416666666666666
1 0.4734375 0.1951388888888889 0.00625 0.016666666666666666
1 0.49270833333333336 0.10833333333333334 0.005208333333333333 0.013888888888888888
1 0.490625 0.0875 0.005729166666666666 0.015277777777777777
1 0.49166666666666664 0.07361111111111111 0.005729166666666666 0.0125
1 0.46822916666666664 0.10833333333333334 0.00625 0.011111111111111112
1 0.465625 0.12361111111111112 0.005729166666666666 0.011111111111111112
1 0.4578125 0.10208333333333333 0.005729166666666666 0.013888888888888888
1 0.46875 0.08472222222222223 0.005208333333333333 0.011111111111111112
1 0.4703125 0.06736111111111111 0.005208333333333333 0.0125
1 0.509375 0.31180555555555556 0.008333333333333333 0.021527777777777778
1 0.4942708333333333 0.33055555555555555 0.008333333333333333 0.021527777777777778
1 0.5098958333333333 0.39375 0.0109375 0.02638888888888889
1 0.4453125 0.39375 0.009375 0.024305555555555556
1 0.46197916666666666 0.33541666666666664 0.008333333333333333 0.01875
1 0.42083333333333334 0.48680555555555555 0.011458333333333333 0.029166666666666667
1 0.44947916666666665 0.5736111111111111 0.011979166666666667 0.03333333333333333
1 0.42604166666666665 0.65625 0.013541666666666667 0.03819444444444445
1 0.4083333333333333 0.6222222222222222 0.013020833333333334 0.03680555555555556
1 0.48802083333333335 0.7583333333333333 0.015625 0.049305555555555554
1 0.484375 0.9048611111111111 0.0171875 0.06319444444444444
1 0.45677083333333335 0.45069444444444445 0.0109375 0.025694444444444443
1 0.41770833333333335 0.7763888888888889 0.013541666666666667 0.04027777777777778
1 0.39479166666666665 0.9652777777777778 0.017708333333333333 0.05694444444444444
1 0.43854166666666666 0.8152777777777778 0.015625 0.052083333333333336
3 0.4375 0.9722222222222222 0.019270833333333334 0.05347222222222222
3 0.5114583333333333 0.9520833333333333 0.019791666666666666 0.0798611111111111
3 0.4895833333333333 0.6097222222222223 0.015104166666666667 0.049305555555555554
3 0.49322916666666666 0.49375 0.013541666666666667 0.04027777777777778
3 0.4942708333333333 0.3784722222222222 0.008333333333333333 0.03194444444444444
1 0.434375 0.35555555555555557 0.008333333333333333 0.02013888888888889
1 0.4484375 0.35625 0.008333333333333333 0.01875
1 0.453125 0.29444444444444445 0.0078125 0.018055555555555554
1 0.4401041666666667 0.30069444444444443 0.007291666666666667 0.018055555555555554
1 0.5052083333333334 0.2375 0.00625 0.018055555555555554
1 0.5052083333333334 0.20833333333333334 0.005729166666666666 0.018055555555555554
1 0.4484375 0.21458333333333332 0.00625 0.015277777777777777
1 0.49270833333333336 0.013888888888888888 0.005208333333333333 0.010416666666666666
3 0.465625 0.2923611111111111 0.007291666666666667 0.01875
3 0.44947916666666665 0.32222222222222224 0.009375 0.022916666666666665
3 0.4708333333333333 0.2298611111111111 0.0078125 0.018055555555555554
3 0.49322916666666666 0.21041666666666667 0.0078125 0.022916666666666665
3 0.4630208333333333 0.17777777777777778 0.007291666666666667 0.018055555555555554
3 0.46458333333333335 0.16041666666666668 0.00625 0.013888888888888888
3 0.46822916666666664 0.14027777777777778 0.00625 0.01875
3 0.5036458333333333 0.15555555555555556 0.005729166666666666 0.01875
3 0.5020833333333333 0.12152777777777778 0.007291666666666667 0.018055555555555554
3 0.49166666666666664 0.027777777777777776 0.005208333333333333 0.0125
1 0.45989583333333334 0.08472222222222223 0.005729166666666666 0.013888888888888888
1 0.4942708333333333 0.2534722222222222 0.008333333333333333 0.025694444444444443
3 0.5109375 0.47152777777777777 0.008333333333333333 0.03194444444444444
0 0.5098958333333333 0.65 0.019791666666666666 0.13194444444444445
3 0.08645833333333333 0.3784722222222222 0.01875 0.025694444444444443
3 0.1140625 0.3277777777777778 0.0140625 0.01875
1 0.12916666666666668 0.3104166666666667 0.013541666666666667 0.01875
1 0.13854166666666667 0.2923611111111111 0.011458333333333333 0.01875
1 0.12239583333333333 0.22291666666666668 0.015625 0.016666666666666666
3 0.17916666666666667 0.21041666666666667 0.019791666666666666 0.015277777777777777
3 0.18802083333333333 0.20208333333333334 0.017708333333333333 0.015277777777777777
3 0.06197916666666667 0.19930555555555557 0.015104166666666667 0.018055555555555554
1 0.005729166666666666 0.1673611111111111 0.011458333333333333 0.018055555555555554