1 0.27708333333333335 0.8861111111111111 0.115625 0.1840277777777778
1 0.36770833333333336 0.6548611111111111 0.09479166666666666 0.125
1 0.4244791666666667 0.5215277777777778 0.07239583333333334 0.11527777777777778
1 0.48125 0.42430555555555555 0.04010416666666667 0.07361111111111111
1 0.6786458333333333 0.7791666666666667 0.11979166666666667 0.12361111111111112
2 0.7005208333333334 0.9118055555555555 0.10260416666666666 0.1701388888888889
1 0.6916666666666667 0.6618055555555555 0.10625 0.1125
1 0.7052083333333333 0.55 0.0984375 0.08680555555555555
1 0.7078125 0.4756944444444444 0.10260416666666666 0.07152777777777777
1 0.7078125 0.43194444444444446 0.09583333333333334 0.06388888888888888
1 0.7098958333333333 0.3784722222222222 0.0921875 0.059722222222222225
1 0.7213541666666666 0.33402777777777776 0.0859375 0.05555555555555555
1 0.71875 0.3034722222222222 0.07708333333333334 0.04652777777777778
1 0.7302083333333333 0.26319444444444445 0.07708333333333334 0.04861111111111111
1 0.7265625 0.225 0.06302083333333333 0.03680555555555556
1 0.7265625 0.1986111111111111 0.06302083333333333 0.04097222222222222
1 0.7505208333333333 0.17430555555555555 0.06666666666666667 0.034027777777777775
1 0.7614583333333333 0.1375 0.06302083333333333 0.035416666666666666
1 0.50625 0.32708333333333334 0.05625 0.06180555555555556
1 0.6572916666666667 0.17847222222222223 0.04010416666666667 0.050694444444444445
1 0.53125 0.26875 0.04375 0.05416666666666667
1 0.5604166666666667 0.20833333333333334 0.04791666666666667 0.06388888888888888
3 0.5635416666666667 0.1736111111111111 0.0640625 0.052083333333333336
1 0.56875 0.11736111111111111 0.0640625 0.03888888888888889
1 0.865625 0.17291666666666666 0.08020833333333334 0.059722222222222225
1 0.7447916666666666 0.11944444444444445 0.06197916666666667 0.043055555555555555
1 0.609375 0.1 0.028645833333333332 0.03819444444444445
1 0.5052083333333334 0.1125 0.05 0.04583333333333333
1 0.615625 0.07222222222222222 0.028645833333333332 0.03333333333333333
1 0.6291666666666667 0.04513888888888889 0.027083333333333334 0.035416666666666666
1 0.6364583333333333 0.024305555555555556 0.022916666666666665 0.035416666666666666
1 0.7505208333333333 0.0875 0.0578125 0.03819444444444445
1 0.7458333333333333 0.07708333333333334 0.05364583333333333 0.02638888888888889
1 0.7515625 0.05694444444444444 0.049479166666666664 0.029861111111111113
1 0.75625 0.04375 0.052083333333333336 0.02638888888888889
1 0.7536458333333333 0.03125 0.03697916666666667 0.018055555555555554
3 0.7526041666666666 0.014583333333333334 0.058333333333333334 0.02638888888888889