1 0.1640625 0.8590277777777777 0.07864583333333333 0.19930555555555557
1 0.4630208333333333 0.5034722222222222 0.05364583333333333 0.10972222222222222
1 0.5166666666666667 0.4986111111111111 0.0484375 0.09444444444444444
1 0.31354166666666666 0.4340277777777778 0.09739583333333333 0.05694444444444444
1 0.4 0.5048611111111111 0.04791666666666667 0.11041666666666666
1 0.5770833333333333 0.5069444444444444 0.05520833333333333 0.09861111111111111
1 0.6807291666666667 0.4909722222222222 0.059895833333333336 0.09861111111111111
1 0.59375 0.4222222222222222 0.09427083333333333 0.05277777777777778
1 0.6338541666666667 0.5041666666666667 0.053125 0.11180555555555556
3 0.3390625 0.5152777777777777 0.05572916666666667 0.10902777777777778
3 0.27447916666666666 0.51875 0.06145833333333333 0.10138888888888889
2 0.030208333333333334 0.8041666666666667 0.06041666666666667 0.23055555555555557
1 0.6166666666666667 0.3090277777777778 0.04583333333333333 0.07361111111111111