1 0.5901041666666667 0.96875 0.0546875 0.06111111111111111
1 0.6 0.8916666666666667 0.050520833333333334 0.08402777777777778
1 0.6083333333333333 0.8125 0.0546875 0.07152777777777777
1 0.6192708333333333 0.7090277777777778 0.053125 0.07569444444444444
1 0.6296875 0.6145833333333334 0.0546875 0.05763888888888889
1 0.6359375 0.5444444444444444 0.05677083333333333 0.05138888888888889
3 0.6411458333333333 0.4909722222222222 0.0453125 0.04583333333333333
1 0.6411458333333333 0.4395833333333333 0.05364583333333333 0.05416666666666667
3 0.65625 0.3701388888888889 0.04583333333333333 0.05486111111111111
1 0.659375 0.3104166666666667 0.04895833333333333 0.05763888888888889
1 0.6697916666666667 0.24097222222222223 0.0453125 0.05763888888888889
1 0.6645833333333333 0.19305555555555556 0.046875 0.05347222222222222
2 0.6822916666666666 0.1284722222222222 0.05625 0.06736111111111111
1 0.7192708333333333 0.09444444444444444 0.036458333333333336 0.04722222222222222
1 0.7307291666666667 0.05347222222222222 0.043229166666666666 0.0375
1 0.7401041666666667 0.016666666666666666 0.04583333333333333 0.03263888888888889
1 0.61875 0.10138888888888889 0.027083333333333334 0.07083333333333333
1 0.5770833333333333 0.025 0.026041666666666668 0.05
1 0.5802083333333333 0.1076388888888889 0.040625 0.06666666666666667
1 0.540625 0.25833333333333336 0.024479166666666666 0.07083333333333333
1 0.5875 0.27569444444444446 0.03229166666666667 0.07430555555555556
2 0.5177083333333333 0.33125 0.030208333333333334 0.075
1 0.5125 0.4395833333333333 0.04739583333333333 0.07152777777777777
1 0.5473958333333333 0.5263888888888889 0.030208333333333334 0.0798611111111111
1 0.5765625 0.6923611111111111 0.034375 0.08263888888888889
1 0.46197916666666666 0.7291666666666666 0.030729166666666665 0.0798611111111111
1 0.19114583333333332 0.7048611111111112 0.04114583333333333 0.08472222222222223
1 0.24322916666666666 0.4638888888888889 0.036458333333333336 0.07361111111111111