0 0.48125 0.010416666666666666 0.004166666666666667 0.015277777777777777
1 0.46979166666666666 0.015277777777777777 0.0026041666666666665 0.004861111111111111
1 0.4765625 0.027777777777777776 0.0020833333333333333 0.004861111111111111
1 0.46979166666666666 0.03333333333333333 0.0026041666666666665 0.004861111111111111
3 0.471875 0.03819444444444445 0.0020833333333333333 0.004861111111111111
1 0.48072916666666665 0.03680555555555556 0.0026041666666666665 0.004861111111111111
1 0.4765625 0.03958333333333333 0.0020833333333333333 0.004861111111111111
1 0.48020833333333335 0.043055555555555555 0.0026041666666666665 0.004861111111111111
1 0.48125 0.05 0.0026041666666666665 0.003472222222222222
1 0.4828125 0.0625 0.0026041666666666665 0.004861111111111111
0 0.478125 0.058333333333333334 0.0036458333333333334 0.0125
0 0.4786458333333333 0.06736111111111111 0.0026041666666666665 0.010416666666666666
0 0.47239583333333335 0.06319444444444444 0.0036458333333333334 0.010416666666666666
1 0.46875 0.06180555555555556 0.0020833333333333333 0.003472222222222222
3 0.4635416666666667 0.06597222222222222 0.0026041666666666665 0.004861111111111111
3 0.46770833333333334 0.06736111111111111 0.0026041666666666665 0.004861111111111111
0 0.45989583333333334 0.09791666666666667 0.005208333333333333 0.018055555555555554
0 0.47604166666666664 0.11041666666666666 0.005208333333333333 0.02013888888888889
0 0.4869791666666667 0.10902777777777778 0.005729166666666666 0.02013888888888889
0 0.5208333333333334 0.24375 0.015104166666666667 0.030555555555555555
3 0.1265625 0.6798611111111111 0.008333333333333333 0.021527777777777778
3 0.1375 0.6743055555555556 0.009375 0.021527777777777778
3 0.19635416666666666 0.6444444444444445 0.009895833333333333 0.02013888888888889
1 0.14739583333333334 0.6715277777777777 0.009895833333333333 0.018055555555555554
1 0.16770833333333332 0.6583333333333333 0.008333333333333333 0.022916666666666665
1 0.17760416666666667 0.6520833333333333 0.0078125 0.018055555555555554
1 0.20677083333333332 0.6423611111111112 0.009375 0.018055555555555554
1 0.21614583333333334 0.6388888888888888 0.009375 0.01875
2 0.27291666666666664 0.6451388888888889 0.0328125 0.03680555555555556
2 0.3223958333333333 0.6256944444444444 0.04479166666666667 0.03819444444444445
3 0.2630208333333333 0.6236111111111111 0.016666666666666666 0.021527777777777778
3 0.2890625 0.6145833333333334 0.013541666666666667 0.01875
3 0.303125 0.6069444444444444 0.017708333333333333 0.024305555555555556
1 0.27708333333333335 0.6194444444444445 0.0140625 0.02013888888888889
3 0.31666666666666665 0.6020833333333333 0.015625 0.01875
3 0.328125 0.5979166666666667 0.013541666666666667 0.02013888888888889
3 0.24739583333333334 0.5493055555555556 0.016666666666666666 0.018055555555555554
3 0.32916666666666666 0.5048611111111111 0.015625 0.018055555555555554
3 0.35572916666666665 0.5256944444444445 0.015625 0.01875
1 0.20364583333333333 0.4791666666666667 0.0140625 0.013888888888888888
1 0.25052083333333336 0.44930555555555557 0.011979166666666667 0.0125
1 0.3046875 0.4111111111111111 0.011979166666666667 0.0125
3 0.32135416666666666 0.3972222222222222 0.0140625 0.0125
3 0.37864583333333335 0.5861111111111111 0.0171875 0.015277777777777777
3 0.3796875 0.5951388888888889 0.016666666666666666 0.015277777777777777
3 0.4375 0.5006944444444444 0.015104166666666667 0.021527777777777778
3 0.4348958333333333 0.5555555555555556 0.009895833333333333 0.018055555555555554
1 0.37864583333333335 0.6069444444444444 0.0171875 0.013888888888888888
1 0.4041666666666667 0.6152777777777778 0.016666666666666666 0.0125
1 0.45989583333333334 0.5569444444444445 0.015104166666666667 0.0125
2 0.459375 0.5666666666666667 0.0171875 0.013888888888888888
1 0.4317708333333333 0.47638888888888886 0.015104166666666667 0.016666666666666666
2 0.43125 0.5201388888888889 0.028645833333333332 0.030555555555555555
3 0.5052083333333334 0.6416666666666667 0.0171875 0.013888888888888888
3 0.5270833333333333 0.6347222222222222 0.0171875 0.018055555555555554
1 0.5473958333333333 0.6291666666666667 0.0171875 0.015277777777777777
2 0.553125 0.7611111111111111 0.034895833333333334 0.035416666666666666
1 0.6182291666666667 0.7479166666666667 0.022395833333333334 0.021527777777777778
0 0.6614583333333334 0.7 0.0359375 0.07222222222222222
0 0.6848958333333334 0.6368055555555555 0.03125 0.050694444444444445
0 0.70625 0.5993055555555555 0.025520833333333333 0.058333333333333334
0 0.6291666666666667 0.6180555555555556 0.030729166666666665 0.022916666666666665
0 0.6182291666666667 0.6375 0.04635416666666667 0.041666666666666664
0 0.6229166666666667 0.6506944444444445 0.05 0.044444444444444446
0 0.7244791666666667 0.71875 0.0265625 0.03958333333333333
0 0.71875 0.7006944444444444 0.025 0.04027777777777778
0 0.7046875 0.6916666666666667 0.025 0.04027777777777778
0 0.7005208333333334 0.6701388888888888 0.029166666666666667 0.04583333333333333
3 0.7635416666666667 0.6423611111111112 0.0171875 0.022916666666666665
1 0.73125 0.5368055555555555 0.017708333333333333 0.015277777777777777
1 0.7807291666666667 0.5430555555555555 0.01875 0.0125
0 0.8432291666666667 0.5152777777777777 0.0421875 0.030555555555555555
3 0.8421875 0.5333333333333333 0.0171875 0.025694444444444443
3 0.8494791666666667 0.5305555555555556 0.016666666666666666 0.025694444444444443
3 0.8588541666666667 0.5263888888888889 0.015104166666666667 0.02013888888888889
3 0.8765625 0.51875 0.016666666666666666 0.022916666666666665
3 0.9411458333333333 0.49722222222222223 0.019270833333333334 0.025694444444444443
3 0.9515625 0.49444444444444446 0.01875 0.02638888888888889
3 0.9869791666666666 0.48194444444444445 0.019270833333333334 0.027777777777777776
1 0.9609375 0.49027777777777776 0.016666666666666666 0.021527777777777778
1 0.9734375 0.4875 0.013541666666666667 0.02013888888888889
1 0.9958333333333333 0.4791666666666667 0.0078125 0.024305555555555556
3 0.9927083333333333 0.48055555555555557 0.0140625 0.024305555555555556
0 0.8567708333333334 0.40625 0.034895833333333334 0.030555555555555555
0 0.8234375 0.4152777777777778 0.036458333333333336 0.030555555555555555
0 0.8453125 0.3173611111111111 0.03333333333333333 0.025694444444444443
2 0.9526041666666667 0.3506944444444444 0.0234375 0.01875
3 0.94375 0.36666666666666664 0.013541666666666667 0.010416666666666666
1 0.8994791666666667 0.3451388888888889 0.011979166666666667 0.010416666666666666
1 0.8953125 0.37222222222222223 0.015104166666666667 0.009027777777777777
1 0.89375 0.38333333333333336 0.0140625 0.010416666666666666
1 0.8416666666666667 0.3715277777777778 0.013541666666666667 0.009027777777777777
1 0.8557291666666667 0.36041666666666666 0.013020833333333334 0.010416666666666666
1 0.7963541666666667 0.3715277777777778 0.0140625 0.010416666666666666
1 0.7989583333333333 0.36319444444444443 0.011979166666666667 0.010416666666666666
1 0.7671875 0.3611111111111111 0.009895833333333333 0.009027777777777777
1 0.71875 0.33194444444444443 0.009895833333333333 0.009027777777777777
1 0.73125 0.37569444444444444 0.013541666666666667 0.010416666666666666
3 0.7286458333333333 0.3423611111111111 0.013020833333333334 0.0125
3 0.6890625 0.3590277777777778 0.013020833333333334 0.010416666666666666
0 0.7244791666666667 0.31319444444444444 0.01875 0.018055555555555554
0 0.7265625 0.30833333333333335 0.030729166666666665 0.025694444444444443
0 0.6447916666666667 0.3541666666666667 0.019791666666666666 0.015277777777777777
1 0.6510416666666666 0.3715277777777778 0.011979166666666667 0.010416666666666666
1 0.6666666666666666 0.44027777777777777 0.0140625 0.0125
1 0.690625 0.43125 0.0140625 0.010416666666666666
1 0.68125 0.49722222222222223 0.0140625 0.02013888888888889
1 0.6354166666666666 0.42569444444444443 0.0109375 0.016666666666666666
1 0.6463541666666667 0.2791666666666667 0.0140625 0.0125
0 0.6859375 0.2798611111111111 0.028645833333333332 0.021527777777777778
0 0.5817708333333333 0.33125 0.019270833333333334 0.04027777777777778
1 0.5375 0.3013888888888889 0.0078125 0.011111111111111112
1 0.5609375 0.32430555555555557 0.008333333333333333 0.011111111111111112
1 0.5119791666666667 0.37083333333333335 0.013020833333333334 0.010416666666666666
1 0.4947916666666667 0.40625 0.011979166666666667 0.010416666666666666
0 0.5453125 0.3861111111111111 0.019270833333333334 0.018055555555555554
0 0.5197916666666667 0.40208333333333335 0.022916666666666665 0.022916666666666665
3 0.5526041666666667 0.40625 0.013541666666666667 0.0125
3 0.45729166666666665 0.38055555555555554 0.013541666666666667 0.015277777777777777
3 0.4953125 0.41458333333333336 0.013541666666666667 0.013888888888888888
3 0.3890625 0.36527777777777776 0.0109375 0.010416666666666666
1 0.34010416666666665 0.3861111111111111 0.0109375 0.011111111111111112
1 0.3515625 0.375 0.009895833333333333 0.011111111111111112
1 0.36302083333333335 0.36180555555555555 0.011458333333333333 0.010416666666666666
0 0.378125 0.3416666666666667 0.020833333333333332 0.030555555555555555
0 0.425 0.2673611111111111 0.009895833333333333 0.021527777777777778
0 0.43125 0.26944444444444443 0.0078125 0.01875
0 0.43020833333333336 0.2465277777777778 0.019791666666666666 0.024305555555555556
0 0.4515625 0.28194444444444444 0.025 0.02013888888888889
0 0.45260416666666664 0.2722222222222222 0.025 0.021527777777777778
0 0.45416666666666666 0.26875 0.019791666666666666 0.02013888888888889
0 0.4583333333333333 0.26666666666666666 0.015104166666666667 0.018055555555555554
0 0.45625 0.25416666666666665 0.022395833333333334 0.021527777777777778
0 0.4552083333333333 0.25069444444444444 0.0234375 0.024305555555555556
0 0.4552083333333333 0.2465277777777778 0.022916666666666665 0.025694444444444443
0 0.4583333333333333 0.24305555555555555 0.019270833333333334 0.024305555555555556
0 0.45989583333333334 0.2388888888888889 0.0234375 0.029166666666666667
0 0.4401041666666667 0.2375 0.00625 0.018055555555555554
0 0.4359375 0.22291666666666668 0.0078125 0.024305555555555556
0 0.4427083333333333 0.20347222222222222 0.009375 0.024305555555555556
0 0.49635416666666665 0.22291666666666668 0.008333333333333333 0.016666666666666666
0 0.4817708333333333 0.19791666666666666 0.00625 0.0125
0 0.4786458333333333 0.1625 0.007291666666666667 0.022916666666666665
0 0.434375 0.12777777777777777 0.011458333333333333 0.011111111111111112
3 0.4005208333333333 0.1375 0.009895833333333333 0.00625
1 0.4015625 0.13472222222222222 0.007291666666666667 0.010416666666666666
1 0.4119791666666667 0.17291666666666666 0.008333333333333333 0.00625
1 0.4125 0.1673611111111111 0.009375 0.007638888888888889
0 0.46979166666666666 0.14027777777777778 0.005208333333333333 0.021527777777777778
0 0.46979166666666666 0.15486111111111112 0.004166666666666667 0.0125
0 0.4640625 0.13194444444444445 0.005729166666666666 0.02013888888888889
0 0.4515625 0.14027777777777778 0.0036458333333333334 0.011111111111111112
1 0.48333333333333334 0.07291666666666667 0.0020833333333333333 0.00625
1 0.4630208333333333 0.07430555555555556 0.0036458333333333334 0.00625
0 0.48489583333333336 0.1875 0.005208333333333333 0.010416666666666666
0 0.4661458333333333 0.1673611111111111 0.005208333333333333 0.015277777777777777
3 0.4546875 0.125 0.00625 0.00625
1 0.4671875 0.07777777777777778 0.0026041666666666665 0.00625
1 0.47239583333333335 0.07152777777777777 0.0026041666666666665 0.00625
1 0.47760416666666666 0.08472222222222223 0.0020833333333333333 0.004861111111111111
1 0.4822916666666667 0.08680555555555555 0.0020833333333333333 0.00625
1 0.48072916666666665 0.09583333333333334 0.0026041666666666665 0.00625
1 0.471875 0.08263888888888889 0.0020833333333333333 0.004861111111111111
1 0.46197916666666666 0.0798611111111111 0.004166666666666667 0.004861111111111111
1 0.4666666666666667 0.0875 0.0026041666666666665 0.004861111111111111
1 0.4708333333333333 0.08958333333333333 0.0020833333333333333 0.00625
1 0.46145833333333336 0.08888888888888889 0.0026041666666666665 0.007638888888888889
1 0.4666666666666667 0.09652777777777778 0.0020833333333333333 0.007638888888888889
1 0.4708333333333333 0.09791666666666667 0.004166666666666667 0.004861111111111111
1 0.4661458333333333 0.10347222222222222 0.0036458333333333334 0.00625
3 0.46822916666666664 0.10833333333333334 0.0036458333333333334 0.00625
3 0.46979166666666666 0.11388888888888889 0.0026041666666666665 0.00625
3 0.45989583333333334 0.10972222222222222 0.0020833333333333333 0.00625
3 0.45989583333333334 0.11875 0.0036458333333333334 0.009027777777777777
1 0.4817708333333333 0.11666666666666667 0.0020833333333333333 0.007638888888888889
1 0.48020833333333335 0.12569444444444444 0.0020833333333333333 0.007638888888888889
3 0.4828125 0.1361111111111111 0.0026041666666666665 0.009027777777777777
1 0.4765625 0.1361111111111111 0.0026041666666666665 0.00625
1 0.4869791666666667 0.1486111111111111 0.004166666666666667 0.007638888888888889
3 0.4875 0.22430555555555556 0.00625 0.009027777777777777
1 0.4921875 0.20347222222222222 0.004166666666666667 0.009027777777777777
1 0.5015625 0.22013888888888888 0.005729166666666666 0.009027777777777777
1 0.49375 0.23194444444444445 0.007291666666666667 0.010416666666666666
1 0.48385416666666664 0.21666666666666667 0.005208333333333333 0.009027777777777777
1 0.4796875 0.20972222222222223 0.005208333333333333 0.009027777777777777
1 0.4671875 0.17569444444444443 0.0026041666666666665 0.00625
1 0.471875 0.16666666666666666 0.0036458333333333334 0.00625
3 0.47291666666666665 0.17291666666666666 0.004166666666666667 0.009027777777777777
1 0.47708333333333336 0.18819444444444444 0.004166666666666667 0.00625
1 0.46979166666666666 0.1840277777777778 0.0036458333333333334 0.007638888888888889
1 0.4708333333333333 0.18958333333333333 0.0036458333333333334 0.009027777777777777
1 0.4734375 0.1951388888888889 0.005208333333333333 0.007638888888888889
1 0.47552083333333334 0.20069444444444445 0.004166666666666667 0.010416666666666666