1 0.43697916666666664 0.28541666666666665 0.0140625 0.03819444444444445
1 0.5265625 0.15486111111111112 0.013020833333333334 0.03333333333333333
1 0.5130208333333334 0.09652777777777778 0.011458333333333333 0.027777777777777776
0 0.5822916666666667 0.8201388888888889 0.034895833333333334 0.14583333333333334
3 0.5 0.66875 0.01875 0.07847222222222222
3 0.6359375 0.4756944444444444 0.019791666666666666 0.06319444444444444
3 0.6703125 0.26875 0.03229166666666667 0.03333333333333333
3 0.73125 0.25972222222222224 0.0328125 0.029166666666666667
1 0.7739583333333333 0.25416666666666665 0.030729166666666665 0.024305555555555556
1 0.778125 0.27569444444444446 0.029166666666666667 0.025694444444444443
3 0.8994791666666667 0.23333333333333334 0.03333333333333333 0.030555555555555555
1 0.9671875 0.3715277777777778 0.04010416666666667 0.025694444444444443
1 0.95625 0.23819444444444443 0.027083333333333334 0.021527777777777778
1 0.9307291666666667 0.22916666666666666 0.025520833333333333 0.021527777777777778
1 0.9651041666666667 0.22152777777777777 0.03229166666666667 0.01875
3 0.43020833333333336 0.04791666666666667 0.011458333333333333 0.025694444444444443
1 0.8005208333333333 0.5458333333333333 0.022916666666666665 0.04791666666666667