1 0.5317708333333333 0.5326388888888889 0.0020833333333333333 0.002777777777777778
1 0.5276041666666667 0.5326388888888889 0.0026041666666666665 0.004861111111111111
1 0.5234375 0.5326388888888889 0.0020833333333333333 0.003472222222222222
3 0.5229166666666667 0.53125 0.0026041666666666665 0.004861111111111111
1 0.5260416666666666 0.5326388888888889 0.0020833333333333333 0.0020833333333333333
1 0.5359375 0.5326388888888889 0.0026041666666666665 0.002777777777777778
1 0.5348958333333333 0.5298611111111111 0.0026041666666666665 0.0020833333333333333
1 0.54375 0.5395833333333333 0.0020833333333333333 0.002777777777777778
1 0.5520833333333334 0.5368055555555555 0.0026041666666666665 0.002777777777777778
1 0.5380208333333333 0.54375 0.0026041666666666665 0.003472222222222222
1 0.5442708333333334 0.5444444444444444 0.0026041666666666665 0.003472222222222222
1 0.55 0.5458333333333333 0.0026041666666666665 0.003472222222222222
3 0.5505208333333333 0.5534722222222223 0.0036458333333333334 0.005555555555555556
1 0.5328125 0.5548611111111111 0.004166666666666667 0.004861111111111111
1 0.5541666666666667 0.5597222222222222 0.0036458333333333334 0.005555555555555556
1 0.5458333333333333 0.5631944444444444 0.004166666666666667 0.004861111111111111
3 0.5359375 0.5645833333333333 0.004166666666666667 0.006944444444444444
1 0.5260416666666666 0.56875 0.005208333333333333 0.005555555555555556
1 0.5317708333333333 0.5736111111111111 0.00625 0.004861111111111111
1 0.5432291666666667 0.5701388888888889 0.0036458333333333334 0.007638888888888889
1 0.5473958333333333 0.575 0.005208333333333333 0.005555555555555556
1 0.5494791666666666 0.5840277777777778 0.005729166666666666 0.007638888888888889
2 0.5692708333333333 0.5659722222222222 0.004166666666666667 0.007638888888888889
1 0.5401041666666667 0.5895833333333333 0.00625 0.007638888888888889
2 0.5244791666666667 0.5881944444444445 0.008333333333333333 0.008333333333333333
3 0.5140625 0.5847222222222223 0.007291666666666667 0.007638888888888889
1 0.5078125 0.6006944444444444 0.008333333333333333 0.009722222222222222
1 0.5223958333333333 0.5993055555555555 0.008333333333333333 0.008333333333333333
1 0.5291666666666667 0.6125 0.009375 0.009722222222222222
1 0.49895833333333334 0.6194444444444445 0.0109375 0.010416666666666666
1 0.48802083333333335 0.6395833333333333 0.013020833333333334 0.0125
1 0.5 0.6506944444444445 0.011458333333333333 0.014583333333333334
1 0.403125 0.6361111111111111 0.015104166666666667 0.015277777777777777
1 0.40989583333333335 0.71875 0.024479166666666666 0.025
1 0.4609375 0.7444444444444445 0.022395833333333334 0.029861111111111113
3 0.4609375 0.8041666666666667 0.025 0.043055555555555555
1 0.36302083333333335 0.7791666666666667 0.03125 0.03611111111111111
0 0.5182291666666666 0.7638888888888888 0.036458333333333336 0.08958333333333333
1 0.4640625 0.8631944444444445 0.034375 0.04583333333333333
1 0.3802083333333333 0.8479166666666667 0.0328125 0.04027777777777778
1 0.3296875 0.8326388888888889 0.040625 0.050694444444444445
1 0.2833333333333333 0.8888888888888888 0.05520833333333333 0.06875
1 0.321875 0.9520833333333333 0.05364583333333333 0.06458333333333334
1 0.39375 0.9131944444444444 0.044270833333333336 0.058333333333333334
1 0.43072916666666666 0.9506944444444444 0.04583333333333333 0.07152777777777777
1 0.48333333333333334 0.9708333333333333 0.04010416666666667 0.058333333333333334
1 0.2125 0.9729166666666667 0.07083333333333333 0.05416666666666667
1 0.8739583333333333 0.6993055555555555 0.0234375 0.017361111111111112
1 0.8401041666666667 0.6902777777777778 0.0234375 0.01597222222222222
1 0.7901041666666667 0.6777777777777778 0.0234375 0.022222222222222223
1 0.7265625 0.6666666666666666 0.0265625 0.020833333333333332
1 0.7109375 0.6631944444444444 0.020833333333333332 0.01875
1 0.6859375 0.6506944444444445 0.025 0.01597222222222222
1 0.6692708333333334 0.6444444444444445 0.022916666666666665 0.011111111111111112
2 0.6557291666666667 0.6326388888888889 0.025520833333333333 0.022916666666666665