3 0.4036458333333333 0.8416666666666667 0.10104166666666667 0.2465277777777778
1 0.453125 0.6090277777777777 0.08125 0.16527777777777777
3 0.3651041666666667 0.013888888888888888 0.026041666666666668 0.027777777777777776
3 0.42552083333333335 0.04722222222222222 0.03854166666666667 0.02847222222222222
0 0.8833333333333333 0.8111111111111111 0.2328125 0.37569444444444444
1 0.48854166666666665 0.38819444444444445 0.0484375 0.09166666666666666
1 0.5203125 0.24513888888888888 0.034895833333333334 0.05486111111111111
3 0.690625 0.29930555555555555 0.04895833333333333 0.09513888888888888
1 0.5328125 0.17152777777777778 0.030208333333333334 0.041666666666666664
1 0.5395833333333333 0.1361111111111111 0.030729166666666665 0.04652777777777778
1 0.5447916666666667 0.11180555555555556 0.025520833333333333 0.03263888888888889
1 0.5510416666666667 0.07291666666666667 0.022916666666666665 0.03125
1 0.5541666666666667 0.05416666666666667 0.021354166666666667 0.025
1 0.55625 0.03888888888888889 0.019791666666666666 0.022916666666666665
1 0.559375 0.02638888888888889 0.01875 0.025
1 0.5598958333333334 0.013194444444444444 0.0171875 0.02013888888888889
1 0.5635416666666667 0.006944444444444444 0.0171875 0.013194444444444444
2 0.6119791666666666 0.16180555555555556 0.0265625 0.05
1 0.6489583333333333 0.09513888888888888 0.025520833333333333 0.034722222222222224
1 0.659375 0.05 0.022916666666666665 0.03333333333333333
1 0.6348958333333333 0.008333333333333333 0.017708333333333333 0.01597222222222222
1 0.9614583333333333 0.2777777777777778 0.06041666666666667 0.05277777777777778
1 0.8109375 0.17708333333333334 0.03177083333333333 0.041666666666666664
1 0.9828125 0.20347222222222222 0.034375 0.050694444444444445
1 0.9692708333333333 0.17916666666666667 0.05625 0.04236111111111111
1 0.9552083333333333 0.15416666666666667 0.0515625 0.03680555555555556
3 0.9203125 0.12291666666666666 0.04010416666666667 0.04027777777777778
3 0.9010416666666666 0.10416666666666667 0.03333333333333333 0.035416666666666666
3 0.9708333333333333 0.07569444444444444 0.04791666666666667 0.029861111111111113
1 0.9723958333333333 0.08472222222222223 0.04739583333333333 0.027777777777777776
3 0.9770833333333333 0.09444444444444444 0.04583333333333333 0.034027777777777775
1 0.9859375 0.10555555555555556 0.028125 0.03333333333333333
1 0.8713541666666667 0.0798611111111111 0.027604166666666666 0.03194444444444444
1 0.9854166666666667 0.013888888888888888 0.029166666666666667 0.022916666666666665
1 0.7510416666666667 0.03125 0.0234375 0.02638888888888889
1 0.8005208333333333 0.009027777777777777 0.025520833333333333 0.018055555555555554
1 0.8114583333333333 0.018055555555555554 0.022916666666666665 0.021527777777777778
1 0.825 0.03194444444444444 0.027083333333333334 0.022916666666666665