2 0.12239583333333333 0.9069444444444444 0.18020833333333333 0.18541666666666667
3 0.2760416666666667 0.8951388888888889 0.16197916666666667 0.16875
3 0.44479166666666664 0.9416666666666667 0.209375 0.11458333333333333
1 0.3984375 0.15416666666666667 0.0171875 0.009027777777777777
1 0.4817708333333333 0.21041666666666667 0.027604166666666666 0.013888888888888888
1 0.546875 0.16458333333333333 0.019791666666666666 0.011805555555555555
3 0.6046875 0.40902777777777777 0.08072916666666667 0.049305555555555554
3 0.734375 0.5069444444444444 0.042708333333333334 0.075
3 0.8104166666666667 0.5145833333333333 0.08854166666666667 0.058333333333333334
3 0.8526041666666667 0.5534722222222223 0.10520833333333333 0.06458333333333334
3 0.7296875 0.4111111111111111 0.030729166666666665 0.05486111111111111
1 0.5979166666666667 0.35833333333333334 0.05520833333333333 0.025
1 0.6015625 0.33819444444444446 0.05572916666666667 0.027777777777777776
1 0.6166666666666667 0.3263888888888889 0.05520833333333333 0.03125
1 0.6270833333333333 0.3194444444444444 0.05260416666666667 0.02847222222222222
2 0.6296875 0.3 0.053125 0.04027777777777778
3 0.6348958333333333 0.2847222222222222 0.05625 0.03611111111111111
1 0.7401041666666667 0.375 0.04375 0.04652777777777778
3 0.8442708333333333 0.35555555555555557 0.06302083333333333 0.04652777777777778
2 0.828125 0.3333333333333333 0.075 0.05486111111111111
1 0.7375 0.33194444444444443 0.022916666666666665 0.043055555555555555
1 0.7307291666666667 0.3104166666666667 0.030729166666666665 0.03333333333333333
1 0.7338541666666667 0.2861111111111111 0.021875 0.029166666666666667
1 0.5416666666666666 0.2569444444444444 0.0296875 0.020833333333333332
1 0.5901041666666667 0.25972222222222224 0.04010416666666667 0.027083333333333334
1 0.63125 0.25972222222222224 0.043229166666666666 0.019444444444444445
1 0.7640625 0.2791666666666667 0.044270833333333336 0.027083333333333334
1 0.7822916666666667 0.27152777777777776 0.034895833333333334 0.022916666666666665
1 0.8390625 0.2791666666666667 0.03802083333333333 0.027083333333333334
1 0.9 0.2881944444444444 0.03854166666666667 0.025
3 0.815625 0.28055555555555556 0.044270833333333336 0.035416666666666666
1 0.5739583333333333 0.21666666666666667 0.03229166666666667 0.016666666666666666
1 0.671875 0.2388888888888889 0.03802083333333333 0.018055555555555554
1 0.6244791666666667 0.22083333333333333 0.030208333333333334 0.017361111111111112
2 0.834375 0.225 0.084375 0.04236111111111111