3 0.0640625 0.9201388888888888 0.128125 0.09027777777777778
1 0.2833333333333333 0.8618055555555556 0.1578125 0.09583333333333334
1 0.43854166666666666 0.8569444444444444 0.12916666666666668 0.12361111111111112
1 0.8322916666666667 0.9048611111111111 0.09270833333333334 0.19027777777777777
1 0.8505208333333333 0.7284722222222222 0.13697916666666668 0.08472222222222223
1 0.8932291666666666 0.6354166666666666 0.1484375 0.08194444444444444
1 0.9395833333333333 0.5361111111111111 0.11875 0.08888888888888889
1 0.8208333333333333 0.5236111111111111 0.0796875 0.1375
1 0.7385416666666667 0.5319444444444444 0.0890625 0.1423611111111111
1 0.7505208333333333 0.6701388888888888 0.1328125 0.10347222222222222
1 0.4359375 0.5944444444444444 0.13020833333333334 0.08125
1 0.26510416666666664 0.6125 0.1171875 0.1284722222222222