0 0.24375 0.6361111111111111 0.029166666666666667 0.15763888888888888
0 0.29375 0.4826388888888889 0.024479166666666666 0.14305555555555555
0 0.2604166666666667 0.4375 0.0421875 0.15486111111111112
0 0.28489583333333335 0.30972222222222223 0.034895833333333334 0.14444444444444443
0 0.30625 0.35 0.030729166666666665 0.12152777777777778
0 0.3177083333333333 0.22777777777777777 0.03125 0.11527777777777778
0 0.32447916666666665 0.1125 0.024479166666666666 0.16597222222222222
0 0.5885416666666666 0.1486111111111111 0.065625 0.17777777777777778
0 0.5140625 0.33125 0.07239583333333334 0.1798611111111111
0 0.4552083333333333 0.30069444444444443 0.034895833333333334 0.19027777777777777
0 0.36041666666666666 0.5402777777777777 0.03333333333333333 0.15763888888888888
0 0.4505208333333333 0.1125 0.03802083333333333 0.15347222222222223
3 0.37447916666666664 0.23194444444444445 0.017708333333333333 0.07013888888888889
1 0.37864583333333335 0.1638888888888889 0.019791666666666666 0.058333333333333334
1 0.8572916666666667 0.40347222222222223 0.034375 0.10694444444444444
1 0.36770833333333336 0.4152777777777778 0.020833333333333332 0.08888888888888889
1 0.3723958333333333 0.3173611111111111 0.022395833333333334 0.06111111111111111
0 0.13854166666666667 0.9395833333333333 0.14583333333333334 0.09027777777777778
0 0.035416666666666666 0.9451388888888889 0.07083333333333333 0.08888888888888889