1 0.04010416666666667 0.06180555555555556 0.0265625 0.013888888888888888
1 0.09114583333333333 0.04791666666666667 0.0265625 0.022916666666666665
2 0.08802083333333334 0.02361111111111111 0.042708333333333334 0.03680555555555556
1 0.23854166666666668 0.09027777777777778 0.013020833333333334 0.027777777777777776
3 0.24635416666666668 0.15208333333333332 0.013020833333333334 0.03333333333333333
0 0.24479166666666666 0.23125 0.0140625 0.05347222222222222
3 0.2890625 0.25277777777777777 0.011458333333333333 0.04027777777777778
1 0.3098958333333333 0.27152777777777776 0.011458333333333333 0.043055555555555555
1 0.27239583333333334 0.044444444444444446 0.016666666666666666 0.027777777777777776
1 0.0171875 0.4270833333333333 0.034375 0.02638888888888889
0 0.2296875 0.46944444444444444 0.08229166666666667 0.05347222222222222
2 0.3098958333333333 0.7368055555555556 0.020833333333333332 0.1284722222222222
2 0.3072916666666667 0.011111111111111112 0.028645833333333332 0.021527777777777778
2 0.428125 0.05 0.03333333333333333 0.03680555555555556
0 0.4322916666666667 0.009722222222222222 0.06666666666666667 0.01875
3 0.4552083333333333 0.014583333333333334 0.020833333333333332 0.024305555555555556
1 0.4239583333333333 0.02361111111111111 0.022395833333333334 0.016666666666666666
1 0.4473958333333333 0.034722222222222224 0.015625 0.01875
3 0.4864583333333333 0.011111111111111112 0.022916666666666665 0.021527777777777778
3 0.5177083333333333 0.007638888888888889 0.024479166666666666 0.015277777777777777
1 0.5479166666666667 0.004861111111111111 0.027083333333333334 0.009722222222222222
1 0.475 0.5097222222222222 0.0328125 0.02638888888888889
1 0.64375 0.4534722222222222 0.0328125 0.02638888888888889
3 0.5739583333333333 0.02013888888888889 0.022395833333333334 0.022916666666666665
1 0.6333333333333333 0.009722222222222222 0.022916666666666665 0.01875