1 0.2984375 0.04791666666666667 0.024479166666666666 0.02361111111111111
1 0.3067708333333333 0.12777777777777777 0.013541666666666667 0.03611111111111111
1 0.12760416666666666 0.26875 0.030208333333333334 0.01875
1 0.3567708333333333 0.1375 0.0234375 0.029861111111111113
1 0.3458333333333333 0.05555555555555555 0.011458333333333333 0.034027777777777775
1 0.35833333333333334 0.2791666666666667 0.011979166666666667 0.034027777777777775
1 0.37552083333333336 0.5298611111111111 0.013541666666666667 0.034027777777777775
1 0.3802083333333333 0.5763888888888888 0.013541666666666667 0.03888888888888889
1 0.38333333333333336 0.6333333333333333 0.015625 0.04027777777777778
1 0.4125 0.9520833333333333 0.013541666666666667 0.03611111111111111
1 0.6458333333333334 0.9486111111111111 0.015104166666666667 0.03819444444444445
1 0.6614583333333334 0.9479166666666666 0.013020833333333334 0.04027777777777778
1 0.6333333333333333 0.7590277777777777 0.025 0.017361111111111112
1 0.6359375 0.7416666666666667 0.025520833333333333 0.017361111111111112
1 0.634375 0.71875 0.027083333333333334 0.018055555555555554
1 0.6390625 0.6951388888888889 0.025520833333333333 0.020833333333333332
3 0.6291666666666667 0.6743055555555556 0.029166666666666667 0.015277777777777777
3 0.63125 0.6548611111111111 0.027604166666666666 0.01597222222222222
3 0.6348958333333333 0.6236111111111111 0.022395833333333334 0.015277777777777777
1 0.6588541666666666 0.5111111111111111 0.027604166666666666 0.02013888888888889
1 0.7072916666666667 0.49583333333333335 0.028645833333333332 0.02013888888888889
1 0.7416666666666667 0.5840277777777778 0.025520833333333333 0.017361111111111112
1 0.7734375 0.5916666666666667 0.0234375 0.015277777777777777
1 0.834375 0.5222222222222223 0.0328125 0.01875
1 0.9067708333333333 0.5354166666666667 0.0265625 0.017361111111111112
1 0.8703125 0.6097222222222223 0.027604166666666666 0.014583333333333334
1 0.8994791666666667 0.6152777777777778 0.0265625 0.017361111111111112
1 0.9864583333333333 0.6305555555555555 0.027083333333333334 0.016666666666666666
2 0.5947916666666667 0.7513888888888889 0.0140625 0.03819444444444445
1 0.6041666666666666 0.16041666666666668 0.029166666666666667 0.02013888888888889