1 0.059895833333333336 0.09097222222222222 0.049479166666666664 0.027777777777777776
1 0.11822916666666666 0.09583333333333334 0.049479166666666664 0.025694444444444443
1 0.20729166666666668 0.2125 0.0578125 0.04375
1 0.28229166666666666 0.17777777777777778 0.059895833333333336 0.04027777777777778
0 0.2890625 0.11805555555555555 0.12760416666666666 0.05555555555555555
0 0.2703125 0.25277777777777777 0.0765625 0.03888888888888889
0 0.2890625 0.2263888888888889 0.0671875 0.03819444444444445
0 0.10989583333333333 0.34305555555555556 0.21927083333333333 0.13125
1 0.04583333333333333 0.6881944444444444 0.09166666666666666 0.07916666666666666
1 0.06197916666666667 0.6215277777777778 0.1234375 0.08263888888888889
1 0.11197916666666667 0.5569444444444445 0.11302083333333333 0.07222222222222222
1 0.15260416666666668 0.5125 0.10572916666666667 0.06666666666666667
1 0.23229166666666667 0.4722222222222222 0.09583333333333334 0.06944444444444445
1 0.3671875 0.48680555555555555 0.10260416666666666 0.06875
1 0.5640625 0.7694444444444445 0.05416666666666667 0.15416666666666667
3 0.7489583333333333 0.6520833333333333 0.06666666666666667 0.1798611111111111
1 0.6859375 0.4388888888888889 0.040625 0.09166666666666666
1 0.7145833333333333 0.26875 0.036458333333333336 0.07152777777777777
1 0.46510416666666665 0.19166666666666668 0.05260416666666667 0.04375
1 0.3890625 0.14791666666666667 0.04791666666666667 0.030555555555555555
1 0.8026041666666667 0.03125 0.019270833333333334 0.02361111111111111
1 0.8380208333333333 0.08541666666666667 0.022916666666666665 0.03333333333333333
1 0.7755208333333333 0.10208333333333333 0.03333333333333333 0.043055555555555555
1 0.8005208333333333 0.1388888888888889 0.03802083333333333 0.041666666666666664
1 0.8567708333333334 0.19027777777777777 0.05364583333333333 0.04583333333333333
1 0.8875 0.034027777777777775 0.027604166666666666 0.035416666666666666