1 0.017708333333333333 0.78125 0.034895833333333334 0.059722222222222225
1 0.0796875 0.9784722222222222 0.0734375 0.04027777777777778
1 0.21197916666666666 0.9305555555555556 0.06510416666666667 0.05694444444444444
0 0.3098958333333333 0.7430555555555556 0.050520833333333334 0.16597222222222222
1 0.4739583333333333 0.7111111111111111 0.019270833333333334 0.049305555555555554
1 0.37916666666666665 0.5326388888888889 0.015104166666666667 0.02638888888888889
1 0.4359375 0.55625 0.0140625 0.02638888888888889
0 0.41041666666666665 0.55625 0.019270833333333334 0.059722222222222225
3 0.33697916666666666 0.4527777777777778 0.019791666666666666 0.030555555555555555
1 0.34375 0.4375 0.017708333333333333 0.018055555555555554
3 0.3776041666666667 0.4583333333333333 0.011979166666666667 0.022916666666666665
3 0.4401041666666667 0.38958333333333334 0.011458333333333333 0.018055555555555554
1 0.39166666666666666 0.41458333333333336 0.009895833333333333 0.016666666666666666
1 0.39166666666666666 0.3798611111111111 0.009375 0.016666666666666666
0 0.40572916666666664 0.36180555555555555 0.0140625 0.03819444444444445
3 0.43125 0.30486111111111114 0.007291666666666667 0.013888888888888888
1 0.4197916666666667 0.24861111111111112 0.004166666666666667 0.007638888888888889
1 0.42083333333333334 0.2423611111111111 0.004166666666666667 0.007638888888888889
0 0.42291666666666666 0.2326388888888889 0.005729166666666666 0.011111111111111112
1 0.4427083333333333 0.2590277777777778 0.005729166666666666 0.010416666666666666
3 0.4703125 0.21805555555555556 0.0036458333333333334 0.007638888888888889
1 0.4432291666666667 0.23819444444444443 0.005208333333333333 0.009027777777777777
2 0.45729166666666665 0.1798611111111111 0.004166666666666667 0.0125
2 0.45416666666666666 0.21180555555555555 0.005729166666666666 0.018055555555555554
1 0.43020833333333336 0.16041666666666668 0.0036458333333333334 0.003472222222222222
0 0.4322916666666667 0.16666666666666666 0.0036458333333333334 0.00625
1 0.4322916666666667 0.17291666666666666 0.0036458333333333334 0.004861111111111111
1 0.43802083333333336 0.1736111111111111 0.0036458333333333334 0.004861111111111111
1 0.44166666666666665 0.17916666666666667 0.0036458333333333334 0.004861111111111111
1 0.4390625 0.1909722222222222 0.0036458333333333334 0.00625
1 0.4375 0.1840277777777778 0.0036458333333333334 0.004861111111111111
3 0.44427083333333334 0.18333333333333332 0.0026041666666666665 0.00625
3 0.44375 0.1701388888888889 0.0036458333333333334 0.004861111111111111
1 0.4473958333333333 0.175 0.0036458333333333334 0.004861111111111111
1 0.453125 0.1875 0.0036458333333333334 0.00625
1 0.45260416666666664 0.19652777777777777 0.004166666666666667 0.007638888888888889
0 0.51875 0.3548611111111111 0.019270833333333334 0.044444444444444446