1 0.2859375 0.5819444444444445 0.03854166666666667 0.03958333333333333
1 0.34270833333333334 0.5368055555555555 0.0328125 0.04027777777777778
0 0.39479166666666665 0.45902777777777776 0.06927083333333334 0.11527777777777778
0 0.45677083333333335 0.45208333333333334 0.019270833333333334 0.07222222222222222
1 0.48333333333333334 0.4173611111111111 0.015104166666666667 0.04027777777777778
1 0.49947916666666664 0.5618055555555556 0.0140625 0.049305555555555554
1 0.5213541666666667 0.5541666666666667 0.0140625 0.049305555555555554
1 0.5401041666666667 0.5680555555555555 0.015625 0.05486111111111111
1 0.5619791666666667 0.5451388888888888 0.0171875 0.052083333333333336
1 0.5458333333333333 0.48055555555555557 0.015625 0.04722222222222222
0 0.5255208333333333 0.46041666666666664 0.0234375 0.12430555555555556
1 0.5817708333333333 0.27361111111111114 0.013541666666666667 0.034027777777777775
3 0.4947916666666667 0.23055555555555557 0.015625 0.03194444444444444
1 0.5755208333333334 0.09375 0.011979166666666667 0.025694444444444443
1 0.5786458333333333 0.022916666666666665 0.011458333333333333 0.022916666666666665
1 0.53125 0.08472222222222223 0.011979166666666667 0.022916666666666665
1 0.5151041666666667 0.08958333333333333 0.013020833333333334 0.021527777777777778
1 0.5390625 0.059722222222222225 0.0109375 0.02013888888888889
1 0.5526041666666667 0.02847222222222222 0.0109375 0.021527777777777778
1 0.5359375 0.025 0.011458333333333333 0.021527777777777778
2 0.7208333333333333 0.8076388888888889 0.06354166666666666 0.059722222222222225
0 0.7598958333333333 0.78125 0.0578125 0.049305555555555554
1 0.6947916666666667 0.7826388888888889 0.04375 0.03680555555555556