3 0.5036458333333333 0.9729166666666667 0.06145833333333333 0.05416666666666667
1 0.5276041666666667 0.9555555555555556 0.06145833333333333 0.08194444444444444
1 0.5947916666666667 0.9819444444444444 0.05416666666666667 0.03611111111111111
1 0.7953125 0.875 0.06197916666666667 0.09027777777777778
1 0.8880208333333334 0.66875 0.06510416666666667 0.08402777777777778
1 0.9098958333333333 0.6965277777777777 0.0640625 0.08402777777777778
1 0.934375 0.4076388888888889 0.08020833333333334 0.0763888888888889
0 0.796875 0.25416666666666665 0.14479166666666668 0.13680555555555557
1 0.8619791666666666 0.19027777777777777 0.06666666666666667 0.07222222222222222
3 0.56875 0.18055555555555555 0.065625 0.06944444444444445
3 0.5072916666666667 0.4979166666666667 0.034375 0.09027777777777778
2 0.5927083333333333 0.45208333333333334 0.08229166666666667 0.12569444444444444
1 0.4166666666666667 0.4479166666666667 0.0359375 0.09652777777777778
2 0.4505208333333333 0.06597222222222222 0.036458333333333336 0.07152777777777777
2 0.25625 0.34791666666666665 0.04375 0.08402777777777778
2 0.20833333333333334 0.21180555555555555 0.04635416666666667 0.09236111111111112
1 0.18333333333333332 0.13194444444444445 0.03854166666666667 0.06944444444444445
3 0.14479166666666668 0.04027777777777778 0.0484375 0.0798611111111111
1 0.7848958333333333 0.9791666666666666 0.05 0.041666666666666664