3 0.36822916666666666 0.9173611111111111 0.04375 0.09513888888888888
1 0.3390625 0.7722222222222223 0.04739583333333333 0.10069444444444445
2 0.33229166666666665 0.5659722222222222 0.03854166666666667 0.09444444444444444
1 0.29322916666666665 0.5506944444444445 0.036458333333333336 0.08194444444444444
1 0.27447916666666666 0.4638888888888889 0.036458333333333336 0.0763888888888889
2 0.2640625 0.3888888888888889 0.03229166666666667 0.07916666666666666
1 0.24375 0.31527777777777777 0.034375 0.07013888888888889
1 0.36770833333333336 0.34930555555555554 0.0390625 0.06319444444444444
2 0.41041666666666665 0.41597222222222224 0.04635416666666667 0.08125
1 0.5026041666666666 0.4847222222222222 0.042708333333333334 0.0763888888888889
1 0.6432291666666666 0.6076388888888888 0.052083333333333336 0.08402777777777778
2 0.7057291666666666 0.7631944444444444 0.0671875 0.10972222222222222
1 0.6072916666666667 0.51875 0.0484375 0.07430555555555556
1 0.5182291666666666 0.2826388888888889 0.03802083333333333 0.06319444444444444
1 0.3802083333333333 0.10138888888888889 0.029166666666666667 0.04652777777777778
1 0.5515625 0.19652777777777777 0.0328125 0.035416666666666666
1 0.5119791666666667 0.10972222222222222 0.03125 0.04652777777777778
2 0.5354166666666667 0.10277777777777777 0.03333333333333333 0.05555555555555555
2 0.47760416666666666 0.10972222222222222 0.034895833333333334 0.07152777777777777
1 0.42604166666666665 0.05694444444444444 0.027604166666666666 0.041666666666666664
1 0.4083333333333333 0.017361111111111112 0.0265625 0.034027777777777775
1 0.23020833333333332 0.24513888888888888 0.030729166666666665 0.06388888888888888
1 0.20520833333333333 0.11458333333333333 0.027083333333333334 0.050694444444444445
1 0.19375 0.06041666666666667 0.028645833333333332 0.05625