1 0.057291666666666664 0.5666666666666667 0.029166666666666667 0.03194444444444444
1 0.07239583333333334 0.6430555555555556 0.03333333333333333 0.03333333333333333
1 0.1921875 0.7631944444444444 0.034375 0.041666666666666664
1 0.2989583333333333 0.6048611111111111 0.03802083333333333 0.041666666666666664
1 0.18333333333333332 0.5173611111111112 0.028645833333333332 0.034027777777777775
1 0.2828125 0.5083333333333333 0.028645833333333332 0.034027777777777775
1 0.18489583333333334 0.42986111111111114 0.022395833333333334 0.034027777777777775
1 0.4036458333333333 0.6256944444444444 0.044270833333333336 0.03819444444444445
1 0.528125 0.7319444444444444 0.050520833333333334 0.05486111111111111
1 0.6265625 0.6819444444444445 0.042708333333333334 0.041666666666666664
1 0.7088541666666667 0.76875 0.052083333333333336 0.05347222222222222
1 0.7822916666666667 0.7097222222222223 0.05572916666666667 0.059722222222222225
1 0.8989583333333333 0.90625 0.06770833333333333 0.06111111111111111
1 0.9151041666666667 0.8034722222222223 0.057291666666666664 0.058333333333333334
1 0.14010416666666667 0.42986111111111114 0.025520833333333333 0.03333333333333333
1 0.09270833333333334 0.41041666666666665 0.021354166666666667 0.034027777777777775
1 0.050520833333333334 0.2986111111111111 0.015625 0.01875
1 0.09635416666666667 0.2548611111111111 0.011458333333333333 0.022916666666666665
1 0.049479166666666664 0.16875 0.008333333333333333 0.015277777777777777
1 0.0640625 0.15694444444444444 0.008333333333333333 0.013888888888888888
1 0.0828125 0.14722222222222223 0.008333333333333333 0.0125
1 0.0953125 0.14305555555555555 0.0078125 0.015277777777777777
1 0.0625 0.13333333333333333 0.0078125 0.0125
1 0.18697916666666667 0.3423611111111111 0.011458333333333333 0.02013888888888889
1 0.2864583333333333 0.39305555555555555 0.0140625 0.021527777777777778
1 0.0609375 0.10555555555555556 0.008333333333333333 0.0125
1 0.049479166666666664 0.12986111111111112 0.008333333333333333 0.013888888888888888
1 0.049479166666666664 0.07708333333333334 0.00625 0.0125
1 0.07864583333333333 0.04513888888888889 0.005729166666666666 0.009027777777777777
1 0.08697916666666666 0.059722222222222225 0.005208333333333333 0.0125
1 0.08854166666666667 0.03611111111111111 0.005729166666666666 0.011111111111111112
1 0.8151041666666666 0.6069444444444444 0.03697916666666667 0.03819444444444445
1 0.8072916666666666 0.5736111111111111 0.034375 0.027777777777777776
1 0.7666666666666667 0.5694444444444444 0.03697916666666667 0.029166666666666667
1 0.7348958333333333 0.4152777777777778 0.022395833333333334 0.02638888888888889
1 0.7447916666666666 0.41041666666666665 0.019270833333333334 0.02638888888888889
1 0.7328125 0.35694444444444445 0.021354166666666667 0.02638888888888889
1 0.7130208333333333 0.4888888888888889 0.0140625 0.02638888888888889
1 0.7270833333333333 0.4951388888888889 0.015625 0.030555555555555555
1 0.7427083333333333 0.4965277777777778 0.0140625 0.029166666666666667
1 0.7572916666666667 0.5020833333333333 0.015625 0.03194444444444444
1 0.7723958333333333 0.5097222222222222 0.013020833333333334 0.02638888888888889
1 0.7854166666666667 0.5111111111111111 0.016666666666666666 0.035416666666666666
1 0.8005208333333333 0.5138888888888888 0.015104166666666667 0.030555555555555555
1 0.8140625 0.5208333333333334 0.011979166666666667 0.02638888888888889
1 0.7729166666666667 0.44513888888888886 0.019791666666666666 0.024305555555555556
1 0.7822916666666667 0.43819444444444444 0.021354166666666667 0.02638888888888889
1 0.7890625 0.4305555555555556 0.024479166666666666 0.02638888888888889
1 0.7932291666666667 0.4597222222222222 0.022395833333333334 0.030555555555555555
1 0.8041666666666667 0.45694444444444443 0.017708333333333333 0.025694444444444443
1 0.84375 0.4888888888888889 0.022916666666666665 0.03194444444444444
1 0.828125 0.5222222222222223 0.011979166666666667 0.024305555555555556
1 0.8427083333333333 0.525 0.011458333333333333 0.029166666666666667
1 0.8526041666666667 0.48194444444444445 0.027604166666666666 0.024305555555555556
1 0.7776041666666667 0.5930555555555556 0.029166666666666667 0.029166666666666667
1 0.7552083333333334 0.3506944444444444 0.019791666666666666 0.024305555555555556
1 0.5041666666666667 0.4013888888888889 0.015625 0.021527777777777778
1 0.5322916666666667 0.39305555555555555 0.01875 0.02013888888888889
1 0.5557291666666667 0.3861111111111111 0.011458333333333333 0.022916666666666665
1 0.5515625 0.34097222222222223 0.015104166666666667 0.021527777777777778
1 0.5625 0.3368055555555556 0.016666666666666666 0.024305555555555556
1 0.5734375 0.3347222222222222 0.011979166666666667 0.01875
1 0.534375 0.36319444444444443 0.0171875 0.02013888888888889
1 0.5447916666666667 0.35833333333333334 0.015625 0.024305555555555556
1 0.5322916666666667 0.3423611111111111 0.013020833333333334 0.018055555555555554
1 0.5244791666666667 0.34930555555555554 0.011458333333333333 0.018055555555555554
1 0.5140625 0.35208333333333336 0.011979166666666667 0.016666666666666666
1 0.5041666666666667 0.3541666666666667 0.011458333333333333 0.02013888888888889
1 0.49583333333333335 0.3715277777777778 0.013020833333333334 0.027777777777777776
1 0.48333333333333334 0.37083333333333335 0.011979166666666667 0.030555555555555555
1 0.4348958333333333 0.33125 0.013020833333333334 0.02013888888888889
1 0.4484375 0.3284722222222222 0.015625 0.025694444444444443
1 0.48489583333333336 0.31666666666666665 0.013020833333333334 0.01875
1 0.4947916666666667 0.31527777777777777 0.0109375 0.013888888888888888
1 0.5041666666666667 0.31180555555555556 0.013020833333333334 0.021527777777777778
1 0.5135416666666667 0.3104166666666667 0.008333333333333333 0.016666666666666666
1 0.39479166666666665 0.2743055555555556 0.0109375 0.018055555555555554
1 0.37552083333333336 0.36944444444444446 0.013020833333333334 0.02013888888888889
1 0.39010416666666664 0.33194444444444443 0.015104166666666667 0.013888888888888888
1 0.3619791666666667 0.3194444444444444 0.021354166666666667 0.021527777777777778
1 0.3572916666666667 0.3145833333333333 0.017708333333333333 0.018055555555555554
1 0.35572916666666665 0.3076388888888889 0.021354166666666667 0.01875
1 0.36614583333333334 0.28958333333333336 0.019270833333333334 0.015277777777777777
1 0.2869791666666667 0.3145833333333333 0.015625 0.02013888888888889
1 0.30052083333333335 0.31527777777777777 0.0140625 0.011111111111111112
1 0.4317708333333333 0.2659722222222222 0.011979166666666667 0.01875
1 0.45989583333333334 0.30069444444444443 0.011458333333333333 0.02013888888888889
1 0.3411458333333333 0.37430555555555556 0.0109375 0.018055555555555554
1 0.365625 0.33402777777777776 0.021354166666666667 0.02013888888888889
1 0.38229166666666664 0.31527777777777777 0.019791666666666666 0.013888888888888888
1 0.38229166666666664 0.3111111111111111 0.019791666666666666 0.018055555555555554
1 0.3078125 0.38819444444444445 0.015625 0.025694444444444443
1 0.3307291666666667 0.35555555555555557 0.024479166666666666 0.02013888888888889
1 0.28020833333333334 0.3326388888888889 0.009895833333333333 0.02013888888888889
1 0.2890625 0.32708333333333334 0.013020833333333334 0.025694444444444443
1 0.3015625 0.3263888888888889 0.0109375 0.018055555555555554
1 0.31145833333333334 0.32222222222222224 0.013020833333333334 0.022916666666666665
1 0.32083333333333336 0.3173611111111111 0.013541666666666667 0.022916666666666665
1 0.33177083333333335 0.31527777777777777 0.015104166666666667 0.024305555555555556
1 0.40260416666666665 0.28125 0.011979166666666667 0.021527777777777778
1 0.41302083333333334 0.26944444444444443 0.011458333333333333 0.016666666666666666
1 0.4666666666666667 0.2375 0.016666666666666666 0.02013888888888889
1 0.6390625 0.33541666666666664 0.01875 0.02638888888888889
1 0.4140625 0.2986111111111111 0.011458333333333333 0.021527777777777778
1 0.5317708333333333 0.3076388888888889 0.013541666666666667 0.01875
1 0.521875 0.32013888888888886 0.015104166666666667 0.021527777777777778
1 0.5078125 0.3277777777777778 0.009895833333333333 0.021527777777777778
1 0.39479166666666665 0.3388888888888889 0.021354166666666667 0.018055555555555554
1 0.5041666666666667 0.2881944444444444 0.013020833333333334 0.018055555555555554
1 0.44635416666666666 0.1875 0.009895833333333333 0.016666666666666666
1 0.45 0.1701388888888889 0.008333333333333333 0.0125
1 0.4375 0.16527777777777777 0.009375 0.0125
2 0.3260416666666667 0.3972222222222222 0.0234375 0.05347222222222222
2 0.3515625 0.3861111111111111 0.021354166666666667 0.04791666666666667
2 0.36614583333333334 0.38263888888888886 0.019270833333333334 0.04722222222222222
2 0.40729166666666666 0.3715277777777778 0.025 0.04027777777777778
2 0.33229166666666665 0.45 0.022916666666666665 0.052083333333333336
2 0.3458333333333333 0.45208333333333334 0.01875 0.041666666666666664
2 0.3625 0.4465277777777778 0.019270833333333334 0.043055555555555555
2 0.3765625 0.4409722222222222 0.020833333333333332 0.049305555555555554
2 0.38958333333333334 0.4361111111111111 0.022395833333333334 0.059722222222222225
2 0.4036458333333333 0.42986111111111114 0.022916666666666665 0.058333333333333334
2 0.4328125 0.4166666666666667 0.024479166666666666 0.044444444444444446
3 0.4234375 0.3090277777777778 0.015104166666666667 0.024305555555555556
3 0.3880208333333333 0.32430555555555557 0.019791666666666666 0.024305555555555556
3 0.4322916666666667 0.30694444444444446 0.0140625 0.027777777777777776
3 0.4427083333333333 0.30277777777777776 0.011979166666666667 0.029166666666666667
3 0.45260416666666664 0.3 0.0140625 0.024305555555555556
3 0.46979166666666666 0.2972222222222222 0.013541666666666667 0.025694444444444443
3 0.5125 0.2833333333333333 0.015104166666666667 0.024305555555555556
3 0.3828125 0.25069444444444444 0.0140625 0.029166666666666667
3 0.4640625 0.26458333333333334 0.0109375 0.021527777777777778
3 0.46770833333333334 0.1840277777777778 0.0109375 0.018055555555555554
3 0.47239583333333335 0.26319444444444445 0.013020833333333334 0.024305555555555556
3 0.4796875 0.2611111111111111 0.011979166666666667 0.025694444444444443
3 0.48802083333333335 0.25833333333333336 0.011979166666666667 0.02638888888888889
3 0.4979166666666667 0.25416666666666665 0.013020833333333334 0.024305555555555556
2 0.4765625 0.19722222222222222 0.015625 0.02638888888888889
2 0.4890625 0.19930555555555557 0.019791666666666666 0.027777777777777776
2 0.33697916666666666 0.2798611111111111 0.034895833333333334 0.029166666666666667
2 0.3333333333333333 0.275 0.03229166666666667 0.034027777777777775
2 0.32916666666666666 0.26875 0.025520833333333333 0.030555555555555555
2 0.32708333333333334 0.26875 0.03125 0.035416666666666666
2 0.3234375 0.2534722222222222 0.0359375 0.030555555555555555
2 0.32083333333333336 0.2465277777777778 0.034895833333333334 0.029166666666666667
2 0.3234375 0.2388888888888889 0.041666666666666664 0.030555555555555555
0 0.39375 0.23194444444444445 0.022916666666666665 0.03958333333333333
0 0.4046875 0.2263888888888889 0.022395833333333334 0.044444444444444446
0 0.43697916666666664 0.22152777777777777 0.027083333333333334 0.041666666666666664
0 0.5005208333333333 0.58125 0.0984375 0.11180555555555556
0 0.4484375 0.21736111111111112 0.024479166666666666 0.041666666666666664
2 0.5234375 0.6736111111111112 0.07447916666666667 0.06875
1 0.8723958333333334 0.6972222222222222 0.021354166666666667 0.052083333333333336
1 0.1234375 0.19166666666666668 0.008333333333333333 0.02013888888888889
0 0.11666666666666667 0.15 0.011979166666666667 0.03333333333333333
0 0.13958333333333334 0.14305555555555555 0.0109375 0.021527777777777778
0 0.14739583333333334 0.12361111111111112 0.0078125 0.016666666666666666
0 0.14739583333333334 0.13333333333333333 0.009375 0.02013888888888889
0 0.1515625 0.15069444444444444 0.0109375 0.025694444444444443
0 0.15364583333333334 0.16111111111111112 0.009895833333333333 0.027777777777777776
0 0.16510416666666666 0.16111111111111112 0.0109375 0.027777777777777776
0 0.16302083333333334 0.15069444444444444 0.009895833333333333 0.025694444444444443
0 0.15989583333333332 0.14027777777777778 0.008333333333333333 0.021527777777777778
0 0.1421875 0.15763888888888888 0.013020833333333334 0.030555555555555555
0 0.15416666666666667 0.17777777777777778 0.009895833333333333 0.030555555555555555
0 0.16666666666666666 0.1798611111111111 0.013020833333333334 0.03194444444444444
2 0.21510416666666668 0.41944444444444445 0.03697916666666667 0.0625
2 0.10104166666666667 0.18194444444444444 0.015104166666666667 0.03194444444444444
3 0.10052083333333334 0.21805555555555556 0.0109375 0.025694444444444443
3 0.925 0.8659722222222223 0.06875 0.06458333333333334
1 0.5947916666666667 0.30277777777777776 0.019270833333333334 0.011111111111111112
3 0.6072916666666667 0.32013888888888886 0.019270833333333334 0.025694444444444443
1 0.2557291666666667 0.33958333333333335 0.013020833333333334 0.021527777777777778
1 0.2671875 0.33402777777777776 0.0140625 0.022916666666666665
1 0.26875 0.37569444444444444 0.025 0.015277777777777777
1 0.2609375 0.39861111111111114 0.015104166666666667 0.025694444444444443
3 0.25833333333333336 0.325 0.016666666666666666 0.018055555555555554
0 0.08802083333333334 0.08611111111111111 0.013020833333333334 0.030555555555555555
1 0.5166666666666667 0.36875 0.015104166666666667 0.021527777777777778
0 0.5333333333333333 0.44375 0.0640625 0.044444444444444446
1 0.8177083333333334 0.4527777777777778 0.022916666666666665 0.03333333333333333
1 0.6067708333333334 0.5993055555555555 0.034895833333333334 0.03194444444444444
1 0.6505208333333333 0.6111111111111112 0.0328125 0.03194444444444444
1 0.6729166666666667 0.63125 0.0328125 0.029166666666666667