1 0.7114583333333333 0.3472222222222222 0.08125 0.050694444444444445
1 0.8255208333333334 0.31319444444444444 0.05260416666666667 0.049305555555555554
1 0.8796875 0.24930555555555556 0.030729166666666665 0.044444444444444446
1 0.8583333333333333 0.125 0.03125 0.03333333333333333
1 0.7432291666666667 0.16805555555555557 0.029166666666666667 0.043055555555555555
1 0.7015625 0.15416666666666667 0.025 0.04375
1 0.7333333333333333 0.12013888888888889 0.025520833333333333 0.03819444444444445
1 0.5604166666666667 0.375 0.08489583333333334 0.049305555555555554
3 0.671875 0.8444444444444444 0.06197916666666667 0.19930555555555557
1 0.4708333333333333 0.8493055555555555 0.12760416666666666 0.10069444444444445
1 0.484375 0.6944444444444444 0.11875 0.07361111111111111
1 0.4947916666666667 0.5923611111111111 0.10572916666666667 0.07222222222222222
1 0.23958333333333334 0.6930555555555555 0.090625 0.14305555555555555
1 0.16354166666666667 0.6743055555555556 0.09166666666666666 0.12569444444444444
1 0.052083333333333336 0.33125 0.07708333333333334 0.059722222222222225
1 0.11770833333333333 0.2833333333333333 0.0578125 0.043055555555555555
1 0.43854166666666666 0.21597222222222223 0.05572916666666667 0.03611111111111111
1 0.44479166666666664 0.15833333333333333 0.030729166666666665 0.04861111111111111
1 0.40625 0.15416666666666667 0.034375 0.05555555555555555
1 0.37552083333333336 0.15069444444444444 0.0359375 0.04583333333333333
1 0.5661458333333333 0.17569444444444443 0.050520833333333334 0.03125
1 0.5682291666666667 0.13472222222222222 0.04791666666666667 0.03125
1 0.5776041666666667 0.11597222222222223 0.050520833333333334 0.030555555555555555
1 0.5723958333333333 0.10694444444444444 0.05572916666666667 0.030555555555555555
1 0.5723958333333333 0.08402777777777778 0.0390625 0.034027777777777775
1 0.5802083333333333 0.027777777777777776 0.03802083333333333 0.02847222222222222
1 0.5828125 0.043055555555555555 0.0359375 0.025
1 0.5833333333333334 0.059722222222222225 0.044270833333333336 0.02361111111111111
1 0.58125 0.07013888888888889 0.042708333333333334 0.03125
1 0.6401041666666667 0.03263888888888889 0.024479166666666666 0.029861111111111113
1 0.6869791666666667 0.11319444444444444 0.0265625 0.04097222222222222
1 0.6822916666666666 0.0798611111111111 0.024479166666666666 0.03263888888888889
1 0.6796875 0.05694444444444444 0.025 0.034027777777777775
1 0.7302083333333333 0.09722222222222222 0.0171875 0.034027777777777775
1 0.71875 0.07222222222222222 0.0171875 0.03125
1 0.7140625 0.049305555555555554 0.0171875 0.02847222222222222
1 0.7072916666666667 0.025694444444444443 0.0171875 0.025
1 0.5515625 0.017361111111111112 0.011979166666666667 0.025694444444444443