3 0.3848958333333333 0.9347222222222222 0.04375 0.11319444444444444
3 0.37135416666666665 0.7506944444444444 0.042708333333333334 0.08472222222222223
0 0.1796875 0.32083333333333336 0.0921875 0.07083333333333333
0 0.32083333333333336 0.29930555555555555 0.08333333333333333 0.06597222222222222
0 0.46510416666666665 0.26875 0.109375 0.08402777777777778
0 0.5880208333333333 0.25763888888888886 0.07708333333333334 0.06319444444444444
1 0.6130208333333333 0.034027777777777775 0.0078125 0.0125
3 0.6197916666666666 0.04027777777777778 0.0078125 0.0125
1 0.6239583333333333 0.034027777777777775 0.0078125 0.010416666666666666
1 0.64375 0.035416666666666666 0.0078125 0.0125
1 0.6734375 0.03958333333333333 0.00625 0.0125
3 0.9864583333333333 0.21944444444444444 0.027083333333333334 0.03819444444444445
3 0.946875 0.21944444444444444 0.04635416666666667 0.035416666666666666
3 0.9010416666666666 0.22569444444444445 0.03802083333333333 0.03333333333333333
3 0.9458333333333333 0.3902777777777778 0.06354166666666666 0.0875
3 0.9869791666666666 0.43194444444444446 0.025520833333333333 0.06458333333333334
3 0.9109375 0.41388888888888886 0.0515625 0.09375
3 0.8802083333333334 0.4215277777777778 0.05 0.09652777777777778
1 0.8458333333333333 0.42986111111111114 0.027083333333333334 0.05694444444444444
1 0.9796875 0.5784722222222223 0.040625 0.09166666666666666
1 0.9895833333333334 0.6409722222222223 0.020833333333333332 0.058333333333333334
1 0.5796875 0.4375 0.017708333333333333 0.041666666666666664
1 0.5651041666666666 0.3284722222222222 0.019791666666666666 0.030555555555555555
3 0.8114583333333333 0.23194444444444445 0.04583333333333333 0.03958333333333333
3 0.8552083333333333 0.2263888888888889 0.040625 0.03680555555555556