1 0.2359375 0.8631944444444445 0.090625 0.050694444444444445
1 0.32916666666666666 0.7604166666666666 0.041666666666666664 0.12291666666666666
1 0.4265625 0.9722222222222222 0.06927083333333334 0.05347222222222222
1 0.5619791666666667 0.9791666666666666 0.0390625 0.04027777777777778
3 0.559375 0.7736111111111111 0.03125 0.09305555555555556
1 0.4630208333333333 0.7444444444444445 0.041666666666666664 0.12222222222222222
1 0.546875 0.6083333333333333 0.036458333333333336 0.1076388888888889
2 0.37135416666666665 0.68125 0.04583333333333333 0.1597222222222222
1 0.5536458333333333 0.4798611111111111 0.03697916666666667 0.10555555555555556
1 0.3098958333333333 0.4673611111111111 0.040625 0.10347222222222222
1 0.3828125 0.39375 0.03697916666666667 0.1076388888888889
3 0.3260416666666667 0.3375 0.036458333333333336 0.10555555555555556
3 0.5416666666666666 0.2833333333333333 0.03229166666666667 0.09236111111111112
3 0.5109375 0.11944444444444445 0.030208333333333334 0.08680555555555555
1 0.39010416666666664 0.26875 0.03854166666666667 0.1125
1 0.5494791666666666 0.15555555555555556 0.03229166666666667 0.09305555555555556
3 0.5375 0.027777777777777776 0.03333333333333333 0.05416666666666667
2 0.3880208333333333 0.049305555555555554 0.04479166666666667 0.09652777777777778