2 0.4395833333333333 0.6958333333333333 0.009375 0.029861111111111113
2 0.42916666666666664 0.6666666666666666 0.008333333333333333 0.034027777777777775
2 0.440625 0.5902777777777778 0.007291666666666667 0.022916666666666665
2 0.5338541666666666 0.69375 0.009375 0.018055555555555554
2 0.43697916666666664 0.5006944444444444 0.005729166666666666 0.014583333333333334
2 0.4239583333333333 0.38819444444444445 0.005208333333333333 0.006944444444444444
2 0.4359375 0.41458333333333336 0.0036458333333333334 0.0125
2 0.4317708333333333 0.42986111111111114 0.009375 0.007638888888888889
1 0.3109375 0.9868055555555556 0.009375 0.022916666666666665
3 0.26666666666666666 0.9458333333333333 0.009375 0.025
2 0.35520833333333335 0.8631944444444445 0.025 0.017361111111111112
2 0.35885416666666664 0.8916666666666667 0.027604166666666666 0.01597222222222222
1 0.43854166666666666 0.8798611111111111 0.007291666666666667 0.022916666666666665
1 0.43020833333333336 0.76875 0.005729166666666666 0.017361111111111112
1 0.42552083333333335 0.7388888888888889 0.008333333333333333 0.017361111111111112
1 0.35052083333333334 0.7479166666666667 0.016666666666666666 0.010416666666666666
1 0.35104166666666664 0.7298611111111111 0.0109375 0.014583333333333334
1 0.35520833333333335 0.7159722222222222 0.0078125 0.010416666666666666
1 0.32447916666666665 0.7111111111111111 0.015104166666666667 0.006944444444444444
3 0.6484375 0.6465277777777778 0.009375 0.008333333333333333
3 0.6515625 0.6506944444444445 0.011979166666666667 0.008333333333333333
1 0.7765625 0.6013888888888889 0.0078125 0.006944444444444444
1 0.3494791666666667 0.625 0.005208333333333333 0.009722222222222222
1 0.33958333333333335 0.6298611111111111 0.005208333333333333 0.011111111111111112
1 0.36666666666666664 0.6430555555555556 0.011458333333333333 0.006944444444444444
1 0.36302083333333335 0.6569444444444444 0.011458333333333333 0.007638888888888889
2 0.35520833333333335 0.6715277777777777 0.0140625 0.007638888888888889
2 0.35625 0.6659722222222222 0.0140625 0.006944444444444444
1 0.3223958333333333 0.7006944444444444 0.013541666666666667 0.009722222222222222
1 0.325 0.6958333333333333 0.011458333333333333 0.008333333333333333