1 0.6911458333333333 0.8090277777777778 0.20885416666666667 0.20069444444444445
1 0.21041666666666667 0.6270833333333333 0.16041666666666668 0.14791666666666667
1 0.253125 0.5298611111111111 0.1453125 0.1326388888888889
1 0.0984375 0.38819444444444445 0.12291666666666666 0.10625
1 0.2630208333333333 0.3173611111111111 0.11614583333333334 0.1
3 0.3203125 0.2520833333333333 0.11145833333333334 0.09375
1 0.4609375 0.3229166666666667 0.1359375 0.11666666666666667
1 0.5973958333333333 0.425 0.10625 0.15347222222222223
3 0.75625 0.5444444444444444 0.1375 0.19444444444444445
1 0.8666666666666667 0.5645833333333333 0.1359375 0.1763888888888889
1 0.196875 0.20694444444444443 0.06510416666666667 0.08263888888888889
1 0.11770833333333333 0.175 0.0609375 0.08263888888888889
1 0.04635416666666667 0.14583333333333334 0.05625 0.07569444444444444
1 0.09583333333333334 0.07083333333333333 0.09322916666666667 0.075
1 0.05625 0.03333333333333333 0.09635416666666667 0.06666666666666667