0 0.06666666666666667 0.44513888888888886 0.1 0.11944444444444445
3 0.09375 0.42916666666666664 0.04479166666666667 0.06111111111111111
3 0.14583333333333334 0.45 0.0484375 0.059722222222222225
3 0.19375 0.47430555555555554 0.050520833333333334 0.058333333333333334
3 0.29739583333333336 0.5284722222222222 0.05416666666666667 0.06736111111111111
1 0.24427083333333333 0.5076388888888889 0.0515625 0.05347222222222222
1 0.3567708333333333 0.5652777777777778 0.05625 0.0625
3 0.4197916666666667 0.5965277777777778 0.057291666666666664 0.06319444444444444
3 0.5265625 0.22430555555555556 0.0390625 0.04583333333333333
3 0.5390625 0.21875 0.03125 0.034027777777777775
3 0.5140625 0.32916666666666666 0.0328125 0.075
3 0.5333333333333333 0.2916666666666667 0.0234375 0.050694444444444445
3 0.5458333333333333 0.2604166666666667 0.022916666666666665 0.04791666666666667
3 0.5927083333333333 0.41388888888888886 0.05625 0.06111111111111111
3 0.5880208333333333 0.31666666666666665 0.0234375 0.052083333333333336
3 0.6296875 0.3347222222222222 0.030729166666666665 0.075
3 0.6744791666666666 0.35208333333333336 0.0265625 0.07013888888888889
3 0.7234375 0.3784722222222222 0.020833333333333332 0.058333333333333334
3 0.7322916666666667 0.2798611111111111 0.05364583333333333 0.052083333333333336
1 0.6401041666666667 0.23194444444444445 0.022395833333333334 0.043055555555555555
1 0.6786458333333333 0.24166666666666667 0.0171875 0.03958333333333333
1 0.6005208333333333 0.2861111111111111 0.025 0.044444444444444446
1 0.6203125 0.29791666666666666 0.022395833333333334 0.03194444444444444
1 0.6421875 0.30486111111111114 0.022916666666666665 0.041666666666666664
1 0.6515625 0.35208333333333336 0.025520833333333333 0.052083333333333336
1 0.6635416666666667 0.3104166666666667 0.022916666666666665 0.03958333333333333
1 0.6859375 0.31805555555555554 0.022395833333333334 0.041666666666666664
1 0.6958333333333333 0.36944444444444446 0.020833333333333332 0.050694444444444445
1 0.75 0.35694444444444445 0.022916666666666665 0.04027777777777778
1 0.7302083333333333 0.33819444444444446 0.022916666666666665 0.044444444444444446
1 0.70625 0.3298611111111111 0.021354166666666667 0.035416666666666666
3 0.8572916666666667 0.07916666666666666 0.013541666666666667 0.03680555555555556
3 0.9166666666666666 0.1326388888888889 0.03697916666666667 0.03194444444444444
3 0.9192708333333334 0.14375 0.03697916666666667 0.029166666666666667
3 0.909375 0.2013888888888889 0.021354166666666667 0.029166666666666667
1 0.875 0.24305555555555555 0.022916666666666665 0.03194444444444444
1 0.8484375 0.17083333333333334 0.030208333333333334 0.029166666666666667
1 0.9072916666666667 0.17291666666666666 0.015625 0.027777777777777776
3 0.9765625 0.7979166666666667 0.03697916666666667 0.06319444444444444
0 0.8958333333333334 0.8729166666666667 0.13229166666666667 0.1423611111111111
1 0.48489583333333336 0.6361111111111111 0.057291666666666664 0.06319444444444444
3 0.5463541666666667 0.6659722222222222 0.0640625 0.08402777777777778