1 0.5515625 0.3020833333333333 0.0109375 0.014583333333333334
1 0.5401041666666667 0.31666666666666665 0.009895833333333333 0.014583333333333334
1 0.5567708333333333 0.3611111111111111 0.013541666666666667 0.020833333333333332
1 0.5614583333333333 0.4083333333333333 0.01875 0.02847222222222222
1 0.5770833333333333 0.475 0.019791666666666666 0.034027777777777775
2 0.5395833333333333 0.4423611111111111 0.020833333333333332 0.04652777777777778
1 0.5385416666666667 0.5229166666666667 0.022916666666666665 0.03819444444444445
1 0.565625 0.5833333333333334 0.03125 0.044444444444444446
1 0.4921875 0.6041666666666666 0.05 0.04861111111111111
1 0.4432291666666667 0.55625 0.027604166666666666 0.049305555555555554
1 0.48854166666666665 0.5097222222222222 0.021354166666666667 0.03888888888888889
1 0.46041666666666664 0.5020833333333333 0.022395833333333334 0.04097222222222222
1 0.4317708333333333 0.4930555555555556 0.022395833333333334 0.03680555555555556
1 0.4203125 0.5340277777777778 0.0265625 0.043055555555555555
1 0.40260416666666665 0.6736111111111112 0.07135416666666666 0.05347222222222222
1 0.8869791666666667 0.7263888888888889 0.07291666666666667 0.043055555555555555
1 0.965625 0.7833333333333333 0.06875 0.04861111111111111
1 0.95625 0.8368055555555556 0.08645833333333333 0.04791666666666667
1 0.303125 0.7083333333333334 0.0765625 0.04861111111111111
1 0.35052083333333334 0.74375 0.07916666666666666 0.05347222222222222
1 0.08489583333333334 0.8138888888888889 0.09791666666666667 0.05416666666666667