1 0.24322916666666666 0.9256944444444445 0.06458333333333334 0.14791666666666667
1 0.2359375 0.6166666666666667 0.06875 0.09166666666666666
3 0.8098958333333334 0.8902777777777777 0.10260416666666666 0.1798611111111111
1 0.7296875 0.6763888888888889 0.07291666666666667 0.12222222222222222
1 0.66875 0.5625 0.05416666666666667 0.08263888888888889
1 0.7817708333333333 0.5604166666666667 0.07395833333333333 0.06805555555555555
1 0.8984375 0.3277777777777778 0.03697916666666667 0.04097222222222222
1 0.7916666666666666 0.2965277777777778 0.030729166666666665 0.04652777777777778
1 0.7479166666666667 0.28125 0.0328125 0.04513888888888889
3 0.8859375 0.40208333333333335 0.03958333333333333 0.06805555555555555
3 0.8598958333333333 0.4618055555555556 0.04791666666666667 0.07361111111111111
1 0.7963541666666667 0.2111111111111111 0.044270833333333336 0.03333333333333333
1 0.734375 0.1763888888888889 0.04791666666666667 0.03194444444444444
1 0.6640625 0.15 0.04375 0.025694444444444443
1 0.5822916666666667 0.16944444444444445 0.04583333333333333 0.024305555555555556
1 0.6036458333333333 0.13194444444444445 0.033854166666666664 0.025
1 0.5791666666666667 0.11388888888888889 0.023958333333333335 0.025
1 0.5682291666666667 0.07291666666666667 0.0171875 0.02361111111111111
1 0.5677083333333334 0.04652777777777778 0.0140625 0.017361111111111112
1 0.5671875 0.027083333333333334 0.013020833333333334 0.01875
1 0.41822916666666665 0.06458333333333334 0.016666666666666666 0.020833333333333332
1 0.4088541666666667 0.09791666666666667 0.020833333333333332 0.025694444444444443
1 0.3921875 0.1125 0.024479166666666666 0.02638888888888889
1 0.3572916666666667 0.12916666666666668 0.040625 0.027777777777777776
1 0.31666666666666665 0.1423611111111111 0.0359375 0.029861111111111113
1 0.29739583333333336 0.1798611111111111 0.044270833333333336 0.03958333333333333
3 0.23125 0.16805555555555557 0.0421875 0.041666666666666664
1 0.1890625 0.19166666666666668 0.04583333333333333 0.035416666666666666
1 0.23541666666666666 0.6166666666666667 0.06770833333333333 0.09375