3 0.4401041666666667 0.19166666666666668 0.00625 0.01597222222222222
3 0.4322916666666667 0.18680555555555556 0.004166666666666667 0.0125
3 0.5078125 0.35208333333333336 0.013020833333333334 0.022222222222222223
3 0.48541666666666666 0.2465277777777778 0.011979166666666667 0.02638888888888889
3 0.4505208333333333 0.15347222222222223 0.0036458333333333334 0.008333333333333333
3 0.43645833333333334 0.17222222222222222 0.0026041666666666665 0.006944444444444444
3 0.4557291666666667 0.16875 0.004166666666666667 0.006944444444444444
3 0.4322916666666667 0.1673611111111111 0.005208333333333333 0.006944444444444444
3 0.43385416666666665 0.15694444444444444 0.0036458333333333334 0.006944444444444444
3 0.4317708333333333 0.13680555555555557 0.0020833333333333333 0.004861111111111111
1 0.4473958333333333 0.14722222222222223 0.0020833333333333333 0.0006944444444444445
1 0.4484375 0.1597222222222222 0.0020833333333333333 0.002777777777777778
1 0.4432291666666667 0.14652777777777778 0.0020833333333333333 0.002777777777777778
1 0.4348958333333333 0.14930555555555555 0.0026041666666666665 0.0020833333333333333
1 0.4322916666666667 0.14166666666666666 0.0036458333333333334 0.003472222222222222
1 0.4546875 0.2534722222222222 0.005208333333333333 0.008333333333333333
1 0.48489583333333336 0.3055555555555556 0.0078125 0.010416666666666666
1 0.4921875 0.39444444444444443 0.009895833333333333 0.013194444444444444
1 0.4125 0.18333333333333332 0.0036458333333333334 0.006944444444444444
1 0.45729166666666665 0.3875 0.009895833333333333 0.017361111111111112
1 0.4609375 0.46875 0.013541666666666667 0.027777777777777776
1 0.4427083333333333 0.4465277777777778 0.011979166666666667 0.025
1 0.5286458333333334 0.46597222222222223 0.0140625 0.022222222222222223
3 0.4166666666666667 0.4375 0.021354166666666667 0.06388888888888888
1 0.4609375 0.7472222222222222 0.01875 0.059722222222222225
1 0.5583333333333333 0.9659722222222222 0.03229166666666667 0.06666666666666667
1 0.5182291666666666 0.6763888888888889 0.019270833333333334 0.044444444444444446
2 0.8515625 0.7763888888888889 0.09739583333333333 0.07916666666666666