3 0.41458333333333336 0.8930555555555556 0.022395833333333334 0.0763888888888889
0 0.43385416666666665 0.09861111111111111 0.05364583333333333 0.059722222222222225
0 0.4947916666666667 0.05625 0.0640625 0.06736111111111111
1 0.5052083333333334 0.09722222222222222 0.027604166666666666 0.024305555555555556
1 0.5734375 0.08055555555555556 0.0171875 0.03194444444444444
1 0.6130208333333333 0.020833333333333332 0.013541666666666667 0.029166666666666667
1 0.5625 0.27847222222222223 0.016666666666666666 0.03680555555555556
1 0.6171875 0.4166666666666667 0.0171875 0.04722222222222222
1 0.5229166666666667 0.4409722222222222 0.0171875 0.044444444444444446
1 0.5020833333333333 0.4423611111111111 0.0171875 0.044444444444444446
1 0.5104166666666666 0.5527777777777778 0.019270833333333334 0.052083333333333336
1 0.553125 0.7256944444444444 0.019270833333333334 0.06319444444444444
1 0.43020833333333336 0.7958333333333333 0.022916666666666665 0.06319444444444444
1 0.490625 0.8326388888888889 0.022916666666666665 0.07083333333333333
3 0.4588541666666667 0.8798611111111111 0.020833333333333332 0.07222222222222222
3 0.45260416666666664 0.6861111111111111 0.022395833333333334 0.059722222222222225
2 0.4625 0.7534722222222222 0.029166666666666667 0.09652777777777778
3 0.48125 0.5527777777777778 0.020833333333333332 0.059722222222222225
0 0.5052083333333334 0.6638888888888889 0.022916666666666665 0.08611111111111111
2 0.5390625 0.34375 0.021354166666666667 0.0763888888888889
3 0.5755208333333334 0.18263888888888888 0.019791666666666666 0.05555555555555555
3 0.6041666666666666 0.1284722222222222 0.015104166666666667 0.035416666666666666
3 0.5802083333333333 0.12361111111111112 0.017708333333333333 0.03680555555555556
3 0.5994791666666667 0.0625 0.016666666666666666 0.03819444444444445
0 0.6338541666666667 0.024305555555555556 0.0265625 0.04791666666666667
1 0.6619791666666667 0.022222222222222223 0.0140625 0.03194444444444444
1 0.6807291666666667 0.019444444444444445 0.0140625 0.034027777777777775
1 0.7166666666666667 0.14930555555555555 0.028645833333333332 0.021527777777777778
1 0.7307291666666667 0.043055555555555555 0.011458333333333333 0.030555555555555555
2 0.7151041666666667 0.03125 0.0234375 0.0625
0 0.6973958333333333 0.021527777777777778 0.0171875 0.043055555555555555
1 0.9546875 0.28888888888888886 0.027604166666666666 0.034027777777777775
1 0.8833333333333333 0.34375 0.0359375 0.035416666666666666
2 0.8380208333333333 0.30972222222222223 0.04583333333333333 0.04583333333333333
2 0.8734375 0.30416666666666664 0.04635416666666667 0.04722222222222222
1 0.8333333333333334 0.2847222222222222 0.029166666666666667 0.024305555555555556
1 0.8369791666666667 0.2652777777777778 0.03229166666666667 0.035416666666666666