1 0.2875 0.8930555555555556 0.04635416666666667 0.050694444444444445
1 0.3921875 0.8055555555555556 0.0359375 0.04791666666666667
1 0.34739583333333335 0.7979166666666667 0.03802083333333333 0.049305555555555554
1 0.4354166666666667 0.6673611111111111 0.017708333333333333 0.04027777777777778
1 0.40260416666666665 0.5451388888888888 0.0171875 0.03194444444444444
1 0.42916666666666664 0.6069444444444444 0.016666666666666666 0.035416666666666666
1 0.3541666666666667 0.45069444444444445 0.013020833333333334 0.022916666666666665
3 0.3776041666666667 0.4652777777777778 0.017708333333333333 0.029166666666666667
1 0.46979166666666666 0.5090277777777777 0.015625 0.025694444444444443
1 0.4822916666666667 0.5125 0.017708333333333333 0.022916666666666665
1 0.5859375 0.4666666666666667 0.013020833333333334 0.021527777777777778
1 0.5666666666666667 0.3763888888888889 0.015625 0.01875
1 0.4713541666666667 0.2902777777777778 0.0140625 0.0125
1 0.4921875 0.28680555555555554 0.013020833333333334 0.015277777777777777
1 0.43697916666666664 0.28888888888888886 0.015625 0.013888888888888888
1 0.4515625 0.29444444444444445 0.0140625 0.0125
1 0.6130208333333333 0.43472222222222223 0.022916666666666665 0.016666666666666666
1 0.6119791666666666 0.4284722222222222 0.022916666666666665 0.01875
1 0.5786458333333333 0.48680555555555555 0.0140625 0.01875
1 0.5734375 0.3659722222222222 0.015104166666666667 0.024305555555555556
1 0.58125 0.36527777777777776 0.0140625 0.02013888888888889
1 0.5895833333333333 0.3611111111111111 0.013541666666666667 0.024305555555555556
1 0.5921875 0.3541666666666667 0.0140625 0.02013888888888889
1 0.5984375 0.34791666666666665 0.0140625 0.022916666666666665
1 0.5609375 0.3541666666666667 0.017708333333333333 0.022916666666666665
1 0.5697916666666667 0.3416666666666667 0.0171875 0.024305555555555556
1 0.5796875 0.33958333333333335 0.016666666666666666 0.021527777777777778
1 0.6005208333333333 0.3416666666666667 0.019270833333333334 0.01875
1 0.5723958333333333 0.32708333333333334 0.013541666666666667 0.0125
1 0.5791666666666667 0.32708333333333334 0.013541666666666667 0.01875
1 0.41875 0.32222222222222224 0.009375 0.02013888888888889
1 0.4265625 0.3215277777777778 0.009895833333333333 0.01875
1 0.4322916666666667 0.31875 0.011979166666666667 0.022916666666666665
1 0.4401041666666667 0.3173611111111111 0.013020833333333334 0.022916666666666665
1 0.446875 0.3173611111111111 0.0109375 0.015277777777777777
1 0.4552083333333333 0.31666666666666665 0.0109375 0.013888888888888888
1 0.46197916666666666 0.31666666666666665 0.0109375 0.016666666666666666
1 0.4708333333333333 0.3055555555555556 0.0140625 0.015277777777777777
1 0.4197916666666667 0.3111111111111111 0.011458333333333333 0.018055555555555554
1 0.4265625 0.3125 0.009375 0.01875
1 0.434375 0.30972222222222223 0.011458333333333333 0.018055555555555554
1 0.4484375 0.3104166666666667 0.011458333333333333 0.01875
1 0.4557291666666667 0.30694444444444446 0.009895833333333333 0.015277777777777777
1 0.48020833333333335 0.28402777777777777 0.011458333333333333 0.015277777777777777
2 0.4083333333333333 0.2916666666666667 0.034895833333333334 0.035416666666666666
2 0.4588541666666667 0.2791666666666667 0.022395833333333334 0.025694444444444443
2 0.5244791666666667 0.27361111111111114 0.06770833333333333 0.024305555555555556
0 0.5234375 0.275 0.03854166666666667 0.03194444444444444
0 0.40625 0.5034722222222222 0.015104166666666667 0.044444444444444446
1 0.8640625 0.20972222222222223 0.009375 0.0125
1 0.8848958333333333 0.23194444444444445 0.008333333333333333 0.013888888888888888
1 0.8984375 0.2465277777777778 0.009895833333333333 0.015277777777777777
1 0.9166666666666666 0.26944444444444443 0.009895833333333333 0.01875
1 0.9239583333333333 0.2590277777777778 0.0109375 0.015277777777777777
1 0.9041666666666667 0.3861111111111111 0.013020833333333334 0.021527777777777778
1 0.9255208333333333 0.2833333333333333 0.0109375 0.02013888888888889
1 0.9395833333333333 0.3111111111111111 0.0109375 0.022916666666666665
1 0.95 0.30069444444444443 0.011458333333333333 0.02013888888888889
1 0.95 0.34444444444444444 0.013020833333333334 0.01875
1 0.9239583333333333 0.36875 0.011979166666666667 0.021527777777777778
1 0.9609375 0.4486111111111111 0.0140625 0.021527777777777778
1 0.921875 0.48194444444444445 0.016666666666666666 0.025694444444444443
1 0.89375 0.5055555555555555 0.0171875 0.029166666666666667
1 0.9635416666666666 0.5923611111111111 0.019791666666666666 0.03819444444444445
1 0.7989583333333333 0.4625 0.020833333333333332 0.024305555555555556
1 0.8088541666666667 0.16875 0.009375 0.0125
1 0.7770833333333333 0.15138888888888888 0.009895833333333333 0.009027777777777777
1 0.725 0.14027777777777778 0.007291666666666667 0.009027777777777777
1 0.74375 0.1423611111111111 0.007291666666666667 0.010416666666666666
1 0.7614583333333333 0.15069444444444444 0.007291666666666667 0.010416666666666666
1 0.7697916666666667 0.14305555555555555 0.0078125 0.013888888888888888
3 0.8453125 0.1875 0.0109375 0.016666666666666666
2 0.9734375 0.3576388888888889 0.019270833333333334 0.043055555555555555
2 0.6984375 0.12708333333333333 0.015625 0.022916666666666665
0 0.9796875 0.40069444444444446 0.016666666666666666 0.035416666666666666
1 0.9677083333333333 0.7041666666666667 0.020833333333333332 0.05347222222222222
1 0.9619791666666667 0.8631944444444445 0.030208333333333334 0.07083333333333333
1 0.8895833333333333 0.9743055555555555 0.030729166666666665 0.04791666666666667
1 0.7072916666666667 0.18472222222222223 0.005729166666666666 0.011111111111111112
3 0.61875 0.4152777777777778 0.022916666666666665 0.022916666666666665
1 0.6317708333333333 0.4111111111111111 0.020833333333333332 0.027777777777777776