1 0.0921875 0.5541666666666667 0.05572916666666667 0.030555555555555555
1 0.3020833333333333 0.5395833333333333 0.05416666666666667 0.03125
1 0.7666666666666667 0.4840277777777778 0.05520833333333333 0.030555555555555555
1 0.8395833333333333 0.49027777777777776 0.05520833333333333 0.03263888888888889
1 0.921875 0.4895833333333333 0.059375 0.02847222222222222
1 0.46927083333333336 0.20347222222222222 0.024479166666666666 0.06388888888888888
1 0.4484375 0.7888888888888889 0.025520833333333333 0.07013888888888889
1 0.43802083333333336 0.8784722222222222 0.0234375 0.06736111111111111
1 0.5119791666666667 0.7215277777777778 0.025520833333333333 0.07361111111111111
1 0.5494791666666666 0.7847222222222222 0.022395833333333334 0.06875
2 0.5484375 0.9395833333333333 0.03229166666666667 0.12083333333333333
3 0.5041666666666667 0.5222222222222223 0.022395833333333334 0.059722222222222225