1 0.25729166666666664 0.53125 0.04479166666666667 0.030555555555555555
1 0.3140625 0.625 0.04479166666666667 0.034027777777777775
1 0.5270833333333333 0.78125 0.027083333333333334 0.08611111111111111
1 0.5520833333333334 0.9347222222222222 0.026041666666666668 0.10208333333333333
1 0.5994791666666667 0.9430555555555555 0.025 0.09722222222222222
1 0.6015625 0.8152777777777778 0.023958333333333335 0.0763888888888889
1 0.6911458333333333 0.9743055555555555 0.030729166666666665 0.05
1 0.7020833333333333 0.78125 0.023958333333333335 0.06944444444444445
1 0.5744791666666667 0.6805555555555556 0.022916666666666665 0.06527777777777778
1 0.5505208333333333 0.6208333333333333 0.021354166666666667 0.05555555555555555
1 0.6463541666666667 0.6048611111111111 0.01875 0.044444444444444446
1 0.5838541666666667 0.5277777777777778 0.018229166666666668 0.05
1 0.5609375 0.5048611111111111 0.016666666666666666 0.04513888888888889
1 0.6463541666666667 0.48125 0.016666666666666666 0.03611111111111111
1 0.5729166666666666 0.43333333333333335 0.017708333333333333 0.03888888888888889
1 0.5791666666666667 0.3506944444444444 0.013541666666666667 0.029861111111111113
1 0.6010416666666667 0.32569444444444445 0.011979166666666667 0.024305555555555556
1 0.6666666666666666 0.4409722222222222 0.016666666666666666 0.03680555555555556
1 0.5921875 0.24791666666666667 0.010416666666666666 0.022916666666666665
1 0.6182291666666667 0.22291666666666668 0.008854166666666666 0.019444444444444445
1 0.940625 0.7083333333333334 0.06145833333333333 0.04722222222222222
1 0.6510416666666666 0.23541666666666666 0.0109375 0.022222222222222223
1 0.6510416666666666 0.1951388888888889 0.009375 0.016666666666666666
3 0.6380208333333334 0.19791666666666666 0.009375 0.025694444444444443
3 0.6458333333333334 0.125 0.0078125 0.013194444444444444
3 0.6421875 0.09861111111111111 0.007291666666666667 0.014583333333333334
1 0.6359375 0.06527777777777778 0.0036458333333333334 0.011111111111111112
1 0.6427083333333333 0.04722222222222222 0.005729166666666666 0.013194444444444444
1 0.6130208333333333 0.035416666666666666 0.0046875 0.013194444444444444
0 0.5994791666666667 0.01875 0.0125 0.022916666666666665
3 0.7557291666666667 0.2847222222222222 0.019270833333333334 0.024305555555555556
3 0.746875 0.2548611111111111 0.027604166666666666 0.022916666666666665
3 0.7390625 0.23333333333333334 0.019791666666666666 0.019444444444444445
3 0.7375 0.22291666666666668 0.0234375 0.01597222222222222
1 0.7234375 0.1798611111111111 0.018229166666666668 0.013194444444444444
3 0.71875 0.1625 0.015104166666666667 0.011805555555555555
3 0.7244791666666667 0.14930555555555555 0.015104166666666667 0.014583333333333334
3 0.7166666666666667 0.14722222222222223 0.013020833333333334 0.011805555555555555
3 0.684375 0.075 0.005729166666666666 0.013194444444444444
3 0.6963541666666667 0.07083333333333333 0.0125 0.009027777777777777
3 0.7041666666666667 0.20416666666666666 0.009375 0.01875
3 0.7265625 0.10833333333333334 0.016145833333333335 0.011111111111111112
3 0.7119791666666667 0.12083333333333333 0.017708333333333333 0.013888888888888888
1 0.696875 0.1361111111111111 0.007291666666666667 0.014583333333333334