1 0.36302083333333335 0.48333333333333334 0.0234375 0.08888888888888889
1 0.39375 0.4847222222222222 0.020833333333333332 0.08888888888888889
1 0.43072916666666666 0.4847222222222222 0.025520833333333333 0.09652777777777778
1 0.4640625 0.4666666666666667 0.0234375 0.08263888888888889
1 0.49947916666666664 0.47638888888888886 0.021354166666666667 0.075
1 0.5296875 0.47152777777777777 0.027604166666666666 0.09027777777777778
1 0.5640625 0.4638888888888889 0.025520833333333333 0.09236111111111112
1 0.5984375 0.4666666666666667 0.03333333333333333 0.09930555555555555
1 0.6359375 0.4666666666666667 0.034375 0.09791666666666667
1 0.7979166666666667 0.46319444444444446 0.024479166666666666 0.09375
1 0.8302083333333333 0.45625 0.027083333333333334 0.0875
1 0.8348958333333333 0.6972222222222222 0.050520833333333334 0.08472222222222223
1 0.8802083333333334 0.66875 0.0515625 0.08402777777777778
1 0.80625 0.7541666666666667 0.05 0.08263888888888889
1 0.784375 0.79375 0.04739583333333333 0.0798611111111111
1 0.70625 0.6534722222222222 0.052083333333333336 0.04027777777777778
3 0.96875 0.65 0.049479166666666664 0.03819444444444445
3 0.9609375 0.42569444444444443 0.03802083333333333 0.07222222222222222
3 0.9854166666666667 0.43819444444444444 0.029166666666666667 0.0875
2 0.8890625 0.4083333333333333 0.0859375 0.05486111111111111
1 0.15625 0.4756944444444444 0.05625 0.043055555555555555
1 0.08802083333333334 0.4847222222222222 0.05572916666666667 0.04027777777777778
1 0.23645833333333333 0.37916666666666665 0.025520833333333333 0.10138888888888889
1 0.20885416666666667 0.38333333333333336 0.025 0.09930555555555555
1 0.17760416666666667 0.3736111111111111 0.025 0.09236111111111112
1 0.15052083333333333 0.38680555555555557 0.025520833333333333 0.09930555555555555
1 0.1234375 0.39444444444444443 0.0265625 0.10416666666666667
1 0.0890625 0.39375 0.0265625 0.11041666666666666
1 0.0578125 0.4048611111111111 0.030208333333333334 0.09375
1 0.029166666666666667 0.4027777777777778 0.025 0.0798611111111111
1 0.21979166666666666 0.1909722222222222 0.049479166666666664 0.049305555555555554
1 0.44583333333333336 0.24097222222222223 0.052083333333333336 0.043055555555555555
1 0.5473958333333333 0.3194444444444444 0.05260416666666667 0.03680555555555556
1 0.4817708333333333 0.15069444444444444 0.052083333333333336 0.04583333333333333
1 0.3390625 0.07361111111111111 0.025520833333333333 0.07847222222222222
1 0.1640625 0.10694444444444444 0.029166666666666667 0.08125
1 0.13229166666666667 0.11041666666666666 0.027604166666666666 0.10138888888888889
1 0.10520833333333333 0.12291666666666666 0.029166666666666667 0.10694444444444444
1 0.06927083333333334 0.12222222222222222 0.0328125 0.1
1 0.03229166666666667 0.14027777777777778 0.03697916666666667 0.09791666666666667
1 0.0078125 0.4083333333333333 0.015625 0.1
1 0.0203125 0.7027777777777777 0.0390625 0.05555555555555555