1 0.321875 0.024305555555555556 0.015104166666666667 0.03125
1 0.3026041666666667 0.06944444444444445 0.022395833333333334 0.020833333333333332
3 0.35260416666666666 0.09791666666666667 0.011979166666666667 0.025
1 0.3328125 0.016666666666666666 0.015625 0.03125
1 0.34479166666666666 0.013194444444444444 0.0140625 0.02638888888888889
1 0.3567708333333333 0.008333333333333333 0.009375 0.016666666666666666
1 0.40260416666666665 0.06319444444444444 0.0109375 0.029861111111111113
1 0.434375 0.14305555555555555 0.009895833333333333 0.035416666666666666
2 0.3880208333333333 0.10694444444444444 0.013541666666666667 0.04652777777777778
1 0.4401041666666667 0.2638888888888889 0.0109375 0.030555555555555555
1 0.4708333333333333 0.8673611111111111 0.011458333333333333 0.030555555555555555
1 0.48489583333333336 0.8555555555555555 0.009895833333333333 0.030555555555555555
2 0.4828125 0.9666666666666667 0.013020833333333334 0.06666666666666667
2 0.5697916666666667 0.9270833333333334 0.011458333333333333 0.03680555555555556
1 0.5614583333333333 0.6069444444444444 0.011458333333333333 0.03125
1 0.8098958333333334 0.6277777777777778 0.0109375 0.030555555555555555
3 0.7927083333333333 0.5159722222222223 0.020833333333333332 0.0125
3 0.9286458333333333 0.06597222222222222 0.013020833333333334 0.02638888888888889
1 0.9385416666666667 0.07152777777777777 0.011458333333333333 0.02638888888888889
3 0.95 0.075 0.013020833333333334 0.025
2 0.7979166666666667 0.44583333333333336 0.042708333333333334 0.020833333333333332
2 0.7177083333333333 0.08125 0.036458333333333336 0.09166666666666666
2 0.8208333333333333 0.050694444444444445 0.022395833333333334 0.07777777777777778
2 0.7744791666666667 0.36875 0.0640625 0.035416666666666666
1 0.9916666666666667 0.2326388888888889 0.016666666666666666 0.02013888888888889
2 0.4322916666666667 0.025694444444444443 0.015625 0.04375
2 0.4296875 0.07777777777777778 0.011979166666666667 0.04791666666666667