1 0.36666666666666664 0.049305555555555554 0.0359375 0.0798611111111111
1 0.371875 0.1375 0.036458333333333336 0.09027777777777778
1 0.3765625 0.2388888888888889 0.04375 0.10486111111111111
1 0.38958333333333334 0.36319444444444443 0.04791666666666667 0.13125
1 0.3859375 0.5083333333333333 0.049479166666666664 0.13055555555555556
3 0.39427083333333335 0.6701388888888888 0.09427083333333333 0.18125
1 0.3927083333333333 0.8631944444444445 0.05364583333333333 0.18263888888888888
1 0.5588541666666667 0.06458333333333334 0.04791666666666667 0.08194444444444444
1 0.5916666666666667 0.1951388888888889 0.04791666666666667 0.08958333333333333
1 0.6119791666666666 0.2902777777777778 0.04791666666666667 0.08680555555555555
1 0.6276041666666666 0.4027777777777778 0.05416666666666667 0.11041666666666666
1 0.6583333333333333 0.5722222222222222 0.05416666666666667 0.1284722222222222
1 0.6848958333333334 0.7444444444444445 0.059895833333333336 0.14583333333333334