1 0.20416666666666666 0.07291666666666667 0.005729166666666666 0.006944444444444444
1 0.2630208333333333 0.14027777777777778 0.007291666666666667 0.008333333333333333
1 0.2635416666666667 0.11458333333333333 0.009895833333333333 0.008333333333333333
1 0.25 0.07083333333333333 0.007291666666666667 0.008333333333333333
1 0.2609375 0.08611111111111111 0.005208333333333333 0.006944444444444444
1 0.153125 0.3840277777777778 0.030729166666666665 0.01875
1 0.15520833333333334 0.3993055555555556 0.03229166666666667 0.017361111111111112
1 0.2604166666666667 0.40069444444444446 0.020833333333333332 0.029861111111111113
1 0.25364583333333335 0.36736111111111114 0.0171875 0.030555555555555555
1 0.18333333333333332 0.34444444444444444 0.040625 0.020833333333333332
1 0.17760416666666667 0.3229166666666667 0.03229166666666667 0.020833333333333332
1 0.17760416666666667 0.31319444444444444 0.0328125 0.01875
1 0.26458333333333334 0.09166666666666666 0.0036458333333333334 0.006944444444444444
1 0.2677083333333333 0.09652777777777778 0.0036458333333333334 0.005555555555555556
1 0.2708333333333333 0.10208333333333333 0.005729166666666666 0.006944444444444444
1 0.27447916666666666 0.10833333333333334 0.0036458333333333334 0.004861111111111111
1 0.278125 0.11388888888888889 0.005208333333333333 0.006944444444444444
1 0.2864583333333333 0.11875 0.008333333333333333 0.007638888888888889
1 0.29583333333333334 0.1326388888888889 0.009375 0.008333333333333333
1 0.3104166666666667 0.15625 0.009375 0.009722222222222222
1 0.3151041666666667 0.16180555555555556 0.005208333333333333 0.007638888888888889
1 0.3223958333333333 0.1736111111111111 0.009895833333333333 0.009722222222222222
1 0.32708333333333334 0.1798611111111111 0.008333333333333333 0.009722222222222222
1 0.33177083333333335 0.18680555555555556 0.0078125 0.009722222222222222
1 0.3609375 0.22430555555555556 0.013020833333333334 0.01597222222222222
1 0.32447916666666665 0.31527777777777777 0.019270833333333334 0.02638888888888889
1 0.3703125 0.3236111111111111 0.017708333333333333 0.02013888888888889
1 0.35104166666666664 0.3902777777777778 0.020833333333333332 0.029861111111111113
1 0.3640625 0.4152777777777778 0.017708333333333333 0.02638888888888889
1 0.375 0.3861111111111111 0.021354166666666667 0.027777777777777776
1 0.37552083333333336 0.44166666666666665 0.0234375 0.034027777777777775
1 0.38229166666666664 0.21875 0.019270833333333334 0.011111111111111112
1 0.4140625 0.29930555555555555 0.019791666666666666 0.020833333333333332
1 0.42552083333333335 0.31666666666666665 0.017708333333333333 0.018055555555555554
3 0.4630208333333333 0.3659722222222222 0.019791666666666666 0.02361111111111111
3 0.45208333333333334 0.4736111111111111 0.027083333333333334 0.03333333333333333
1 0.39010416666666664 0.4756944444444444 0.025 0.03888888888888889
1 0.4119791666666667 0.5270833333333333 0.030208333333333334 0.044444444444444446
1 0.434375 0.5736111111111111 0.0328125 0.050694444444444445
1 0.4588541666666667 0.6291666666666667 0.036458333333333336 0.05416666666666667
1 0.5369791666666667 0.8048611111111111 0.049479166666666664 0.08194444444444444
1 0.4869791666666667 0.7020833333333333 0.04375 0.06944444444444445
1 0.5651041666666666 0.7638888888888888 0.04635416666666667 0.06666666666666667