1 0.7036458333333333 0.95625 0.0484375 0.08472222222222223
1 0.6369791666666667 0.9701388888888889 0.0421875 0.05694444444444444
1 0.50625 0.8201388888888889 0.04635416666666667 0.08125
1 0.521875 0.68125 0.0265625 0.05347222222222222
1 0.5364583333333334 0.6222222222222222 0.03854166666666667 0.052083333333333336
1 0.5807291666666666 0.6069444444444444 0.022916666666666665 0.058333333333333334
1 0.5885416666666666 0.5020833333333333 0.024479166666666666 0.04722222222222222
1 0.521875 0.4875 0.017708333333333333 0.035416666666666666
1 0.49375 0.7520833333333333 0.029166666666666667 0.07013888888888889
3 0.4921875 0.6881944444444444 0.025520833333333333 0.07013888888888889
3 0.4890625 0.6381944444444444 0.022916666666666665 0.050694444444444445
1 0.4822916666666667 0.5597222222222222 0.022395833333333334 0.04583333333333333
3 0.5104166666666666 0.5805555555555556 0.025 0.0625
1 0.4875 0.4736111111111111 0.015104166666666667 0.030555555555555555
1 0.484375 0.44375 0.0140625 0.029166666666666667
1 0.48072916666666665 0.4152777777777778 0.013020833333333334 0.027777777777777776
1 0.5234375 0.3597222222222222 0.0171875 0.024305555555555556
1 0.5572916666666666 0.36319444444444443 0.013541666666666667 0.03333333333333333
1 0.5734375 0.43472222222222223 0.015625 0.034027777777777775
1 0.5890625 0.35 0.019791666666666666 0.02013888888888889
1 0.5380208333333333 0.27847222222222223 0.011458333333333333 0.021527777777777778
2 0.6401041666666667 0.6895833333333333 0.04739583333333333 0.13333333333333333
2 0.5234375 0.43125 0.020833333333333332 0.05555555555555555
2 0.540625 0.3715277777777778 0.0171875 0.050694444444444445
2 0.5677083333333334 0.39791666666666664 0.022395833333333334 0.059722222222222225
2 0.5890625 0.36527777777777776 0.03333333333333333 0.04027777777777778
0 0.5166666666666667 0.3923611111111111 0.022395833333333334 0.058333333333333334
2 0.5302083333333333 0.2388888888888889 0.013541666666666667 0.03819444444444445
1 0.18072916666666666 0.5256944444444445 0.05416666666666667 0.07222222222222222
1 0.1953125 0.4166666666666667 0.0390625 0.05486111111111111
1 0.022395833333333334 0.40208333333333335 0.04479166666666667 0.03819444444444445
1 0.1609375 0.34930555555555554 0.03697916666666667 0.035416666666666666
1 0.23489583333333333 0.2763888888888889 0.0234375 0.030555555555555555
2 0.140625 0.31805555555555554 0.059895833333333336 0.075
2 0.22083333333333333 0.25833333333333336 0.041666666666666664 0.05486111111111111
3 0.2604166666666667 0.2951388888888889 0.0265625 0.041666666666666664
1 0.284375 0.3111111111111111 0.022916666666666665 0.030555555555555555
1 0.32083333333333336 0.2652777777777778 0.01875 0.027777777777777776
1 0.3265625 0.22708333333333333 0.016666666666666666 0.02013888888888889
1 0.3411458333333333 0.20625 0.015104166666666667 0.024305555555555556
1 0.35989583333333336 0.18611111111111112 0.0109375 0.01875
1 0.3734375 0.19305555555555556 0.011458333333333333 0.018055555555555554
1 0.3453125 0.17430555555555555 0.0109375 0.013888888888888888
1 0.35052083333333334 0.15486111111111112 0.009375 0.015277777777777777
1 0.35104166666666664 0.14305555555555555 0.0078125 0.011111111111111112
1 0.37552083333333336 0.16666666666666666 0.0109375 0.016666666666666666
1 0.3927083333333333 0.16666666666666666 0.0078125 0.013888888888888888
2 0.403125 0.16527777777777777 0.015104166666666667 0.03819444444444445
2 0.35885416666666664 0.1284722222222222 0.009375 0.02013888888888889
1 0.37083333333333335 0.1451388888888889 0.0078125 0.011111111111111112
1 0.38697916666666665 0.15 0.007291666666666667 0.0125
1 0.4119791666666667 0.1486111111111111 0.00625 0.015277777777777777
1 0.37916666666666665 0.13125 0.00625 0.011111111111111112
1 0.36666666666666664 0.12222222222222222 0.005729166666666666 0.011111111111111112
2 0.37552083333333336 0.11388888888888889 0.00625 0.016666666666666666
2 0.37135416666666665 0.10069444444444445 0.005729166666666666 0.013888888888888888
2 0.396875 0.1527777777777778 0.0078125 0.01875
1 0.40625 0.13125 0.005208333333333333 0.011111111111111112
1 0.4140625 0.11736111111111111 0.004166666666666667 0.011111111111111112
2 0.40625 0.11944444444444445 0.008333333333333333 0.02013888888888889
0 0.3453125 0.2611111111111111 0.0234375 0.044444444444444446