1 0.46770833333333334 0.4965277777777778 0.019791666666666666 0.05347222222222222
1 0.46145833333333336 0.36180555555555555 0.0171875 0.043055555555555555
1 0.4895833333333333 0.3236111111111111 0.015104166666666667 0.03819444444444445
1 0.5052083333333334 0.2076388888888889 0.013020833333333334 0.034027777777777775
1 0.5598958333333334 0.16458333333333333 0.0140625 0.03958333333333333
3 0.41770833333333335 0.8770833333333333 0.0265625 0.07361111111111111
1 0.48125 0.2222222222222222 0.0140625 0.03819444444444445
1 0.5385416666666667 0.09375 0.0140625 0.027777777777777776
1 0.5098958333333333 0.030555555555555555 0.0109375 0.030555555555555555
1 0.5291666666666667 0.013194444444444444 0.013020833333333334 0.02638888888888889
1 0.5755208333333334 0.05486111111111111 0.011458333333333333 0.03680555555555556
0 0.58125 0.8777777777777778 0.036458333333333336 0.2423611111111111