1 0.9302083333333333 0.2701388888888889 0.1390625 0.12083333333333333
2 0.6817708333333333 0.02847222222222222 0.0421875 0.05138888888888889
2 0.659375 0.06527777777777778 0.0171875 0.02013888888888889
1 0.6447916666666667 0.08263888888888889 0.011979166666666667 0.014583333333333334
3 0.65625 0.0798611111111111 0.0140625 0.02013888888888889
1 0.6302083333333334 0.1111111111111111 0.013020833333333334 0.018055555555555554
1 0.6703125 0.10416666666666667 0.022395833333333334 0.027777777777777776
2 0.5833333333333334 0.20069444444444445 0.07239583333333334 0.10277777777777777
1 0.5848958333333333 0.23402777777777778 0.024479166666666666 0.02847222222222222
2 0.5729166666666666 0.18472222222222223 0.015625 0.022916666666666665
3 0.5385416666666667 0.22361111111111112 0.0140625 0.014583333333333334
1 0.5427083333333333 0.22361111111111112 0.011979166666666667 0.015277777777777777
1 0.5359375 0.24305555555555555 0.016666666666666666 0.02013888888888889
1 0.5130208333333334 0.25972222222222224 0.008333333333333333 0.011111111111111112
1 0.503125 0.2798611111111111 0.015104166666666667 0.022222222222222223
1 0.4921875 0.2777777777777778 0.013020833333333334 0.01875
3 0.5348958333333333 0.28125 0.019791666666666666 0.03125
1 0.5291666666666667 0.2875 0.019791666666666666 0.02638888888888889
1 0.5317708333333333 0.30277777777777776 0.027604166666666666 0.030555555555555555
1 0.5255208333333333 0.3215277777777778 0.0265625 0.03125
1 0.5119791666666667 0.31875 0.020833333333333332 0.027777777777777776
1 0.4828125 0.29097222222222224 0.011458333333333333 0.006944444444444444
2 0.4765625 0.31666666666666665 0.029166666666666667 0.03125
2 0.44427083333333334 0.34791666666666665 0.024479166666666666 0.02847222222222222
2 0.43802083333333336 0.3375 0.029166666666666667 0.035416666666666666
1 0.49270833333333336 0.35208333333333336 0.0234375 0.029861111111111113
1 0.4822916666666667 0.36041666666666666 0.022916666666666665 0.029861111111111113
2 0.47239583333333335 0.35694444444444445 0.03229166666666667 0.049305555555555554
1 0.4625 0.39444444444444443 0.0234375 0.03333333333333333
1 0.45364583333333336 0.39791666666666664 0.022916666666666665 0.030555555555555555
2 0.4427083333333333 0.40347222222222223 0.025 0.03611111111111111
2 0.4036458333333333 0.38055555555555554 0.044270833333333336 0.059722222222222225
1 0.43854166666666666 0.42986111111111114 0.024479166666666666 0.03125
1 0.425 0.43819444444444444 0.024479166666666666 0.03611111111111111
3 0.4171875 0.44375 0.022916666666666665 0.03263888888888889
1 0.4322916666666667 0.45416666666666666 0.030208333333333334 0.03819444444444445
1 0.43697916666666664 0.5368055555555555 0.0359375 0.03680555555555556
1 0.4265625 0.5701388888888889 0.03802083333333333 0.04097222222222222
1 0.35885416666666664 0.54375 0.030729166666666665 0.03819444444444445
1 0.32864583333333336 0.5958333333333333 0.0328125 0.04097222222222222
1 0.29375 0.625 0.030729166666666665 0.03819444444444445
2 0.32760416666666664 0.6791666666666667 0.0578125 0.06458333333333334
1 0.275 0.7118055555555556 0.03125 0.04097222222222222
1 0.24427083333333333 0.6763888888888889 0.024479166666666666 0.027777777777777776
1 0.22708333333333333 0.7104166666666667 0.025520833333333333 0.030555555555555555
1 0.2 0.7173611111111111 0.015625 0.01875
1 0.18177083333333333 0.74375 0.016666666666666666 0.020833333333333332
1 0.15572916666666667 0.7722222222222223 0.01875 0.020833333333333332
1 0.14322916666666666 0.7944444444444444 0.016666666666666666 0.018055555555555554
1 0.1234375 0.8215277777777777 0.017708333333333333 0.022222222222222223
1 0.175 0.8104166666666667 0.034375 0.04583333333333333
1 0.17916666666666667 0.7263888888888889 0.015104166666666667 0.015277777777777777
1 0.16458333333333333 0.7479166666666667 0.015104166666666667 0.018055555555555554
1 0.153125 0.7465277777777778 0.013541666666666667 0.015277777777777777
1 0.13854166666666667 0.7645833333333333 0.0140625 0.01597222222222222
1 0.13333333333333333 0.75 0.0109375 0.0125
1 0.13385416666666666 0.79375 0.011979166666666667 0.018055555555555554
1 0.12552083333333333 0.7902777777777777 0.011458333333333333 0.017361111111111112
3 0.08229166666666667 0.8305555555555556 0.0171875 0.01875
1 0.08229166666666667 0.9354166666666667 0.041666666666666664 0.059722222222222225
1 0.027083333333333334 0.9555555555555556 0.027083333333333334 0.043055555555555555
1 0.05520833333333333 0.9034722222222222 0.019791666666666666 0.03333333333333333
1 0.06875 0.86875 0.0140625 0.020833333333333332
1 0.06875 0.8534722222222222 0.011458333333333333 0.013194444444444444
1 0.15833333333333333 0.6868055555555556 0.007291666666666667 0.008333333333333333
1 0.1515625 0.6875 0.005208333333333333 0.005555555555555556
1 0.13333333333333333 0.70625 0.005208333333333333 0.004861111111111111
1 0.10729166666666666 0.725 0.005208333333333333 0.005555555555555556