1 0.7109375 0.6402777777777777 0.027083333333333334 0.03194444444444444
1 0.6802083333333333 0.6180555555555556 0.0265625 0.027777777777777776
2 0.7755208333333333 0.5395833333333333 0.06145833333333333 0.06111111111111111
2 0.7489583333333333 0.5243055555555556 0.04635416666666667 0.04027777777777778
2 0.6776041666666667 0.5395833333333333 0.057291666666666664 0.04791666666666667
1 0.6390625 0.5201388888888889 0.019270833333333334 0.03819444444444445
2 0.6223958333333334 0.5055555555555555 0.03125 0.06458333333333334
2 0.6072916666666667 0.4986111111111111 0.0328125 0.05347222222222222
2 0.5869791666666667 0.4951388888888889 0.0390625 0.06875
1 0.5630208333333333 0.5041666666666667 0.019791666666666666 0.021527777777777778
1 0.5390625 0.5236111111111111 0.025 0.021527777777777778
1 0.5453125 0.5041666666666667 0.020833333333333332 0.021527777777777778
2 0.5359375 0.48819444444444443 0.04479166666666667 0.0625
2 0.5838541666666667 0.575 0.059375 0.04583333333333333
1 0.5369791666666667 0.5638888888888889 0.022916666666666665 0.021527777777777778
2 0.4557291666666667 0.5611111111111111 0.0515625 0.03819444444444445
3 0.5015625 0.4979166666666667 0.0234375 0.021527777777777778
1 0.4901041666666667 0.5152777777777777 0.024479166666666666 0.02013888888888889
1 0.48125 0.49166666666666664 0.020833333333333332 0.029166666666666667
1 0.43697916666666664 0.49375 0.017708333333333333 0.03333333333333333
1 0.42239583333333336 0.4895833333333333 0.01875 0.027777777777777776
1 0.4161458333333333 0.47847222222222224 0.020833333333333332 0.035416666666666666
2 0.39479166666666665 0.4777777777777778 0.042708333333333334 0.07708333333333334
2 0.3770833333333333 0.47708333333333336 0.041666666666666664 0.07847222222222222
2 0.3416666666666667 0.4888888888888889 0.020833333333333332 0.052083333333333336
1 0.31666666666666665 0.5152777777777777 0.020833333333333332 0.018055555555555554
1 0.3015625 0.50625 0.015625 0.030555555555555555
3 0.2916666666666667 0.5006944444444444 0.015104166666666667 0.03680555555555556
3 0.28072916666666664 0.5020833333333333 0.0140625 0.034027777777777775
1 0.26875 0.5083333333333333 0.017708333333333333 0.03194444444444444
2 0.32135416666666666 0.46458333333333335 0.022916666666666665 0.04583333333333333
2 0.30833333333333335 0.4701388888888889 0.022395833333333334 0.049305555555555554
1 0.29739583333333336 0.4722222222222222 0.011979166666666667 0.030555555555555555
3 0.28802083333333334 0.4722222222222222 0.0140625 0.030555555555555555
2 0.2765625 0.4666666666666667 0.019791666666666666 0.03819444444444445
1 0.2557291666666667 0.47638888888888886 0.013020833333333334 0.029166666666666667
1 0.24322916666666666 0.5048611111111111 0.016666666666666666 0.030555555555555555
2 0.19583333333333333 0.5166666666666667 0.05520833333333333 0.043055555555555555
1 0.19791666666666666 0.47430555555555554 0.024479166666666666 0.01875
1 0.14427083333333332 0.48055555555555557 0.025520833333333333 0.021527777777777778
3 0.13020833333333334 0.46944444444444444 0.027083333333333334 0.022916666666666665
3 0.24375 0.4548611111111111 0.025520833333333333 0.024305555555555556
1 0.21666666666666667 0.41597222222222224 0.021354166666666667 0.02013888888888889
2 0.2140625 0.40347222222222223 0.03229166666666667 0.030555555555555555
2 0.12864583333333332 0.41875 0.0515625 0.022916666666666665
2 0.13125 0.40208333333333335 0.052083333333333336 0.03333333333333333
2 0.13489583333333333 0.38958333333333334 0.0515625 0.03333333333333333
0 0.14114583333333333 0.37569444444444444 0.03333333333333333 0.025694444444444443
2 0.17708333333333334 0.37083333333333335 0.021354166666666667 0.050694444444444445
2 0.14739583333333334 0.3611111111111111 0.04739583333333333 0.03680555555555556
2 0.15625 0.34930555555555554 0.030208333333333334 0.025694444444444443
2 0.15729166666666666 0.33819444444444446 0.04583333333333333 0.03194444444444444
2 0.159375 0.32708333333333334 0.044270833333333336 0.02638888888888889
1 0.22395833333333334 0.3763888888888889 0.017708333333333333 0.01875
0 0.225 0.3590277777777778 0.027083333333333334 0.022916666666666665
1 0.23020833333333332 0.35138888888888886 0.01875 0.015277777777777777
1 0.23072916666666668 0.3451388888888889 0.0171875 0.015277777777777777
1 0.23489583333333333 0.33611111111111114 0.015104166666666667 0.015277777777777777
0 0.23229166666666667 0.32430555555555557 0.021354166666666667 0.01875
1 0.09375 0.3229166666666667 0.013541666666666667 0.01875
3 0.22291666666666668 0.2902777777777778 0.0140625 0.02013888888888889
1 0.209375 0.2833333333333333 0.0140625 0.018055555555555554
1 0.1890625 0.24513888888888888 0.009375 0.018055555555555554
1 0.19635416666666666 0.22430555555555556 0.008333333333333333 0.016666666666666666
1 0.19947916666666668 0.19930555555555557 0.015625 0.0125
1 0.2015625 0.19305555555555556 0.015104166666666667 0.0125
3 0.215625 0.17708333333333334 0.015625 0.016666666666666666
1 0.2234375 0.16805555555555557 0.013020833333333334 0.013888888888888888
1 0.22864583333333333 0.16319444444444445 0.013020833333333334 0.013888888888888888
3 0.23645833333333333 0.15069444444444444 0.0140625 0.015277777777777777
1 0.22760416666666666 0.19930555555555557 0.0140625 0.015277777777777777
1 0.00625 0.27708333333333335 0.0125 0.02361111111111111
3 0.030208333333333334 0.25763888888888886 0.015625 0.025694444444444443
1 0.15052083333333333 0.034027777777777775 0.007291666666666667 0.010416666666666666
1 0.103125 0.009722222222222222 0.00625 0.013888888888888888
1 0.21510416666666668 0.009027777777777777 0.005729166666666666 0.0125
1 0.2828125 0.10694444444444444 0.008333333333333333 0.013888888888888888
1 0.2833333333333333 0.13125 0.013020833333333334 0.011111111111111112
1 0.28802083333333334 0.12291666666666666 0.011458333333333333 0.010416666666666666
1 0.2890625 0.11736111111111111 0.011979166666666667 0.011111111111111112
2 0.3651041666666667 0.4097222222222222 0.04635416666666667 0.035416666666666666
1 0.3177083333333333 0.40208333333333335 0.013541666666666667 0.027777777777777776
1 0.3328125 0.3888888888888889 0.011458333333333333 0.021527777777777778
1 0.005729166666666666 0.6701388888888888 0.011458333333333333 0.035416666666666666