1 0.0890625 0.7729166666666667 0.16822916666666668 0.1909722222222222
1 0.3614583333333333 0.6652777777777777 0.134375 0.15625
1 0.4276041666666667 0.4041666666666667 0.10520833333333333 0.13472222222222222
1 0.48333333333333334 0.5409722222222222 0.11510416666666666 0.12986111111111112
1 0.41510416666666666 0.5902777777777778 0.12395833333333334 0.14375
1 0.2953125 0.7472222222222222 0.1328125 0.18888888888888888
1 0.5348958333333333 0.48125 0.1171875 0.14027777777777778
1 0.5651041666666666 0.41805555555555557 0.11458333333333333 0.12430555555555556
3 0.14947916666666666 0.9243055555555556 0.13177083333333334 0.14722222222222223
3 0.2375 0.8666666666666667 0.14739583333333334 0.23680555555555555
1 0.3536458333333333 0.20833333333333334 0.075 0.0875
1 0.9630208333333333 0.2763888888888889 0.06666666666666667 0.08958333333333333