3 0.24791666666666667 0.4965277777777778 0.059895833333333336 0.09722222222222222
3 0.4083333333333333 0.40208333333333335 0.06770833333333333 0.075
3 0.5734375 0.21875 0.049479166666666664 0.06388888888888888
1 0.5911458333333334 0.3416666666666667 0.049479166666666664 0.07708333333333334
1 0.48541666666666666 0.22708333333333333 0.0578125 0.07361111111111111
1 0.7401041666666667 0.025 0.042708333333333334 0.05
1 0.8598958333333333 0.73125 0.10625 0.10833333333333334
1 0.9036458333333334 0.6020833333333333 0.08697916666666666 0.09930555555555555
1 0.95 0.525 0.09427083333333333 0.09930555555555555
1 0.9817708333333334 0.7145833333333333 0.036458333333333336 0.06458333333333334
1 0.965625 0.4840277777777778 0.06875 0.09236111111111112
1 0.975 0.43819444444444444 0.05 0.0798611111111111
3 0.40520833333333334 0.049305555555555554 0.12916666666666668 0.09791666666666667
1 0.775 0.06319444444444444 0.042708333333333334 0.05138888888888889