1 0.059895833333333336 0.8020833333333334 0.11927083333333334 0.11319444444444444
1 0.23177083333333334 0.6680555555555555 0.17916666666666667 0.10972222222222222
3 0.13802083333333334 0.5909722222222222 0.13854166666666667 0.11319444444444444
1 0.17864583333333334 0.3888888888888889 0.04739583333333333 0.03819444444444445
1 0.1140625 0.3645833333333333 0.04739583333333333 0.02847222222222222
1 0.515625 0.36319444444444443 0.008333333333333333 0.030555555555555555
1 0.5541666666666667 0.36041666666666666 0.009895833333333333 0.03125
0 0.6583333333333333 0.3784722222222222 0.15572916666666667 0.08680555555555555
1 0.715625 0.4027777777777778 0.06302083333333333 0.04791666666666667
1 0.78125 0.41458333333333336 0.06875 0.044444444444444446
1 0.8078125 0.37916666666666665 0.057291666666666664 0.03611111111111111
1 0.7916666666666666 0.36666666666666664 0.05572916666666667 0.04027777777777778
1 0.8546875 0.38819444444444445 0.06354166666666666 0.03888888888888889
3 0.8526041666666667 0.34444444444444444 0.0578125 0.03819444444444445
1 0.875 0.3638888888888889 0.05260416666666667 0.034027777777777775
1 0.9197916666666667 0.3729166666666667 0.058333333333333334 0.03888888888888889
1 0.9208333333333333 0.3298611111111111 0.04791666666666667 0.03333333333333333
1 0.9223958333333333 0.34930555555555554 0.05 0.03263888888888889
1 0.9645833333333333 0.3548611111111111 0.04791666666666667 0.03333333333333333
1 0.9630208333333333 0.3333333333333333 0.044270833333333336 0.02847222222222222
1 0.9619791666666667 0.31875 0.028645833333333332 0.022916666666666665
1 0.9776041666666667 0.325 0.0265625 0.02638888888888889
3 0.21510416666666668 0.3541666666666667 0.030729166666666665 0.049305555555555554
2 0.915625 0.2826388888888889 0.06302083333333333 0.043055555555555555