1 0.3177083333333333 0.6645833333333333 0.0515625 0.044444444444444446
1 0.4666666666666667 0.7833333333333333 0.024479166666666666 0.0763888888888889
1 0.4322916666666667 0.6013888888888889 0.040625 0.04027777777777778
1 0.4479166666666667 0.5541666666666667 0.042708333333333334 0.03958333333333333
1 0.36666666666666664 0.5034722222222222 0.04010416666666667 0.03958333333333333
1 0.30833333333333335 0.48194444444444445 0.04010416666666667 0.03958333333333333
1 0.18802083333333333 0.5611111111111111 0.0421875 0.04027777777777778
1 0.12395833333333334 0.5395833333333333 0.04375 0.04583333333333333
1 0.15729166666666666 0.7173611111111111 0.050520833333333334 0.044444444444444446
1 0.5411458333333333 0.44375 0.03802083333333333 0.03194444444444444
1 0.5109375 0.39305555555555555 0.03854166666666667 0.03680555555555556
1 0.5713541666666667 0.40694444444444444 0.041666666666666664 0.03680555555555556
1 0.6005208333333333 0.3715277777777778 0.0359375 0.03958333333333333
1 0.6651041666666667 0.35138888888888886 0.03802083333333333 0.03333333333333333
1 0.7614583333333333 0.37916666666666665 0.03697916666666667 0.03333333333333333
1 0.7947916666666667 0.3416666666666667 0.04010416666666667 0.035416666666666666
1 0.8567708333333334 0.2951388888888889 0.034895833333333334 0.034027777777777775
1 0.8953125 0.3347222222222222 0.0390625 0.029166666666666667
1 0.9671875 0.3125 0.0359375 0.030555555555555555
1 0.7380208333333333 0.4131944444444444 0.03802083333333333 0.034027777777777775
1 0.7859375 0.3993055555555556 0.03802083333333333 0.034027777777777775
1 0.6859375 0.42916666666666664 0.0390625 0.03819444444444445
1 0.6364583333333333 0.4465277777777778 0.041666666666666664 0.035416666666666666
1 0.5859375 0.46458333333333335 0.040625 0.03819444444444445
1 0.6359375 0.41805555555555557 0.03697916666666667 0.034027777777777775
1 0.7421875 0.3277777777777778 0.034375 0.03958333333333333
1 0.26510416666666664 0.2534722222222222 0.015625 0.035416666666666666
1 0.21302083333333333 0.07222222222222222 0.03229166666666667 0.018055555555555554
1 0.13697916666666668 0.15833333333333333 0.030208333333333334 0.022916666666666665
1 0.13541666666666666 0.1375 0.03229166666666667 0.024305555555555556
1 0.13385416666666666 0.12569444444444444 0.029166666666666667 0.025694444444444443
1 0.13645833333333332 0.11388888888888889 0.027083333333333334 0.022916666666666665
1 0.14427083333333332 0.09652777777777778 0.028645833333333332 0.025694444444444443
1 0.1515625 0.08194444444444444 0.028645833333333332 0.024305555555555556
1 0.21197916666666666 0.09027777777777778 0.028645833333333332 0.02013888888888889
1 0.225 0.059722222222222225 0.025520833333333333 0.02013888888888889
1 0.22135416666666666 0.05138888888888889 0.022916666666666665 0.01875
1 0.21927083333333333 0.03819444444444445 0.024479166666666666 0.02013888888888889
1 0.21770833333333334 0.025 0.028645833333333332 0.01875
1 0.21822916666666667 0.011111111111111112 0.025 0.018055555555555554
1 0.15416666666666667 0.016666666666666666 0.025520833333333333 0.018055555555555554
3 0.15260416666666668 0.025694444444444443 0.022916666666666665 0.021527777777777778
3 0.21822916666666667 0.10416666666666667 0.0265625 0.025694444444444443
3 0.23697916666666666 0.11805555555555555 0.013541666666666667 0.035416666666666666
1 0.2984375 0.2388888888888889 0.015625 0.03680555555555556
1 0.29635416666666664 0.3236111111111111 0.015625 0.04027777777777778
1 0.26666666666666666 0.19375 0.013541666666666667 0.03680555555555556
1 0.29010416666666666 0.28680555555555554 0.015625 0.04027777777777778
0 0.2682291666666667 0.30069444444444443 0.022395833333333334 0.08125
1 0.16666666666666666 0.11041666666666666 0.013020833333333334 0.025694444444444443
1 0.2078125 0.13541666666666666 0.027083333333333334 0.024305555555555556
3 0.17239583333333333 0.20208333333333334 0.028645833333333332 0.02638888888888889
3 0.1359375 0.21458333333333332 0.015625 0.030555555555555555
1 0.008333333333333333 0.24513888888888888 0.016666666666666666 0.0375
1 0.025520833333333333 0.2423611111111111 0.016666666666666666 0.030555555555555555
1 0.04791666666666667 0.23125 0.0140625 0.03819444444444445
1 0.0890625 0.23194444444444445 0.013020833333333334 0.030555555555555555
2 0.21302083333333333 0.3125 0.025 0.09930555555555555
2 0.15989583333333332 0.3888888888888889 0.05364583333333333 0.059722222222222225
1 0.3578125 0.35833333333333334 0.027083333333333334 0.03680555555555556
3 0.3338541666666667 0.14652777777777778 0.013541666666666667 0.03194444444444444
1 0.42552083333333335 0.3125 0.030729166666666665 0.03958333333333333
2 0.3802083333333333 0.15 0.03854166666666667 0.03819444444444445
3 0.38229166666666664 0.13402777777777777 0.025 0.02638888888888889
1 0.8015625 0.3090277777777778 0.034895833333333334 0.03680555555555556
3 0.8875 0.30972222222222223 0.0421875 0.03819444444444445
1 0.9463541666666667 0.29305555555555557 0.0359375 0.030555555555555555
1 0.9875 0.2798611111111111 0.025 0.03194444444444444
3 0.9244791666666666 0.5201388888888889 0.0390625 0.03819444444444445
0 0.9765625 0.4465277777777778 0.04635416666666667 0.07083333333333333
1 0.9786458333333333 0.5048611111111111 0.041666666666666664 0.03333333333333333
1 0.5520833333333334 0.6034722222222222 0.04010416666666667 0.04722222222222222
1 0.06354166666666666 0.7458333333333333 0.057291666666666664 0.04722222222222222
3 0.1015625 0.6868055555555556 0.05520833333333333 0.058333333333333334
1 0.43333333333333335 0.9763888888888889 0.027083333333333334 0.044444444444444446
2 0.05364583333333333 0.53125 0.065625 0.04722222222222222