1 0.3489583333333333 0.7965277777777777 0.04635416666666667 0.14444444444444443
1 0.39739583333333334 0.9152777777777777 0.0359375 0.16944444444444445
1 0.6052083333333333 0.6555555555555556 0.03333333333333333 0.07222222222222222
1 0.4296875 0.5701388888888889 0.027604166666666666 0.07430555555555556
1 0.3770833333333333 0.4222222222222222 0.022916666666666665 0.03611111111111111
1 0.45729166666666665 0.3236111111111111 0.015625 0.029861111111111113
1 0.45416666666666666 0.38055555555555554 0.021354166666666667 0.04652777777777778
1 0.5578125 0.36736111111111114 0.0140625 0.030555555555555555
1 0.5817708333333333 0.3375 0.017708333333333333 0.029861111111111113
1 0.5744791666666667 0.2902777777777778 0.01875 0.02361111111111111
1 0.55 0.2569444444444444 0.013020833333333334 0.02847222222222222
3 0.46770833333333334 0.2263888888888889 0.013020833333333334 0.02847222222222222
3 0.4015625 0.2125 0.030729166666666665 0.01875
1 0.5333333333333333 0.12222222222222222 0.009895833333333333 0.015277777777777777
1 0.54375 0.10694444444444444 0.009895833333333333 0.010416666666666666
1 0.5322916666666667 0.02847222222222222 0.005729166666666666 0.007638888888888889
1 0.5265625 0.008333333333333333 0.011458333333333333 0.009722222222222222
1 0.4796875 0.014583333333333334 0.011979166666666667 0.008333333333333333
0 0.46510416666666665 0.052083333333333336 0.009375 0.02847222222222222