1 0.46822916666666664 0.9770833333333333 0.0390625 0.04583333333333333
1 0.4859375 0.8618055555555556 0.03854166666666667 0.10069444444444445
1 0.32708333333333334 0.7465277777777778 0.041666666666666664 0.10694444444444444
1 0.42083333333333334 0.7680555555555556 0.0421875 0.10972222222222222
1 0.49583333333333335 0.7340277777777777 0.0359375 0.10208333333333333
1 0.5958333333333333 0.9270833333333334 0.07864583333333333 0.1076388888888889
1 0.7458333333333333 0.9743055555555555 0.08645833333333333 0.05138888888888889
3 0.7390625 0.8506944444444444 0.07916666666666666 0.058333333333333334
1 0.7385416666666667 0.78125 0.08125 0.05347222222222222
1 0.7375 0.7236111111111111 0.07760416666666667 0.05555555555555555
1 0.60625 0.7611111111111111 0.0671875 0.09930555555555555
3 0.7317708333333334 0.6701388888888888 0.0734375 0.052083333333333336
1 0.6130208333333333 0.6888888888888889 0.06510416666666667 0.09236111111111112
1 0.6140625 0.6041666666666666 0.06510416666666667 0.08888888888888889
1 0.43802083333333336 0.6402777777777777 0.04010416666666667 0.11041666666666666
1 0.5052083333333334 0.6048611111111111 0.036458333333333336 0.10486111111111111
1 0.7401041666666667 0.5708333333333333 0.07552083333333333 0.04861111111111111
1 0.74375 0.5236111111111111 0.07083333333333333 0.04791666666666667
3 0.61875 0.5402777777777777 0.06510416666666667 0.09027777777777778
1 0.45208333333333334 0.5013888888888889 0.034375 0.09027777777777778
1 0.5192708333333333 0.4826388888888889 0.034375 0.09027777777777778
1 0.6213541666666667 0.4777777777777778 0.0640625 0.0798611111111111
1 0.6244791666666667 0.4236111111111111 0.059375 0.07222222222222222
1 0.4671875 0.4083333333333333 0.03125 0.08402777777777778
3 0.6255208333333333 0.3576388888888889 0.058333333333333334 0.075
1 0.7380208333333333 0.43125 0.06145833333333333 0.04375
1 0.7302083333333333 0.3875 0.06770833333333333 0.04375
1 0.7265625 0.3458333333333333 0.06927083333333334 0.04583333333333333
3 0.8640625 0.26180555555555557 0.06979166666666667 0.04791666666666667
1 0.9421875 0.17777777777777778 0.034375 0.07152777777777777
1 0.909375 0.17083333333333334 0.03125 0.07152777777777777
1 0.8786458333333333 0.16597222222222222 0.030208333333333334 0.06736111111111111
1 0.8453125 0.16319444444444445 0.030729166666666665 0.06111111111111111
1 0.7333333333333333 0.23680555555555555 0.06354166666666666 0.043055555555555555
1 0.7328125 0.2048611111111111 0.06302083333333333 0.041666666666666664
1 0.6291666666666667 0.30833333333333335 0.05625 0.07152777777777777
1 0.6291666666666667 0.24791666666666667 0.0578125 0.06458333333333334
1 0.39947916666666666 0.32222222222222224 0.0328125 0.07916666666666666
1 0.5390625 0.28402777777777777 0.029166666666666667 0.07708333333333334
1 0.6338541666666667 0.20555555555555555 0.052083333333333336 0.06736111111111111
1 0.5442708333333334 0.20347222222222222 0.025520833333333333 0.07013888888888889
1 0.5015625 0.1375 0.027083333333333334 0.07152777777777777
2 0.42239583333333336 0.17430555555555555 0.03125 0.06666666666666667
1 0.6369791666666667 0.16319444444444445 0.050520833333333334 0.059722222222222225
1 0.6442708333333333 0.12361111111111112 0.05 0.06111111111111111
1 0.5520833333333334 0.12222222222222222 0.027083333333333334 0.06666666666666667
1 0.6453125 0.08680555555555555 0.049479166666666664 0.058333333333333334
1 0.5572916666666666 0.049305555555555554 0.025520833333333333 0.06666666666666667
1 0.6447916666666667 0.043055555555555555 0.04583333333333333 0.06597222222222222
1 0.7296875 0.075 0.05625 0.03888888888888889
1 0.7333333333333333 0.044444444444444446 0.05 0.03680555555555556
1 0.7265625 0.016666666666666666 0.05625 0.03333333333333333
1 0.6473958333333333 0.013194444444444444 0.04635416666666667 0.025694444444444443
1 0.36822916666666666 0.5236111111111111 0.0390625 0.09236111111111112
2 0.4322916666666667 0.08888888888888889 0.034375 0.10833333333333334
1 0.5046875 0.0763888888888889 0.025 0.06388888888888888
1 0.5083333333333333 0.02361111111111111 0.0234375 0.04652777777777778