1 0.5416666666666666 0.3819444444444444 0.04635416666666667 0.14305555555555555
1 0.5494791666666666 0.5944444444444444 0.04635416666666667 0.12361111111111112
2 0.6151041666666667 0.5263888888888889 0.057291666666666664 0.175
1 0.8015625 0.3236111111111111 0.0890625 0.059027777777777776
1 0.8041666666666667 0.3854166666666667 0.09375 0.05625
1 0.80625 0.45625 0.1015625 0.06458333333333334
1 0.8072916666666666 0.5243055555555556 0.0921875 0.06388888888888888
1 0.8098958333333334 0.5840277777777778 0.09635416666666667 0.059027777777777776
3 0.8072916666666666 0.6493055555555556 0.07916666666666666 0.05555555555555555
3 0.8119791666666667 0.7201388888888889 0.08489583333333334 0.06111111111111111
1 0.8145833333333333 0.7875 0.09479166666666666 0.05347222222222222
1 0.8458333333333333 0.84375 0.1 0.06458333333333334
3 0.8723958333333334 0.09930555555555555 0.08125 0.0763888888888889
1 0.8744791666666667 0.23333333333333334 0.057291666666666664 0.13541666666666666
1 0.9197916666666667 0.2326388888888889 0.050520833333333334 0.12569444444444444
1 0.96875 0.22777777777777777 0.052083333333333336 0.13402777777777777
1 0.09375 0.26944444444444443 0.09427083333333333 0.05347222222222222
3 0.23802083333333332 0.3541666666666667 0.041666666666666664 0.11041666666666666
2 0.2296875 0.5069444444444444 0.06666666666666667 0.17916666666666667
3 0.25052083333333336 0.8541666666666666 0.04583333333333333 0.14652777777777778
1 0.8244791666666667 0.9777777777777777 0.09791666666666667 0.044444444444444446
1 0.9760416666666667 0.42430555555555555 0.04791666666666667 0.04861111111111111
1 0.9729166666666667 0.48680555555555555 0.05416666666666667 0.05694444444444444
1 0.9713541666666666 0.5479166666666667 0.057291666666666664 0.059027777777777776
1 0.9776041666666667 0.6083333333333333 0.044270833333333336 0.049305555555555554
1 0.984375 0.79375 0.03125 0.05416666666666667
1 0.9786458333333333 0.7291666666666666 0.042708333333333334 0.052083333333333336
1 0.9760416666666667 0.6652777777777777 0.04791666666666667 0.05555555555555555