1 0.43333333333333335 0.7979166666666667 0.0265625 0.04236111111111111
1 0.4713541666666667 0.8166666666666667 0.036458333333333336 0.04722222222222222
1 0.56875 0.8104166666666667 0.05260416666666667 0.05277777777777778
3 0.5072916666666667 0.7791666666666667 0.022916666666666665 0.04722222222222222
1 0.4375 0.7527777777777778 0.022395833333333334 0.03680555555555556
1 0.4401041666666667 0.7 0.01875 0.02638888888888889
1 0.5776041666666667 0.6881944444444444 0.03802083333333333 0.022916666666666665
3 0.6447916666666667 0.8194444444444444 0.05625 0.04236111111111111
1 0.6921875 0.8722222222222222 0.07083333333333333 0.041666666666666664
1 0.6911458333333333 0.9055555555555556 0.07604166666666666 0.041666666666666664
1 0.6932291666666667 0.9472222222222222 0.090625 0.05694444444444444
3 0.6161458333333333 0.7638888888888888 0.05 0.035416666666666666
1 0.6098958333333333 0.7472222222222222 0.051041666666666666 0.029861111111111113
1 0.6015625 0.7375 0.0484375 0.027777777777777776
1 0.5473958333333333 0.6486111111111111 0.024479166666666666 0.016666666666666666
2 0.3932291666666667 0.7368055555555556 0.028645833333333332 0.06319444444444444
2 0.32083333333333336 0.9847222222222223 0.03958333333333333 0.029861111111111113
1 0.4505208333333333 0.66875 0.015104166666666667 0.01875
1 0.44895833333333335 0.6513888888888889 0.0140625 0.016666666666666666
1 0.45 0.6354166666666666 0.011979166666666667 0.014583333333333334
1 0.45364583333333336 0.6229166666666667 0.011458333333333333 0.014583333333333334
2 0.45677083333333335 0.6027777777777777 0.009895833333333333 0.01597222222222222
3 0.4583333333333333 0.5902777777777778 0.008333333333333333 0.0125
1 0.46041666666666664 0.5854166666666667 0.009375 0.010416666666666666
1 0.459375 0.5777777777777777 0.009375 0.009027777777777777
1 0.46979166666666666 0.5722222222222222 0.008854166666666666 0.008333333333333333
1 0.4947916666666667 0.5770833333333333 0.009375 0.009027777777777777
1 0.48125 0.5555555555555556 0.00625 0.008333333333333333
2 0.46041666666666664 0.5645833333333333 0.008333333333333333 0.015277777777777777
1 0.4630208333333333 0.5576388888888889 0.00625 0.008333333333333333
1 0.46458333333333335 0.5486111111111112 0.00625 0.007638888888888889
1 0.4666666666666667 0.5444444444444444 0.00625 0.007638888888888889
1 0.5276041666666667 0.6166666666666667 0.015625 0.013888888888888888
1 0.5223958333333333 0.6055555555555555 0.010416666666666666 0.011111111111111112
1 0.528125 0.5916666666666667 0.011458333333333333 0.011805555555555555
1 0.521875 0.5798611111111112 0.0171875 0.009027777777777777
1 0.51875 0.5763888888888888 0.0171875 0.008333333333333333
1 0.5109375 0.575 0.016145833333333335 0.008333333333333333
1 0.5213541666666667 0.5701388888888889 0.0171875 0.008333333333333333
1 0.5177083333333333 0.5659722222222222 0.016666666666666666 0.008333333333333333
1 0.5161458333333333 0.5631944444444444 0.019270833333333334 0.008333333333333333
1 0.5145833333333333 0.5576388888888889 0.017708333333333333 0.008333333333333333
1 0.5109375 0.5520833333333334 0.0140625 0.007638888888888889
1 0.5125 0.5506944444444445 0.014583333333333334 0.006944444444444444
3 0.5020833333333333 0.5451388888888888 0.0125 0.008333333333333333
1 0.050520833333333334 0.8222222222222222 0.06197916666666667 0.05555555555555555
1 0.030729166666666665 0.9097222222222222 0.06145833333333333 0.03888888888888889
1 0.509375 0.54375 0.011979166666666667 0.006944444444444444
1 0.4864583333333333 0.5381944444444444 0.005729166666666666 0.00625
1 0.4703125 0.5354166666666667 0.010416666666666666 0.005555555555555556
1 0.50625 0.5354166666666667 0.0109375 0.00625
1 0.4953125 0.5277777777777778 0.008333333333333333 0.005555555555555556
1 0.4713541666666667 0.5256944444444445 0.009895833333333333 0.00625
1 0.4890625 0.5201388888888889 0.0046875 0.00625
1 0.48125 0.5201388888888889 0.005208333333333333 0.005555555555555556
1 0.5088541666666667 0.525 0.011458333333333333 0.00625
1 0.5015625 0.5201388888888889 0.007291666666666667 0.005555555555555556