1 0.3802083333333333 0.9618055555555556 0.078125 0.07569444444444444
1 0.5697916666666667 0.8861111111111111 0.109375 0.22013888888888888
1 0.37135416666666665 0.7708333333333334 0.0640625 0.15763888888888888
1 0.7494791666666667 0.7388888888888889 0.0890625 0.11041666666666666
1 0.703125 0.6409722222222223 0.0796875 0.09027777777777778
3 0.6317708333333333 0.53125 0.03958333333333333 0.06458333333333334
1 0.6036458333333333 0.48333333333333334 0.04739583333333333 0.04722222222222222
3 0.5348958333333333 0.5305555555555556 0.04375 0.06458333333333334
1 0.5630208333333333 0.4527777777777778 0.030729166666666665 0.03680555555555556
1 0.5567708333333333 0.40902777777777777 0.03229166666666667 0.03611111111111111
1 0.5765625 0.38055555555555554 0.049479166666666664 0.029861111111111113
1 0.5536458333333333 0.36944444444444446 0.046875 0.03125
1 0.5177083333333333 0.35138888888888886 0.021875 0.025
1 0.4942708333333333 0.3055555555555556 0.0125 0.017361111111111112
1 0.49375 0.2951388888888889 0.015104166666666667 0.01597222222222222
1 0.49375 0.28402777777777777 0.0109375 0.013888888888888888
1 0.49114583333333334 0.27847222222222223 0.0109375 0.015277777777777777
1 0.4890625 0.27291666666666664 0.0109375 0.011805555555555555
1 0.4890625 0.2611111111111111 0.009895833333333333 0.013194444444444444
1 0.4895833333333333 0.2569444444444444 0.009375 0.010416666666666666
1 0.4890625 0.25069444444444444 0.008333333333333333 0.008333333333333333
1 0.48489583333333336 0.24305555555555555 0.008333333333333333 0.009027777777777777
1 0.4796875 0.24166666666666667 0.010416666666666666 0.009027777777777777
1 0.37864583333333335 0.6326388888888889 0.053125 0.1076388888888889
1 0.3848958333333333 0.5388888888888889 0.0421875 0.07291666666666667
1 0.38385416666666666 0.4840277777777778 0.033854166666666664 0.05555555555555555
1 0.48125 0.5020833333333333 0.04010416666666667 0.07222222222222222
1 0.46770833333333334 0.45 0.030729166666666665 0.04583333333333333
1 0.45677083333333335 0.41458333333333336 0.0265625 0.03819444444444445
3 0.3927083333333333 0.4013888888888889 0.021875 0.04513888888888889
1 0.36666666666666664 0.3659722222222222 0.04895833333333333 0.02361111111111111
1 0.3671875 0.35694444444444445 0.03958333333333333 0.024305555555555556
1 0.44375 0.35555555555555557 0.019791666666666666 0.03125
1 0.43802083333333336 0.34097222222222223 0.01875 0.025
1 0.39375 0.33194444444444443 0.0171875 0.022916666666666665
1 0.396875 0.3194444444444444 0.0171875 0.022222222222222223
1 0.40208333333333335 0.3034722222222222 0.015104166666666667 0.018055555555555554
1 0.40989583333333335 0.29375 0.013541666666666667 0.01597222222222222
1 0.4119791666666667 0.2861111111111111 0.0125 0.014583333333333334
1 0.396875 0.2708333333333333 0.022395833333333334 0.010416666666666666
1 0.4484375 0.31805555555555554 0.016666666666666666 0.01875
1 0.4390625 0.3076388888888889 0.014583333333333334 0.018055555555555554
1 0.4583333333333333 0.30833333333333335 0.015104166666666667 0.016666666666666666
1 0.459375 0.2916666666666667 0.011979166666666667 0.014583333333333334
1 0.4161458333333333 0.28055555555555556 0.0109375 0.014583333333333334
1 0.4197916666666667 0.27361111111111114 0.011979166666666667 0.0125
1 0.4125 0.25416666666666665 0.019791666666666666 0.009722222222222222
1 0.4234375 0.2638888888888889 0.010416666666666666 0.013888888888888888
1 0.4276041666666667 0.25972222222222224 0.008333333333333333 0.011111111111111112
1 0.4322916666666667 0.25 0.008333333333333333 0.009722222222222222
1 0.4348958333333333 0.24444444444444444 0.0067708333333333336 0.008333333333333333
1 0.465625 0.2611111111111111 0.008854166666666666 0.010416666666666666
1 0.46510416666666665 0.2569444444444444 0.009375 0.009027777777777777
1 0.4666666666666667 0.2513888888888889 0.008854166666666666 0.009027777777777777
3 0.4635416666666667 0.24166666666666667 0.009895833333333333 0.010416666666666666
1 0.45625 0.24166666666666667 0.008333333333333333 0.008333333333333333
1 0.4625 0.2361111111111111 0.0109375 0.009027777777777777
3 0.44895833333333335 0.23194444444444445 0.009375 0.010416666666666666
1 0.44114583333333335 0.23125 0.0067708333333333336 0.006944444444444444