1 0.8145833333333333 0.6597222222222222 0.09947916666666666 0.1388888888888889
1 0.6979166666666666 0.28194444444444444 0.0515625 0.04791666666666667
1 0.6005208333333333 0.3277777777777778 0.0515625 0.06666666666666667
1 0.540625 0.11388888888888889 0.022916666666666665 0.025694444444444443
1 0.6041666666666666 0.14652777777777778 0.027604166666666666 0.027777777777777776
1 0.4401041666666667 0.07361111111111111 0.017708333333333333 0.025
1 0.39479166666666665 0.03819444444444445 0.015625 0.01875
1 0.478125 0.022222222222222223 0.015104166666666667 0.018055555555555554
1 0.5401041666666667 0.08333333333333333 0.025 0.025694444444444443
3 0.46145833333333336 0.25833333333333336 0.0359375 0.06180555555555556
3 0.46145833333333336 0.6965277777777777 0.0984375 0.12986111111111112
1 0.3958333333333333 0.3951388888888889 0.09010416666666667 0.05347222222222222
1 0.36822916666666666 0.24097222222222223 0.027604166666666666 0.05347222222222222
1 0.18177083333333333 0.15555555555555556 0.0578125 0.025
1 0.17239583333333333 0.19722222222222222 0.06666666666666667 0.03263888888888889
1 0.2015625 0.08263888888888889 0.044270833333333336 0.027777777777777776
1 0.2109375 0.05277777777777778 0.0390625 0.02361111111111111
1 0.21979166666666666 0.027777777777777776 0.040625 0.02013888888888889
1 0.9359375 0.3173611111111111 0.05572916666666667 0.04861111111111111
1 0.8411458333333334 0.2708333333333333 0.049479166666666664 0.04097222222222222
1 0.8916666666666667 0.2763888888888889 0.0515625 0.043055555555555555
1 0.9458333333333333 0.25833333333333336 0.05572916666666667 0.04791666666666667
1 0.39479166666666665 0.47638888888888886 0.0984375 0.06319444444444444
1 0.36041666666666666 0.36736111111111114 0.0765625 0.049305555555555554
1 0.36770833333333336 0.3194444444444444 0.034375 0.059722222222222225
1 0.27239583333333334 0.25833333333333336 0.030729166666666665 0.04791666666666667
1 0.32760416666666664 0.26458333333333334 0.030729166666666665 0.058333333333333334
1 0.26927083333333335 0.3020833333333333 0.03125 0.058333333333333334
1 0.3234375 0.22361111111111112 0.029166666666666667 0.03888888888888889
1 0.31979166666666664 0.18819444444444444 0.027604166666666666 0.044444444444444446
1 0.275 0.2263888888888889 0.030208333333333334 0.04375
1 0.27239583333333334 0.16458333333333333 0.021354166666666667 0.030555555555555555
3 0.26666666666666666 0.18888888888888888 0.022395833333333334 0.03680555555555556
1 0.16302083333333334 0.27569444444444446 0.06979166666666667 0.044444444444444446
1 0.14739583333333334 0.24930555555555556 0.06979166666666667 0.03888888888888889
1 0.15572916666666667 0.22916666666666666 0.0640625 0.035416666666666666
1 0.1703125 0.1840277777777778 0.06354166666666666 0.03125
1 0.18177083333333333 0.14166666666666666 0.05520833333333333 0.030555555555555555
1 0.1828125 0.13125 0.05572916666666667 0.030555555555555555
1 0.190625 0.12361111111111112 0.05572916666666667 0.030555555555555555
1 0.19375 0.10347222222222222 0.04791666666666667 0.02361111111111111
1 0.2015625 0.07847222222222222 0.0421875 0.02361111111111111
1 0.22083333333333333 0.02638888888888889 0.0421875 0.025
1 0.7989583333333333 0.23541666666666666 0.04635416666666667 0.04375
1 0.846875 0.23402777777777778 0.049479166666666664 0.044444444444444446
1 0.9765625 0.2548611111111111 0.044270833333333336 0.050694444444444445
1 0.91875 0.22916666666666666 0.049479166666666664 0.029861111111111113
3 0.9041666666666667 0.2125 0.0640625 0.03611111111111111
1 0.8755208333333333 0.19930555555555557 0.04739583333333333 0.02847222222222222
1 0.8229166666666666 0.16666666666666666 0.042708333333333334 0.03611111111111111