1 0.3880208333333333 0.7263888888888889 0.0359375 0.1
1 0.5833333333333334 0.7090277777777778 0.036458333333333336 0.11527777777777778
1 0.4276041666666667 0.21944444444444444 0.025520833333333333 0.06319444444444444
1 0.565625 0.3638888888888889 0.024479166666666666 0.07708333333333334
1 0.5578125 0.19305555555555556 0.021354166666666667 0.06319444444444444
1 0.5223958333333333 0.05555555555555555 0.019791666666666666 0.04583333333333333
1 0.5494791666666666 0.022222222222222223 0.01875 0.041666666666666664
1 0.5182291666666666 0.19652777777777777 0.0234375 0.06597222222222222
1 0.6953125 0.6520833333333333 0.025 0.07847222222222222
1 0.7666666666666667 0.8444444444444444 0.03854166666666667 0.1076388888888889
1 0.75625 0.9444444444444444 0.04479166666666667 0.10902777777777778
1 0.8770833333333333 0.6298611111111111 0.04583333333333333 0.07708333333333334
1 0.2984375 0.7340277777777777 0.034895833333333334 0.08472222222222223
1 0.32447916666666665 0.5506944444444445 0.027604166666666666 0.06597222222222222
1 0.12447916666666667 0.06875 0.0234375 0.027777777777777776
1 0.05416666666666667 0.1486111111111111 0.020833333333333332 0.027777777777777776
1 0.07447916666666667 0.1361111111111111 0.022395833333333334 0.03194444444444444
1 0.09427083333333333 0.12430555555555556 0.021354166666666667 0.030555555555555555
1 0.17291666666666666 0.07013888888888889 0.025520833333333333 0.029166666666666667
1 0.1921875 0.06111111111111111 0.024479166666666666 0.030555555555555555
1 0.20625 0.04791666666666667 0.030208333333333334 0.027777777777777776
1 0.1859375 0.010416666666666666 0.016666666666666666 0.02013888888888889
1 0.20520833333333333 0.011111111111111112 0.014583333333333334 0.022222222222222223
1 0.13489583333333333 0.013194444444444444 0.015625 0.02638888888888889
1 0.11875 0.013194444444444444 0.013020833333333334 0.02638888888888889
1 0.036458333333333336 0.052083333333333336 0.0359375 0.027777777777777776
1 0.022395833333333334 0.06736111111111111 0.034895833333333334 0.025694444444444443
1 0.008333333333333333 0.10347222222222222 0.016666666666666666 0.021527777777777778
3 0.1109375 0.10972222222222222 0.019791666666666666 0.03194444444444444
1 0.24635416666666668 0.23194444444444445 0.019791666666666666 0.044444444444444446
1 0.33229166666666665 0.11180555555555556 0.034895833333333334 0.030555555555555555
2 0.35104166666666664 0.3527777777777778 0.030729166666666665 0.10694444444444444
1 0.2359375 0.27569444444444446 0.0265625 0.04722222222222222
1 0.5317708333333333 0.9423611111111111 0.040625 0.11319444444444444
1 0.6869791666666667 0.5673611111111111 0.025 0.07847222222222222
1 0.6609375 0.3597222222222222 0.019791666666666666 0.0625
1 0.6515625 0.3013888888888889 0.022916666666666665 0.052083333333333336
1 0.6234375 0.09791666666666667 0.01875 0.05347222222222222
1 0.6197916666666666 0.05694444444444444 0.015104166666666667 0.04027777777777778
1 0.79375 0.13958333333333334 0.021354166666666667 0.04583333333333333
1 0.7822916666666667 0.10486111111111111 0.021354166666666667 0.03958333333333333
1 0.7416666666666667 0.03819444444444445 0.0171875 0.04027777777777778
3 0.6682291666666667 0.030555555555555555 0.03229166666666667 0.03819444444444445
3 0.7130208333333333 0.2673611111111111 0.0390625 0.05486111111111111
0 0.7302083333333333 0.3819444444444444 0.0515625 0.1597222222222222
1 0.965625 0.09166666666666666 0.022916666666666665 0.034027777777777775
1 0.9369791666666667 0.029861111111111113 0.022916666666666665 0.041666666666666664
1 0.9197916666666667 0.027777777777777776 0.022916666666666665 0.030555555555555555
1 0.9041666666666667 0.018055555555555554 0.019270833333333334 0.03194444444444444
1 0.9765625 0.07361111111111111 0.019270833333333334 0.027777777777777776
1 0.9848958333333333 0.1 0.024479166666666666 0.04027777777777778
1 0.9854166666666667 0.14930555555555555 0.019270833333333334 0.044444444444444446
1 0.9921875 0.07847222222222222 0.015625 0.029166666666666667
3 0.6109375 0.5097222222222222 0.027083333333333334 0.08472222222222223
1 0.6151041666666667 0.025694444444444443 0.019270833333333334 0.035416666666666666