1 0.1890625 0.8326388888888889 0.2015625 0.2673611111111111
1 0.5619791666666667 0.7368055555555556 0.09010416666666667 0.19166666666666668
1 0.4041666666666667 0.39305555555555555 0.08072916666666667 0.10277777777777777
1 0.46927083333333336 0.425 0.08125 0.11597222222222223
1 0.6109375 0.33194444444444443 0.06354166666666666 0.08888888888888889
1 0.6510416666666666 0.1527777777777778 0.03802083333333333 0.04652777777777778
1 0.6666666666666666 0.05694444444444444 0.0359375 0.03263888888888889
1 0.7541666666666667 0.052083333333333336 0.025 0.030555555555555555
1 0.7927083333333333 0.021527777777777778 0.017708333333333333 0.022222222222222223
0 0.3411458333333333 0.7479166666666667 0.3578125 0.5034722222222222
0 0.9411458333333333 0.45416666666666666 0.11510416666666666 0.30486111111111114
0 0.2838541666666667 0.03680555555555556 0.11927083333333334 0.07361111111111111
0 0.2578125 0.044444444444444446 0.09895833333333333 0.08888888888888889
0 0.2015625 0.05138888888888889 0.12239583333333333 0.09930555555555555
0 0.18229166666666666 0.06736111111111111 0.125 0.10694444444444444
2 0.46979166666666666 0.04027777777777778 0.04375 0.04027777777777778
1 0.46197916666666666 0.11319444444444444 0.04583333333333333 0.041666666666666664
1 0.5661458333333333 0.1798611111111111 0.04479166666666667 0.04861111111111111
1 0.5770833333333333 0.08472222222222223 0.03697916666666667 0.03611111111111111
1 0.5213541666666667 0.07083333333333333 0.03125 0.03333333333333333
1 0.49375 0.08819444444444445 0.03854166666666667 0.04097222222222222
2 0.6078125 0.04027777777777778 0.044270833333333336 0.06388888888888888
1 0.5630208333333333 0.03263888888888889 0.03125 0.029861111111111113
1 0.5796875 0.021527777777777778 0.020833333333333332 0.027777777777777776
3 0.5578125 0.011111111111111112 0.0328125 0.022222222222222223
1 0.7828125 0.05138888888888889 0.022916666666666665 0.03611111111111111
1 0.7791666666666667 0.07152777777777777 0.019270833333333334 0.030555555555555555
1 0.7708333333333334 0.08263888888888889 0.0234375 0.025694444444444443
3 0.7630208333333334 0.11527777777777778 0.027604166666666666 0.05694444444444444
1 0.7505208333333333 0.15069444444444444 0.028645833333333332 0.050694444444444445
1 0.7390625 0.1875 0.03802083333333333 0.04791666666666667
1 0.7208333333333333 0.2298611111111111 0.0421875 0.058333333333333334
1 0.7026041666666667 0.2826388888888889 0.04635416666666667 0.07152777777777777
1 0.7651041666666667 0.2902777777777778 0.052083333333333336 0.08680555555555555
1 0.7776041666666667 0.225 0.03697916666666667 0.06458333333333334
1 0.7838541666666666 0.18194444444444444 0.029166666666666667 0.04375
1 0.7958333333333333 0.15208333333333332 0.030208333333333334 0.043055555555555555
1 0.7973958333333333 0.125 0.027604166666666666 0.030555555555555555
3 0.8046875 0.09305555555555556 0.027604166666666666 0.04027777777777778
1 0.8098958333333334 0.07708333333333334 0.020833333333333332 0.02638888888888889
1 0.8109375 0.05763888888888889 0.022395833333333334 0.025694444444444443
1 0.8125 0.043055555555555555 0.019270833333333334 0.02361111111111111
1 0.8177083333333334 0.025694444444444443 0.019270833333333334 0.030555555555555555
1 0.8432291666666667 0.1986111111111111 0.03802083333333333 0.050694444444444445
1 0.8833333333333333 0.10555555555555556 0.025520833333333333 0.03333333333333333
1 0.8541666666666666 0.049305555555555554 0.022395833333333334 0.027777777777777776
1 0.8817708333333333 0.010416666666666666 0.017708333333333333 0.020833333333333332
1 0.9416666666666667 0.12083333333333333 0.028645833333333332 0.03611111111111111
1 0.9453125 0.18680555555555556 0.03802083333333333 0.04097222222222222
1 0.8442708333333333 0.38125 0.0484375 0.08263888888888889
1 0.9786458333333333 0.30416666666666664 0.042708333333333334 0.058333333333333334