3 0.1828125 0.6055555555555555 0.08020833333333334 0.06111111111111111
2 0.26927083333333335 0.56875 0.09427083333333333 0.07013888888888889
3 0.4390625 0.51875 0.05416666666666667 0.044444444444444446
1 0.5177083333333333 0.5930555555555556 0.06770833333333333 0.050694444444444445
1 0.5630208333333333 0.48055555555555557 0.06510416666666667 0.050694444444444445
3 0.65625 0.6097222222222223 0.06927083333333334 0.05555555555555555
1 0.6505208333333333 0.7493055555555556 0.04635416666666667 0.09791666666666667
3 0.6958333333333333 0.7402777777777778 0.04479166666666667 0.09027777777777778
2 0.7427083333333333 0.73125 0.04739583333333333 0.10555555555555556
1 0.7927083333333333 0.6965277777777777 0.04479166666666667 0.09444444444444444
1 0.7619791666666667 0.8833333333333333 0.05572916666666667 0.1076388888888889
1 0.8791666666666667 0.8354166666666667 0.065625 0.1076388888888889
1 0.9546875 0.8083333333333333 0.06666666666666667 0.10833333333333334
1 0.9786458333333333 0.7868055555555555 0.042708333333333334 0.09861111111111111
1 0.84375 0.6736111111111112 0.044270833333333336 0.09027777777777778
3 0.8890625 0.6611111111111111 0.0484375 0.10347222222222222
1 0.9291666666666667 0.6402777777777777 0.03802083333333333 0.0875
1 0.9776041666666667 0.6277777777777778 0.040625 0.0875
1 0.7385416666666667 0.58125 0.06302083333333333 0.04791666666666667
1 0.8151041666666666 0.5506944444444445 0.06927083333333334 0.05416666666666667
1 0.7651041666666667 0.5048611111111111 0.059895833333333336 0.04791666666666667
1 0.8302083333333333 0.4798611111111111 0.06354166666666666 0.04583333333333333
1 0.7567708333333333 0.41458333333333336 0.06197916666666667 0.05138888888888889
1 0.8755208333333333 0.3763888888888889 0.05572916666666667 0.050694444444444445
1 0.9359375 0.35694444444444445 0.0640625 0.04652777777777778
1 0.8895833333333333 0.5256944444444445 0.06927083333333334 0.05347222222222222
1 0.95625 0.49930555555555556 0.0640625 0.04583333333333333
3 0.9776041666666667 0.4263888888888889 0.04479166666666667 0.050694444444444445