1 0.440625 0.38333333333333336 0.0203125 0.018055555555555554
1 0.4 0.3902777777777778 0.022916666666666665 0.024305555555555556
1 0.37447916666666664 0.4013888888888889 0.01875 0.022222222222222223
1 0.36666666666666664 0.4340277777777778 0.035416666666666666 0.03888888888888889
1 0.346875 0.49375 0.05 0.06527777777777778
1 0.31927083333333334 0.6020833333333333 0.08385416666666666 0.12083333333333333
1 0.4036458333333333 0.40694444444444444 0.019270833333333334 0.029166666666666667
1 0.4109375 0.43819444444444444 0.03333333333333333 0.041666666666666664
1 0.390625 0.4666666666666667 0.04895833333333333 0.05
1 0.45260416666666664 0.44305555555555554 0.028645833333333332 0.03333333333333333
1 0.465625 0.4548611111111111 0.023958333333333335 0.041666666666666664
1 0.4947916666666667 0.42986111111111114 0.0375 0.041666666666666664
1 0.4552083333333333 0.5048611111111111 0.046875 0.06666666666666667
1 0.5260416666666666 0.47152777777777777 0.05625 0.041666666666666664
3 0.5380208333333333 0.525 0.07864583333333333 0.09166666666666666
1 0.7088541666666667 0.5305555555555556 0.103125 0.0875
3 0.8348958333333333 0.5951388888888889 0.20677083333333332 0.18333333333333332
1 0.9380208333333333 0.5583333333333333 0.12395833333333334 0.10138888888888889