0 0.10104166666666667 0.8972222222222223 0.20208333333333334 0.20555555555555555
1 0.6453125 0.9152777777777777 0.10625 0.1638888888888889
2 0.22083333333333333 0.6326388888888889 0.0859375 0.0763888888888889
1 0.3072916666666667 0.6104166666666667 0.05 0.030555555555555555
1 0.453125 0.7326388888888888 0.04479166666666667 0.075
1 0.709375 0.7020833333333333 0.042708333333333334 0.05694444444444444
1 0.5645833333333333 0.6534722222222222 0.075 0.03680555555555556
1 0.640625 0.5881944444444445 0.021354166666666667 0.02361111111111111
1 0.6390625 0.5631944444444444 0.013541666666666667 0.014583333333333334
1 0.7286458333333333 0.5756944444444444 0.0140625 0.018055555555555554
1 0.6984375 0.5645833333333333 0.011979166666666667 0.014583333333333334
0 0.6609375 0.53125 0.009375 0.0125
2 0.7026041666666667 0.5388888888888889 0.021354166666666667 0.01597222222222222
1 0.7265625 0.55 0.009895833333333333 0.0125
1 0.7609375 0.5527777777777778 0.022916666666666665 0.014583333333333334
1 0.7546875 0.5486111111111112 0.009375 0.009722222222222222
1 0.7473958333333334 0.5430555555555555 0.0078125 0.009722222222222222
1 0.7354166666666667 0.5451388888888888 0.009375 0.0125
1 0.69375 0.5270833333333333 0.013020833333333334 0.006944444444444444
1 0.7005208333333334 0.5263888888888889 0.013020833333333334 0.006944444444444444
1 0.7151041666666667 0.5236111111111111 0.005208333333333333 0.005555555555555556
1 0.7484375 0.5291666666666667 0.005208333333333333 0.006944444444444444
1 0.7364583333333333 0.5236111111111111 0.004166666666666667 0.005555555555555556
1 0.7427083333333333 0.5229166666666667 0.0036458333333333334 0.003472222222222222
1 0.7489583333333333 0.5263888888888889 0.005208333333333333 0.005555555555555556
1 0.7494791666666667 0.525 0.005208333333333333 0.005555555555555556
1 0.7489583333333333 0.5229166666666667 0.005208333333333333 0.005555555555555556
1 0.7473958333333334 0.5173611111111112 0.0036458333333333334 0.003472222222222222
1 0.7375 0.5173611111111112 0.0020833333333333333 0.002777777777777778
1 0.7401041666666667 0.5173611111111112 0.0020833333333333333 0.002777777777777778
1 0.7255208333333333 0.5208333333333334 0.0036458333333333334 0.003472222222222222
1 0.721875 0.5173611111111112 0.0036458333333333334 0.003472222222222222
1 0.7265625 0.51875 0.0036458333333333334 0.003472222222222222
1 0.9697916666666667 0.6673611111111111 0.059895833333333336 0.041666666666666664
1 0.9515625 0.6451388888888889 0.0765625 0.03333333333333333
1 0.928125 0.6340277777777777 0.06510416666666667 0.02847222222222222
1 0.9276041666666667 0.625 0.0609375 0.02638888888888889
1 0.9213541666666667 0.61875 0.0515625 0.03333333333333333
1 0.9838541666666667 0.6201388888888889 0.03229166666666667 0.02847222222222222
1 0.9890625 0.6 0.021354166666666667 0.020833333333333332
1 0.9822916666666667 0.5951388888888889 0.034895833333333334 0.017361111111111112
1 0.9770833333333333 0.5916666666666667 0.04010416666666667 0.022222222222222223
1 0.9708333333333333 0.5881944444444445 0.04375 0.025694444444444443
1 0.9588541666666667 0.5826388888888889 0.03333333333333333 0.01597222222222222
1 0.95625 0.5798611111111112 0.034895833333333334 0.02013888888888889
1 0.9161458333333333 0.5673611111111111 0.03802083333333333 0.015277777777777777
1 0.9088541666666666 0.5645833333333333 0.03333333333333333 0.014583333333333334
1 0.9052083333333333 0.5611111111111111 0.025 0.013194444444444444
1 0.8244791666666667 0.5902777777777778 0.040625 0.02013888888888889
1 0.8177083333333334 0.5854166666666667 0.03697916666666667 0.015277777777777777
1 0.8166666666666667 0.58125 0.034895833333333334 0.018055555555555554
1 0.8479166666666667 0.5798611111111112 0.0359375 0.01597222222222222
1 0.84375 0.5743055555555555 0.034895833333333334 0.017361111111111112
1 0.8411458333333334 0.5736111111111111 0.034895833333333334 0.017361111111111112
1 0.8401041666666667 0.5694444444444444 0.034895833333333334 0.017361111111111112
1 0.8348958333333333 0.5659722222222222 0.034895833333333334 0.017361111111111112
1 0.8333333333333334 0.5631944444444444 0.034895833333333334 0.017361111111111112
1 0.8296875 0.5618055555555556 0.034895833333333334 0.017361111111111112
1 0.7921875 0.5631944444444444 0.028645833333333332 0.013194444444444444
1 0.7947916666666667 0.5597222222222222 0.030729166666666665 0.0125
1 0.7765625 0.5444444444444444 0.020833333333333332 0.010416666666666666
1 0.7760416666666666 0.5416666666666666 0.020833333333333332 0.010416666666666666
1 0.7994791666666666 0.5444444444444444 0.020833333333333332 0.010416666666666666
1 0.8630208333333333 0.5472222222222223 0.0171875 0.008333333333333333
1 0.8578125 0.5465277777777777 0.01875 0.010416666666666666
1 0.8552083333333333 0.54375 0.015104166666666667 0.009722222222222222
1 0.84375 0.5402777777777777 0.015104166666666667 0.009722222222222222
1 0.8411458333333334 0.5402777777777777 0.015104166666666667 0.009722222222222222
1 0.8375 0.5388888888888889 0.015104166666666667 0.009722222222222222
1 0.8322916666666667 0.5368055555555555 0.015104166666666667 0.009722222222222222
1 0.8317708333333333 0.5354166666666667 0.015104166666666667 0.009722222222222222
1 0.828125 0.5326388888888889 0.015104166666666667 0.009722222222222222
1 0.8255208333333334 0.5333333333333333 0.015104166666666667 0.009722222222222222