1 0.3390625 0.9673611111111111 0.06927083333333334 0.06458333333333334
1 0.3541666666666667 0.73125 0.0515625 0.13402777777777777
1 0.31354166666666666 0.6868055555555556 0.0484375 0.12569444444444444
1 0.3307291666666667 0.5222222222222223 0.044270833333333336 0.11319444444444444
1 0.2859375 0.5361111111111111 0.042708333333333334 0.1125
1 0.3494791666666667 0.37777777777777777 0.05 0.11597222222222223
1 0.49166666666666664 0.4666666666666667 0.034895833333333334 0.09166666666666666
1 0.4140625 0.1076388888888889 0.03854166666666667 0.09930555555555555
1 0.3859375 0.02847222222222222 0.036458333333333336 0.05694444444444444
3 0.3723958333333333 0.14097222222222222 0.03697916666666667 0.08958333333333333
1 0.703125 0.20555555555555555 0.0390625 0.09236111111111112
1 0.7098958333333333 0.31875 0.03802083333333333 0.09652777777777778
1 0.7177083333333333 0.4597222222222222 0.0421875 0.1125
1 0.7223958333333333 0.6006944444444444 0.041666666666666664 0.12361111111111112
1 0.7296875 0.7715277777777778 0.049479166666666664 0.14305555555555555
1 0.7333333333333333 0.9416666666666667 0.04739583333333333 0.1125
3 0.3734375 0.25416666666666665 0.0359375 0.10694444444444444