2 0.042708333333333334 0.9736111111111111 0.025520833333333333 0.050694444444444445
1 0.3171875 0.7215277777777778 0.0140625 0.052083333333333336
0 0.0390625 0.027777777777777776 0.03802083333333333 0.05555555555555555
0 0.165625 0.1451388888888889 0.025520833333333333 0.09513888888888888
1 0.078125 0.08472222222222223 0.016666666666666666 0.035416666666666666
3 0.0515625 0.17916666666666667 0.01875 0.035416666666666666
3 0.15208333333333332 0.38958333333333334 0.0140625 0.04027777777777778
3 0.2 0.36319444444444443 0.0140625 0.04583333333333333
0 0.1265625 0.38125 0.020833333333333332 0.0798611111111111
1 0.4791666666666667 0.05277777777777778 0.011979166666666667 0.034027777777777775
0 0.59375 0.1736111111111111 0.01875 0.11180555555555556
2 0.5583333333333333 0.26666666666666666 0.01875 0.058333333333333334
3 0.6458333333333334 0.011111111111111112 0.0265625 0.021527777777777778
3 0.6572916666666667 0.052083333333333336 0.025520833333333333 0.025694444444444443
3 0.6572916666666667 0.07152777777777777 0.0265625 0.024305555555555556
3 0.6630208333333333 0.09166666666666666 0.027083333333333334 0.024305555555555556
1 0.5572916666666666 0.3527777777777778 0.025520833333333333 0.035416666666666666
1 0.45677083333333335 0.40625 0.027604166666666666 0.022916666666666665
0 0.9833333333333333 0.44027777777777777 0.03333333333333333 0.04027777777777778
0 0.9614583333333333 0.5993055555555555 0.0515625 0.13472222222222222
0 0.8734375 0.41805555555555557 0.07708333333333334 0.05486111111111111
0 0.8359375 0.4986111111111111 0.04739583333333333 0.07083333333333333
0 0.8109375 0.4930555555555556 0.04583333333333333 0.07222222222222222
0 0.8020833333333334 0.5194444444444445 0.042708333333333334 0.07222222222222222
0 0.7734375 0.5118055555555555 0.0484375 0.08263888888888889
0 0.7322916666666667 0.5215277777777778 0.05572916666666667 0.10416666666666667
0 0.8171875 0.625 0.08020833333333334 0.05486111111111111
0 0.7005208333333334 0.6465277777777778 0.029166666666666667 0.0875
0 0.7296875 0.6909722222222222 0.04479166666666667 0.13055555555555556
0 0.7505208333333333 0.6854166666666667 0.04375 0.13958333333333334
2 0.9078125 0.9375 0.04583333333333333 0.09375
1 0.9640625 0.9277777777777778 0.025 0.058333333333333334
3 0.9854166666666667 0.9291666666666667 0.029166666666666667 0.06319444444444444
3 0.8708333333333333 0.7604166666666666 0.021354166666666667 0.05347222222222222
1 0.9041666666666667 0.74375 0.020833333333333332 0.050694444444444445
1 0.9229166666666667 0.7381944444444445 0.022916666666666665 0.05486111111111111
3 0.7109375 0.9430555555555555 0.019791666666666666 0.050694444444444445
1 0.7015625 0.8784722222222222 0.019791666666666666 0.05486111111111111
1 0.2375 0.7569444444444444 0.015104166666666667 0.05486111111111111
1 0.12552083333333333 0.6986111111111111 0.0140625 0.049305555555555554
3 0.15885416666666666 0.85 0.016666666666666666 0.04791666666666667
2 0.14791666666666667 0.6465277777777778 0.025520833333333333 0.08472222222222223
0 0.2989583333333333 0.4361111111111111 0.07760416666666667 0.0625
0 0.16145833333333334 0.54375 0.07864583333333333 0.05486111111111111
1 0.16302083333333334 0.4861111111111111 0.03229166666666667 0.025694444444444443