1 0.4640625 0.7416666666666667 0.08125 0.058333333333333334
1 0.4744791666666667 0.7 0.07708333333333334 0.04722222222222222
1 0.48541666666666666 0.6625 0.07552083333333333 0.050694444444444445
1 0.49166666666666664 0.625 0.06927083333333334 0.04097222222222222
1 0.49895833333333334 0.5944444444444444 0.06770833333333333 0.03958333333333333
1 0.4953125 0.5659722222222222 0.06770833333333333 0.03888888888888889
1 0.4979166666666667 0.5395833333333333 0.058333333333333334 0.03333333333333333
1 0.496875 0.5090277777777777 0.059895833333333336 0.03333333333333333
1 0.5057291666666667 0.48819444444444443 0.05572916666666667 0.029166666666666667
1 0.5041666666666667 0.4666666666666667 0.0578125 0.030555555555555555
1 0.4979166666666667 0.44583333333333336 0.04895833333333333 0.030555555555555555
1 0.4895833333333333 0.3875 0.020833333333333332 0.025694444444444443
1 0.54375 0.12361111111111112 0.008333333333333333 0.009722222222222222
1 0.5411458333333333 0.06458333333333334 0.005729166666666666 0.007638888888888889
1 0.5296875 0.04027777777777778 0.0067708333333333336 0.006944444444444444
1 0.5875 0.05277777777777778 0.007291666666666667 0.006944444444444444
1 0.5953125 0.058333333333333334 0.00625 0.008333333333333333
3 0.5916666666666667 0.043055555555555555 0.010416666666666666 0.006944444444444444
1 0.51875 0.03888888888888889 0.0067708333333333336 0.006944444444444444
1 0.528125 0.04722222222222222 0.011458333333333333 0.006944444444444444
1 0.5515625 0.04583333333333333 0.00625 0.00625
1 0.5385416666666667 0.07013888888888889 0.00625 0.009027777777777777
3 0.5416666666666666 0.13055555555555556 0.007291666666666667 0.010416666666666666
2 0.534375 0.08402777777777778 0.008333333333333333 0.018055555555555554
1 0.53125 0.12291666666666666 0.010416666666666666 0.011805555555555555
1 0.5302083333333333 0.13680555555555557 0.007291666666666667 0.010416666666666666
1 0.48802083333333335 0.4131944444444444 0.0203125 0.029166666666666667
1 0.45208333333333334 0.4979166666666667 0.024479166666666666 0.04861111111111111
1 0.390625 0.525 0.03229166666666667 0.050694444444444445
1 0.3723958333333333 0.5847222222222223 0.03958333333333333 0.0625