1 0.3484375 0.5263888888888889 0.04635416666666667 0.05555555555555555
1 0.253125 0.5361111111111111 0.052083333333333336 0.075
1 0.24010416666666667 0.40069444444444446 0.0484375 0.08402777777777778
1 0.1640625 0.7881944444444444 0.057291666666666664 0.09375
1 0.05625 0.6763888888888889 0.059895833333333336 0.08888888888888889
1 0.209375 0.9277777777777778 0.06302083333333333 0.10416666666666667
1 0.5244791666666667 0.7388888888888889 0.06197916666666667 0.05347222222222222
1 0.5255208333333333 0.9138888888888889 0.06302083333333333 0.08888888888888889
1 0.5744791666666667 0.7888888888888889 0.0421875 0.0798611111111111
1 0.6328125 0.8263888888888888 0.028645833333333332 0.12152777777777778
1 0.6427083333333333 0.6027777777777777 0.0421875 0.09166666666666666
1 0.6130208333333333 0.5638888888888889 0.042708333333333334 0.09513888888888888
1 0.5442708333333334 0.44027777777777777 0.041666666666666664 0.08402777777777778
1 0.4890625 0.39444444444444443 0.04375 0.08611111111111111
1 0.7041666666666667 0.6527777777777778 0.041666666666666664 0.1
1 0.7369791666666666 0.6583333333333333 0.0421875 0.1
1 0.7984375 0.7388888888888889 0.044270833333333336 0.11041666666666666
1 0.8375 0.75625 0.040625 0.10138888888888889
1 0.8265625 0.9076388888888889 0.034375 0.10694444444444444
1 0.8734375 0.8006944444444445 0.04479166666666667 0.10694444444444444
1 0.321875 0.4597222222222222 0.05364583333333333 0.07013888888888889
3 0.32760416666666664 0.33055555555555555 0.05 0.1076388888888889
3 0.3875 0.3111111111111111 0.04479166666666667 0.06875
3 0.2838541666666667 0.24930555555555556 0.040625 0.08263888888888889
0 0.096875 0.34652777777777777 0.09947916666666666 0.13194444444444445
1 0.0296875 0.14305555555555555 0.04635416666666667 0.0625
1 0.16875 0.09166666666666666 0.04739583333333333 0.07361111111111111
1 0.19270833333333334 0.1111111111111111 0.040625 0.0625
1 0.21302083333333333 0.1451388888888889 0.04739583333333333 0.07708333333333334
1 0.23958333333333334 0.18541666666666667 0.04375 0.07083333333333333
1 0.2625 0.2152777777777778 0.0390625 0.07708333333333334
1 0.14739583333333334 0.05625 0.052083333333333336 0.07708333333333334
2 0.1140625 0.04652777777777778 0.052083333333333336 0.09236111111111112
3 0.98125 0.8833333333333333 0.03697916666666667 0.10694444444444444
1 0.5994791666666667 0.9770833333333333 0.0609375 0.043055555555555555