2 0.04635416666666667 0.36666666666666664 0.0578125 0.06805555555555555
1 0.13802083333333334 0.3861111111111111 0.05625 0.049305555555555554
3 0.15625 0.39861111111111114 0.06145833333333333 0.05277777777777778
1 0.190625 0.4166666666666667 0.0546875 0.04791666666666667
1 0.21614583333333334 0.43333333333333335 0.058333333333333334 0.05555555555555555
1 0.21145833333333333 0.5326388888888889 0.0671875 0.06111111111111111
1 0.027604166666666666 0.5326388888888889 0.05364583333333333 0.07222222222222222
3 0.121875 0.6361111111111111 0.090625 0.10555555555555556
1 0.8828125 0.5680555555555555 0.0546875 0.06805555555555555
1 0.7947916666666667 0.4618055555555556 0.041666666666666664 0.05555555555555555
1 0.7776041666666667 0.425 0.036458333333333336 0.04375
1 0.7614583333333333 0.38680555555555557 0.028125 0.04097222222222222
1 0.7432291666666667 0.3506944444444444 0.027083333333333334 0.029861111111111113
3 0.6786458333333333 0.4895833333333333 0.03229166666666667 0.0763888888888889
3 0.6713541666666667 0.4354166666666667 0.027083333333333334 0.050694444444444445
1 0.6588541666666666 0.38333333333333336 0.023958333333333335 0.05555555555555555
1 0.5885416666666666 0.5118055555555555 0.05520833333333333 0.06944444444444445
1 0.6046875 0.2013888888888889 0.015104166666666667 0.025694444444444443
1 0.6463541666666667 0.3263888888888889 0.019791666666666666 0.050694444444444445
2 0.9515625 0.2423611111111111 0.028125 0.021527777777777778
3 0.9854166666666667 0.2465277777777778 0.027604166666666666 0.027777777777777776