1 0.4609375 0.8034722222222223 0.0296875 0.0875
1 0.5109375 0.5152777777777777 0.016666666666666666 0.04513888888888889
1 0.5 0.35347222222222224 0.014583333333333334 0.03125
1 0.5276041666666667 0.34305555555555556 0.011979166666666667 0.027777777777777776
1 0.5567708333333333 0.33055555555555555 0.013020833333333334 0.03333333333333333
1 0.5619791666666667 0.26944444444444443 0.011979166666666667 0.022916666666666665
1 0.8854166666666666 0.9305555555555556 0.06510416666666667 0.05486111111111111
1 0.15729166666666666 0.40347222222222223 0.022916666666666665 0.024305555555555556
1 0.128125 0.39861111111111114 0.0265625 0.021527777777777778
1 0.08385416666666666 0.39305555555555555 0.030208333333333334 0.025694444444444443
1 0.017708333333333333 0.3888888888888889 0.03333333333333333 0.027083333333333334
1 0.1859375 0.32569444444444445 0.0296875 0.02013888888888889
1 0.3177083333333333 0.35555555555555557 0.016666666666666666 0.030555555555555555
3 0.525 0.13680555555555557 0.0078125 0.019444444444444445
0 0.584375 0.33194444444444443 0.017708333333333333 0.07083333333333333
1 0.5635416666666667 0.18888888888888888 0.008854166666666666 0.01597222222222222
1 0.5572916666666666 0.11180555555555556 0.007291666666666667 0.011805555555555555
1 0.559375 0.09305555555555556 0.00625 0.011111111111111112
1 0.5635416666666667 0.075 0.00625 0.011805555555555555
0 0.5072916666666667 0.10416666666666667 0.0109375 0.03125
1 0.5328125 0.03680555555555556 0.005729166666666666 0.011111111111111112
1 0.55625 0.04513888888888889 0.005208333333333333 0.010416666666666666
1 0.5630208333333333 0.025 0.005208333333333333 0.009027777777777777
1 0.6260416666666667 0.35625 0.021354166666666667 0.025694444444444443
1 0.6911458333333333 0.37916666666666665 0.028125 0.022916666666666665
1 0.6661458333333333 0.4409722222222222 0.016666666666666666 0.03333333333333333
1 0.6885416666666667 0.3611111111111111 0.030208333333333334 0.022916666666666665
1 0.6786458333333333 0.33611111111111114 0.029166666666666667 0.019444444444444445
3 0.6802083333333333 0.3076388888888889 0.027604166666666666 0.02013888888888889
3 0.6859375 0.31666666666666665 0.022395833333333334 0.024305555555555556
3 0.6817708333333333 0.3472222222222222 0.023958333333333335 0.02013888888888889
3 0.778125 0.6909722222222222 0.0421875 0.041666666666666664
1 0.7859375 0.75625 0.052083333333333336 0.041666666666666664
3 0.7526041666666666 0.5868055555555556 0.046875 0.04375
3 0.7307291666666667 0.5263888888888889 0.033854166666666664 0.03611111111111111
1 0.7255208333333333 0.49375 0.03697916666666667 0.030555555555555555
1 0.64375 0.2847222222222222 0.011458333333333333 0.01875
1 0.6640625 0.2569444444444444 0.021875 0.01875
1 0.6630208333333333 0.24861111111111112 0.021875 0.014583333333333334
1 0.6802083333333333 0.22847222222222222 0.021875 0.01875
1 0.6546875 0.22708333333333333 0.021354166666666667 0.01597222222222222
3 0.6203125 0.1701388888888889 0.008854166666666666 0.017361111111111112
3 0.6354166666666666 0.16041666666666668 0.016666666666666666 0.016666666666666666
1 0.6067708333333334 0.08055555555555556 0.00625 0.011805555555555555
1 0.5296875 0.027083333333333334 0.005729166666666666 0.011111111111111112
3 0.6046875 0.07083333333333333 0.005729166666666666 0.011805555555555555
1 0.6020833333333333 0.06597222222222222 0.00625 0.009027777777777777
1 0.6 0.050694444444444445 0.005729166666666666 0.009027777777777777
1 0.5984375 0.04652777777777778 0.0078125 0.007638888888888889
3 0.5979166666666667 0.04097222222222222 0.0046875 0.009027777777777777
1 0.5588541666666667 0.016666666666666666 0.005729166666666666 0.007638888888888889
1 0.559375 0.008333333333333333 0.004166666666666667 0.007638888888888889