1 0.5114583333333333 0.7201388888888889 0.0484375 0.08958333333333333
1 0.46927083333333336 0.8298611111111112 0.057291666666666664 0.10277777777777777
1 0.42135416666666664 0.9472222222222222 0.06354166666666666 0.10555555555555556
1 0.6463541666666667 0.6263888888888889 0.041666666666666664 0.1
1 0.6703125 0.3159722222222222 0.0234375 0.03333333333333333
1 0.7109375 0.20902777777777778 0.0171875 0.025694444444444443
1 0.7244791666666667 0.1798611111111111 0.0171875 0.022222222222222223
1 0.7348958333333333 0.12083333333333333 0.011979166666666667 0.020833333333333332
1 0.7520833333333333 0.10555555555555556 0.013020833333333334 0.015277777777777777
2 0.7859375 0.058333333333333334 0.0109375 0.018055555555555554
1 0.8880208333333334 0.13125 0.01875 0.0125