1 0.18125 0.05 0.08020833333333334 0.1
3 0.453125 0.31875 0.08072916666666667 0.08958333333333333
1 0.6494791666666667 0.2763888888888889 0.09791666666666667 0.1076388888888889
1 0.525 0.40208333333333335 0.09270833333333334 0.1076388888888889
1 0.55625 0.35208333333333336 0.08697916666666666 0.09791666666666667
1 0.5833333333333334 0.29930555555555555 0.0859375 0.10833333333333334
1 0.64375 0.19027777777777777 0.084375 0.10277777777777777
1 0.6708333333333333 0.14722222222222223 0.09270833333333334 0.10347222222222222
1 0.7020833333333333 0.1 0.08854166666666667 0.10486111111111111
1 0.7291666666666666 0.04861111111111111 0.08854166666666667 0.09722222222222222
1 0.7640625 0.025694444444444443 0.07447916666666667 0.05138888888888889
1 0.7203125 0.3993055555555556 0.07916666666666666 0.1125
1 0.7583333333333333 0.4354166666666667 0.08020833333333334 0.12013888888888889
1 0.7921875 0.4777777777777778 0.084375 0.12986111111111112
3 0.9140625 0.45555555555555555 0.11302083333333333 0.11527777777777778
3 0.8322916666666667 0.51875 0.06979166666666667 0.09722222222222222
1 0.86875 0.5513888888888889 0.07864583333333333 0.11805555555555555
1 0.9088541666666666 0.5868055555555556 0.07916666666666666 0.12013888888888889
1 0.9578125 0.6104166666666667 0.084375 0.12013888888888889
1 0.5338541666666666 0.5395833333333333 0.06927083333333334 0.11736111111111111
1 0.5723958333333333 0.5819444444444445 0.075 0.11458333333333333
1 0.6171875 0.6222222222222222 0.07708333333333334 0.1361111111111111
1 0.6552083333333333 0.6659722222222222 0.0765625 0.12777777777777777
1 0.6947916666666667 0.7006944444444444 0.08072916666666667 0.12361111111111112
1 0.8171875 0.8263888888888888 0.0828125 0.13125
1 0.8734375 0.8375 0.07447916666666667 0.12638888888888888
3 0.7755208333333333 0.7916666666666666 0.07239583333333334 0.12222222222222222
3 0.734375 0.7423611111111111 0.0640625 0.1111111111111111
1 0.8963541666666667 0.9131944444444444 0.07552083333333333 0.12361111111111112
1 0.9510416666666667 0.9333333333333333 0.06770833333333333 0.10069444444444445