1 0.6697916666666667 0.9527777777777777 0.0671875 0.050694444444444445
1 0.4510416666666667 0.9805555555555555 0.06666666666666667 0.03888888888888889
1 0.46875 0.9520833333333333 0.0640625 0.052083333333333336
1 0.41875 0.7868055555555555 0.0640625 0.05138888888888889
1 0.4359375 0.7493055555555556 0.05572916666666667 0.04652777777777778
1 0.43645833333333334 0.7083333333333334 0.05572916666666667 0.04861111111111111
1 0.44427083333333334 0.6736111111111112 0.058333333333333334 0.044444444444444446
1 0.45989583333333334 0.5395833333333333 0.05260416666666667 0.043055555555555555
1 0.4640625 0.5097222222222222 0.050520833333333334 0.03888888888888889
3 0.465625 0.47638888888888886 0.04739583333333333 0.04097222222222222
1 0.4713541666666667 0.39861111111111114 0.04010416666666667 0.050694444444444445
1 0.4817708333333333 0.36875 0.040625 0.04791666666666667
1 0.48802083333333335 0.33611111111111114 0.040625 0.04583333333333333
1 0.49114583333333334 0.24166666666666667 0.029166666666666667 0.041666666666666664