1 0.8640625 0.6277777777777778 0.19739583333333333 0.10833333333333334
1 0.7770833333333333 0.8048611111111111 0.184375 0.20972222222222223
1 0.3723958333333333 0.6715277777777777 0.0921875 0.18680555555555556
1 0.471875 0.5805555555555556 0.08489583333333334 0.11736111111111111
1 0.3703125 0.5083333333333333 0.06927083333333334 0.11041666666666666
1 0.43697916666666664 0.4534722222222222 0.057291666666666664 0.07708333333333334
1 0.1609375 0.6090277777777777 0.11302083333333333 0.15694444444444444
1 0.14479166666666668 0.44027777777777777 0.134375 0.07361111111111111
1 0.1546875 0.4027777777777778 0.12239583333333333 0.059027777777777776
1 0.25729166666666664 0.36180555555555555 0.05364583333333333 0.07430555555555556
1 0.2833333333333333 0.30694444444444446 0.03854166666666667 0.059027777777777776
1 0.30052083333333335 0.27708333333333335 0.029166666666666667 0.03611111111111111
1 0.3072916666666667 0.25555555555555554 0.027604166666666666 0.03680555555555556
1 0.27708333333333335 0.24444444444444444 0.041666666666666664 0.03263888888888889
1 0.2791666666666667 0.23125 0.04583333333333333 0.029861111111111113
1 0.30364583333333334 0.21458333333333332 0.04583333333333333 0.025
1 0.31197916666666664 0.20347222222222222 0.03697916666666667 0.020833333333333332
1 0.3671875 0.3763888888888889 0.04583333333333333 0.06666666666666667
1 0.4244791666666667 0.3541666666666667 0.036458333333333336 0.04791666666666667
1 0.5369791666666667 0.38125 0.05260416666666667 0.06180555555555556
1 0.490625 0.2965277777777778 0.0328125 0.04027777777777778
3 0.4817708333333333 0.2673611111111111 0.03333333333333333 0.030555555555555555
1 0.46979166666666666 0.2534722222222222 0.024479166666666666 0.034027777777777775
1 0.465625 0.24166666666666667 0.024479166666666666 0.022916666666666665
1 0.4557291666666667 0.23125 0.024479166666666666 0.022916666666666665
1 0.4479166666666667 0.2111111111111111 0.024479166666666666 0.025
1 0.4640625 0.2 0.04010416666666667 0.022916666666666665
1 0.4505208333333333 0.1909722222222222 0.034375 0.025694444444444443
1 0.41875 0.31875 0.0359375 0.034027777777777775
1 0.4140625 0.29444444444444445 0.03229166666666667 0.034027777777777775
1 0.40677083333333336 0.2673611111111111 0.0234375 0.035416666666666666
1 0.36666666666666664 0.30416666666666664 0.03229166666666667 0.03333333333333333
1 0.37083333333333335 0.3333333333333333 0.040625 0.04791666666666667
1 0.40625 0.24791666666666667 0.0265625 0.027777777777777776
1 0.39947916666666666 0.23402777777777778 0.024479166666666666 0.025694444444444443
1 0.3984375 0.21875 0.024479166666666666 0.02013888888888889
1 0.39114583333333336 0.20208333333333334 0.017708333333333333 0.022916666666666665
1 0.3880208333333333 0.18472222222222223 0.017708333333333333 0.020833333333333332
1 0.38697916666666665 0.16944444444444445 0.013020833333333334 0.015277777777777777
1 0.3859375 0.16041666666666668 0.013020833333333334 0.0125
1 0.36822916666666666 0.2798611111111111 0.03229166666666667 0.03611111111111111
1 0.3697916666666667 0.25069444444444444 0.0234375 0.027777777777777776
1 0.3692708333333333 0.225 0.027083333333333334 0.029861111111111113
1 0.3697916666666667 0.19791666666666666 0.0171875 0.025
1 0.37083333333333335 0.17569444444444443 0.015625 0.02013888888888889
1 0.3697916666666667 0.16319444444444445 0.011458333333333333 0.01597222222222222
1 0.6848958333333334 0.5291666666666667 0.1359375 0.09027777777777778