1 0.7223958333333333 0.5736111111111111 0.08489583333333334 0.06875
1 0.9276041666666667 0.4895833333333333 0.0734375 0.06111111111111111
1 0.39114583333333336 0.4201388888888889 0.0578125 0.05555555555555555
1 0.09947916666666666 0.31527777777777777 0.05416666666666667 0.04722222222222222
0 0.31354166666666666 0.27847222222222223 0.08020833333333334 0.07013888888888889
3 0.334375 0.6625 0.06145833333333333 0.06111111111111111
1 0.7104166666666667 0.7555555555555555 0.06354166666666666 0.05694444444444444
1 0.5697916666666667 0.6944444444444444 0.0515625 0.05555555555555555
3 0.64375 0.7243055555555555 0.0640625 0.06458333333333334
2 0.48854166666666665 0.6423611111111112 0.0859375 0.09652777777777778
3 0.8588541666666667 0.7055555555555556 0.07239583333333334 0.058333333333333334
1 0.0890625 0.24375 0.06197916666666667 0.058333333333333334
0 0.45677083333333335 0.27569444444444446 0.059375 0.05347222222222222
3 0.8177083333333334 0.2152777777777778 0.01875 0.049305555555555554
1 0.8395833333333333 0.225 0.017708333333333333 0.041666666666666664
2 0.9692708333333333 0.28402777777777777 0.06145833333333333 0.06527777777777778
2 0.9677083333333333 0.2375 0.05625 0.05347222222222222
2 0.9666666666666667 0.21736111111111112 0.058333333333333334 0.049305555555555554
2 0.9630208333333333 0.16319444444444445 0.049479166666666664 0.05694444444444444
1 0.9052083333333333 0.29097222222222224 0.05260416666666667 0.041666666666666664
1 0.909375 0.26944444444444443 0.0484375 0.029166666666666667
1 0.9072916666666667 0.2388888888888889 0.0390625 0.03194444444444444
3 0.909375 0.21944444444444444 0.04739583333333333 0.03819444444444445
1 0.9036458333333334 0.20972222222222223 0.03697916666666667 0.025694444444444443
1 0.90625 0.19444444444444445 0.040625 0.022916666666666665
1 0.9072916666666667 0.16527777777777777 0.03854166666666667 0.029166666666666667
3 0.9088541666666666 0.14791666666666667 0.040625 0.03680555555555556
1 0.8401041666666667 0.13402777777777777 0.016666666666666666 0.03680555555555556
1 0.8046875 0.15138888888888888 0.019270833333333334 0.041666666666666664
1 0.8223958333333333 0.12569444444444444 0.009895833333333333 0.03333333333333333
3 0.8078125 0.11388888888888889 0.015625 0.03680555555555556
1 0.7916666666666666 0.11597222222222223 0.013020833333333334 0.03194444444444444
1 0.7708333333333334 0.1361111111111111 0.022395833333333334 0.052083333333333336
1 0.7541666666666667 0.1326388888888889 0.019791666666666666 0.049305555555555554
1 0.6671875 0.03333333333333333 0.028645833333333332 0.027777777777777776
1 0.7005208333333334 0.03819444444444445 0.034375 0.03333333333333333
1 0.7619791666666667 0.022916666666666665 0.0328125 0.02013888888888889
1 0.7578125 0.05486111111111111 0.030208333333333334 0.030555555555555555
1 0.7213541666666666 0.24791666666666667 0.0359375 0.03194444444444444
1 0.721875 0.22847222222222222 0.036458333333333336 0.03333333333333333
1 0.7223958333333333 0.20902777777777778 0.036458333333333336 0.03680555555555556
1 0.7255208333333333 0.19305555555555556 0.036458333333333336 0.03333333333333333
1 0.7260416666666667 0.1736111111111111 0.03229166666666667 0.030555555555555555
1 0.728125 0.15694444444444444 0.03802083333333333 0.03680555555555556
1 0.7161458333333334 0.26666666666666666 0.036458333333333336 0.043055555555555555
1 0.7348958333333333 0.1284722222222222 0.0171875 0.04027777777777778
1 0.7192708333333333 0.12083333333333333 0.019791666666666666 0.035416666666666666
1 0.7109375 0.09166666666666666 0.0171875 0.034027777777777775
1 0.6932291666666667 0.08680555555555555 0.017708333333333333 0.03680555555555556
1 0.6677083333333333 0.1 0.019270833333333334 0.04027777777777778
1 0.6786458333333333 0.2534722222222222 0.03125 0.03958333333333333
3 0.6875 0.2048611111111111 0.0234375 0.02638888888888889
3 0.7729166666666667 0.10555555555555556 0.013020833333333334 0.027777777777777776
3 0.7578125 0.10486111111111111 0.015625 0.029166666666666667
3 0.740625 0.09791666666666667 0.01875 0.027777777777777776
1 0.89375 0.09444444444444444 0.03333333333333333 0.029166666666666667
3 0.8583333333333333 0.08125 0.03802083333333333 0.027777777777777776
3 0.7947916666666667 0.0625 0.03333333333333333 0.035416666666666666
3 0.8005208333333333 0.05 0.03333333333333333 0.034027777777777775
3 0.7994791666666666 0.022916666666666665 0.034375 0.027777777777777776
1 0.8552083333333333 0.06944444444444445 0.040625 0.02638888888888889
1 0.8598958333333333 0.04791666666666667 0.029166666666666667 0.024305555555555556
1 0.89375 0.07708333333333334 0.030729166666666665 0.025694444444444443
1 0.8958333333333334 0.05763888888888889 0.0359375 0.03194444444444444
1 0.8958333333333334 0.03333333333333333 0.03229166666666667 0.02638888888888889
1 0.8598958333333333 0.022916666666666665 0.030729166666666665 0.025694444444444443
1 0.9682291666666667 0.11666666666666667 0.029166666666666667 0.030555555555555555
1 0.9651041666666667 0.09861111111111111 0.0359375 0.03194444444444444
1 0.9598958333333333 0.06458333333333334 0.0359375 0.030555555555555555
1 0.9541666666666667 0.02361111111111111 0.034375 0.024305555555555556
1 0.9869791666666666 0.04236111111111111 0.022395833333333334 0.029166666666666667
1 0.41510416666666666 0.6194444444444445 0.05520833333333333 0.06111111111111111
1 0.8401041666666667 0.33402777777777776 0.024479166666666666 0.05347222222222222
1 0.6848958333333334 0.23125 0.028645833333333332 0.03333333333333333
1 0.6713541666666667 0.011111111111111112 0.034375 0.021527777777777778
1 0.9609375 0.059722222222222225 0.030729166666666665 0.027777777777777776