3 0.35260416666666666 0.27708333333333335 0.01875 0.05486111111111111
3 0.42552083333333335 0.08819444444444445 0.019270833333333334 0.044444444444444446
1 0.30885416666666665 0.6930555555555555 0.027604166666666666 0.08402777777777778
1 0.35260416666666666 0.6520833333333333 0.027083333333333334 0.08611111111111111
1 0.38333333333333336 0.4666666666666667 0.022395833333333334 0.059722222222222225
1 0.35520833333333335 0.4083333333333333 0.01875 0.05694444444444444
1 0.48020833333333335 0.8048611111111111 0.03697916666666667 0.11319444444444444
1 0.46510416666666665 0.46597222222222223 0.0328125 0.08125
1 0.6140625 0.46597222222222223 0.030729166666666665 0.08125
1 0.540625 0.3416666666666667 0.025520833333333333 0.0625
1 0.6713541666666667 0.19166666666666668 0.027083333333333334 0.06319444444444444
1 0.5817708333333333 0.09027777777777778 0.027604166666666666 0.043055555555555555
1 0.39739583333333334 0.059027777777777776 0.015104166666666667 0.03958333333333333
1 0.32864583333333336 0.11875 0.015625 0.03680555555555556
2 0.2890625 0.9326388888888889 0.05416666666666667 0.13194444444444445
2 0.8578125 0.6402777777777777 0.042708333333333334 0.10555555555555556
2 0.8921875 0.6729166666666667 0.041666666666666664 0.10902777777777778
2 0.9265625 0.7097222222222223 0.044270833333333336 0.11666666666666667
2 0.9640625 0.7361111111111112 0.04375 0.15
2 0.928125 0.49583333333333335 0.04791666666666667 0.1284722222222222
2 0.984375 0.5298611111111111 0.03125 0.12916666666666668
1 0.7859375 0.2465277777777778 0.022395833333333334 0.04791666666666667
1 0.8677083333333333 0.40694444444444444 0.022916666666666665 0.052083333333333336
1 0.9130208333333333 0.4305555555555556 0.024479166666666666 0.05486111111111111
1 0.8625 0.33611111111111114 0.04479166666666667 0.04583333333333333
1 0.8640625 0.3076388888888889 0.03802083333333333 0.03680555555555556
3 0.984375 0.36180555555555555 0.03125 0.043055555555555555
1 0.9848958333333333 0.3902777777777778 0.030208333333333334 0.044444444444444446
1 0.9416666666666667 0.44375 0.025520833333333333 0.05694444444444444
1 0.8880208333333334 0.23958333333333334 0.016666666666666666 0.04583333333333333
1 0.9104166666666667 0.24444444444444444 0.019270833333333334 0.044444444444444446
1 0.9307291666666667 0.2569444444444444 0.01875 0.04722222222222222
1 0.953125 0.26666666666666666 0.016666666666666666 0.04583333333333333
1 0.9776041666666667 0.27569444444444446 0.015104166666666667 0.049305555555555554
1 0.9125 0.21666666666666667 0.027604166666666666 0.04027777777777778
1 0.940625 0.22430555555555556 0.021354166666666667 0.044444444444444446
3 0.9661458333333334 0.23819444444444443 0.0234375 0.044444444444444446
1 0.9885416666666667 0.2520833333333333 0.022916666666666665 0.04861111111111111
1 0.7505208333333333 0.11736111111111111 0.015104166666666667 0.03194444444444444
1 0.7578125 0.09166666666666666 0.01875 0.035416666666666666
1 0.7322916666666667 0.15347222222222223 0.01875 0.03819444444444445
1 0.7197916666666667 0.17430555555555555 0.019791666666666666 0.03958333333333333
1 0.7166666666666667 0.13333333333333333 0.022395833333333334 0.04027777777777778
1 0.7348958333333333 0.08472222222222223 0.022916666666666665 0.05555555555555555
1 0.7046875 0.21319444444444444 0.020833333333333332 0.04583333333333333
1 0.7166666666666667 0.03194444444444444 0.025 0.050694444444444445
1 0.6916666666666667 0.018055555555555554 0.022395833333333334 0.035416666666666666
1 0.4432291666666667 0.3861111111111111 0.020833333333333332 0.049305555555555554
1 0.5166666666666667 0.0763888888888889 0.01875 0.03333333333333333
1 0.821875 0.38125 0.0265625 0.052083333333333336
1 0.8677083333333333 0.2298611111111111 0.015104166666666667 0.050694444444444445
3 0.8833333333333333 0.20416666666666666 0.028645833333333332 0.04583333333333333
1 0.37447916666666664 0.15486111111111112 0.019791666666666666 0.05347222222222222