1 0.5635416666666667 0.46458333333333335 0.07291666666666667 0.04097222222222222
1 0.6479166666666667 0.35347222222222224 0.022916666666666665 0.034027777777777775
1 0.6963541666666667 0.3680555555555556 0.027083333333333334 0.03333333333333333
1 0.6947916666666667 0.3034722222222222 0.015625 0.02013888888888889
1 0.6947916666666667 0.32083333333333336 0.017708333333333333 0.025
1 0.6953125 0.34305555555555556 0.022395833333333334 0.027777777777777776
1 0.8520833333333333 0.38263888888888886 0.03697916666666667 0.03888888888888889
3 0.8765625 0.4076388888888889 0.036458333333333336 0.05138888888888889
1 0.8984375 0.4583333333333333 0.04635416666666667 0.04791666666666667
1 0.6369791666666667 0.7097222222222223 0.065625 0.1125
3 0.6229166666666667 0.8368055555555556 0.08020833333333334 0.1840277777777778
1 0.9807291666666667 0.6819444444444445 0.03854166666666667 0.09444444444444444