2 0.11041666666666666 0.7333333333333333 0.125 0.09652777777777778
2 0.13333333333333333 0.5902777777777778 0.1234375 0.09930555555555555
2 0.14166666666666666 0.5256944444444445 0.12552083333333333 0.08888888888888889
2 0.14270833333333333 0.4597222222222222 0.10625 0.08402777777777778
2 0.14791666666666667 0.4111111111111111 0.09739583333333333 0.08125
2 0.15885416666666666 0.35138888888888886 0.090625 0.07361111111111111
2 0.17916666666666667 0.3104166666666667 0.09270833333333334 0.09236111111111112
2 0.36041666666666666 0.47847222222222224 0.109375 0.08125
2 0.3385416666666667 0.7402777777777778 0.10572916666666667 0.09236111111111112
2 0.35520833333333335 0.5423611111111111 0.10416666666666667 0.09513888888888888
2 0.36302083333333335 0.3736111111111111 0.10520833333333333 0.09027777777777778
3 0.43697916666666664 0.8152777777777778 0.07864583333333333 0.075
3 0.6536458333333334 0.8263888888888888 0.034375 0.14444444444444443
3 0.8098958333333334 0.3784722222222222 0.0421875 0.0798611111111111
3 0.6026041666666667 0.475 0.03333333333333333 0.12291666666666666
3 0.4484375 0.5298611111111111 0.07708333333333334 0.059722222222222225
1 0.4432291666666667 0.7534722222222222 0.0765625 0.06736111111111111
1 0.4505208333333333 0.6333333333333333 0.06666666666666667 0.06319444444444444
1 0.4484375 0.5826388888888889 0.06666666666666667 0.05347222222222222
1 0.5760416666666667 0.8284722222222223 0.036458333333333336 0.13194444444444445
1 0.6109375 0.8291666666666667 0.03333333333333333 0.12083333333333333
1 0.7244791666666667 0.8381944444444445 0.04583333333333333 0.14305555555555555
1 0.7666666666666667 0.85625 0.03854166666666667 0.13055555555555556
1 0.8755208333333333 0.8354166666666667 0.0390625 0.1361111111111111
1 0.9208333333333333 0.8368055555555556 0.06354166666666666 0.14583333333333334
1 0.9432291666666667 0.7319444444444444 0.052083333333333336 0.13680555555555557
1 0.8651041666666667 0.6729166666666667 0.0484375 0.12430555555555556
1 0.8244791666666667 0.7104166666666667 0.03802083333333333 0.1423611111111111
1 0.7869791666666667 0.7020833333333333 0.04375 0.13194444444444445
1 0.7505208333333333 0.7034722222222223 0.04010416666666667 0.1284722222222222
1 0.7135416666666666 0.7069444444444445 0.041666666666666664 0.12430555555555556
1 0.6442708333333333 0.6958333333333333 0.03854166666666667 0.1284722222222222
1 0.5671875 0.4847222222222222 0.034375 0.11180555555555556
1 0.45364583333333336 0.4861111111111111 0.07135416666666666 0.05347222222222222
1 0.4546875 0.39444444444444443 0.06927083333333334 0.06597222222222222
1 0.4609375 0.34930555555555554 0.06770833333333333 0.050694444444444445
1 0.4609375 0.27152777777777776 0.06145833333333333 0.06319444444444444
1 0.5552083333333333 0.2388888888888889 0.030208333333333334 0.10416666666666667
1 0.7791666666666667 0.2152777777777778 0.04791666666666667 0.075
1 0.79375 0.2743055555555556 0.03802083333333333 0.08402777777777778
1 0.7994791666666666 0.3284722222222222 0.03697916666666667 0.06319444444444444
1 0.7833333333333333 0.5854166666666667 0.06979166666666667 0.07222222222222222
1 0.7697916666666667 0.5256944444444445 0.07239583333333334 0.06875
1 0.7625 0.4756944444444444 0.07083333333333333 0.06597222222222222
1 0.8229166666666666 0.4444444444444444 0.04583333333333333 0.07847222222222222
1 0.7557291666666667 0.4201388888888889 0.059895833333333336 0.058333333333333334
1 0.5890625 0.2222222222222222 0.030208333333333334 0.08611111111111111
1 0.459375 0.20277777777777778 0.0484375 0.058333333333333334
1 0.7453125 0.3770833333333333 0.059375 0.058333333333333334
1 0.740625 0.32222222222222224 0.05416666666666667 0.058333333333333334
1 0.7380208333333333 0.2791666666666667 0.05416666666666667 0.05347222222222222
1 0.7244791666666667 0.23819444444444443 0.05572916666666667 0.052083333333333336
1 0.7177083333333333 0.2 0.05416666666666667 0.05694444444444444
2 0.9744791666666667 0.6708333333333333 0.050520833333333334 0.2423611111111111