1 0.03333333333333333 0.19652777777777777 0.013020833333333334 0.022916666666666665
3 0.06041666666666667 0.025 0.040625 0.03958333333333333
1 0.22708333333333333 0.03263888888888889 0.01875 0.024305555555555556
1 0.27760416666666665 0.0125 0.0234375 0.022916666666666665
1 0.3203125 0.009722222222222222 0.022395833333333334 0.01875
1 0.19270833333333334 0.021527777777777778 0.022916666666666665 0.02013888888888889
2 0.36770833333333336 0.07847222222222222 0.03125 0.05347222222222222
1 0.2890625 0.03819444444444445 0.011458333333333333 0.02013888888888889
3 0.34322916666666664 0.12152777777777778 0.011979166666666667 0.02638888888888889
1 0.14427083333333332 0.5208333333333334 0.022916666666666665 0.02638888888888889
1 0.15833333333333333 0.5701388888888889 0.024479166666666666 0.03194444444444444
1 0.15364583333333334 0.55 0.019791666666666666 0.02638888888888889
3 0.41041666666666665 0.23958333333333334 0.015104166666666667 0.027777777777777776
1 0.4473958333333333 0.2986111111111111 0.016666666666666666 0.02638888888888889
0 0.6947916666666667 0.5534722222222223 0.06875 0.09930555555555555
1 0.6583333333333333 0.5541666666666667 0.028645833333333332 0.041666666666666664
1 0.7583333333333333 0.7375 0.030208333333333334 0.04027777777777778
3 0.8401041666666667 0.7548611111111111 0.034895833333333334 0.050694444444444445
3 0.8791666666666667 0.8666666666666667 0.0390625 0.04583333333333333