1 0.6682291666666667 0.9777777777777777 0.034895833333333334 0.020833333333333332
1 0.7223958333333333 0.975 0.022916666666666665 0.04583333333333333
1 0.7447916666666666 0.98125 0.024479166666666666 0.03680555555555556
1 0.7640625 0.9819444444444444 0.020833333333333332 0.03611111111111111
1 0.7817708333333333 0.9847222222222223 0.021875 0.030555555555555555
1 0.5880208333333333 0.775 0.011979166666666667 0.041666666666666664
1 0.590625 0.8263888888888888 0.015625 0.044444444444444446
1 0.6333333333333333 0.8743055555555556 0.011979166666666667 0.034027777777777775
1 0.63125 0.8270833333333333 0.015625 0.03680555555555556
1 0.6291666666666667 0.7736111111111111 0.0171875 0.03819444444444445
1 0.6270833333333333 0.7263888888888889 0.021354166666666667 0.04097222222222222
1 0.6244791666666667 0.6756944444444445 0.017708333333333333 0.043055555555555555
1 0.61875 0.6333333333333333 0.0140625 0.03819444444444445
1 0.5130208333333334 0.6645833333333333 0.028645833333333332 0.018055555555555554
1 0.61875 0.5888888888888889 0.0171875 0.03888888888888889
1 0.6130208333333333 0.5465277777777777 0.013541666666666667 0.03333333333333333
1 0.6114583333333333 0.5069444444444444 0.0140625 0.034027777777777775
1 0.5713541666666667 0.44583333333333336 0.009895833333333333 0.02847222222222222
1 0.5734375 0.4840277777777778 0.0109375 0.03333333333333333
1 0.5734375 0.5263888888888889 0.011458333333333333 0.03333333333333333
1 0.5760416666666667 0.5715277777777777 0.0109375 0.03263888888888889
1 0.5380208333333333 0.5979166666666667 0.0265625 0.017361111111111112
1 0.5380208333333333 0.5625 0.025 0.01597222222222222
1 0.5369791666666667 0.5451388888888888 0.024479166666666666 0.014583333333333334
1 0.5380208333333333 0.5263888888888889 0.024479166666666666 0.017361111111111112
1 0.5333333333333333 0.4625 0.024479166666666666 0.01597222222222222
1 0.534375 0.44722222222222224 0.024479166666666666 0.01597222222222222
1 0.5328125 0.42986111111111114 0.025520833333333333 0.014583333333333334
1 0.5322916666666667 0.40208333333333335 0.025520833333333333 0.01597222222222222
1 0.5328125 0.38680555555555557 0.024479166666666666 0.013194444444444444
1 0.609375 0.10833333333333334 0.008333333333333333 0.0125
1 0.6020833333333333 0.049305555555555554 0.008333333333333333 0.020833333333333332
1 0.6119791666666666 0.04791666666666667 0.009895833333333333 0.020833333333333332
1 0.6239583333333333 0.04513888888888889 0.0109375 0.02013888888888889
1 0.6375 0.06597222222222222 0.011979166666666667 0.022916666666666665
1 0.6265625 0.06666666666666667 0.009895833333333333 0.022916666666666665
1 0.6151041666666667 0.06805555555555555 0.0109375 0.02013888888888889
1 0.5979166666666667 0.008333333333333333 0.010416666666666666 0.016666666666666666
1 0.6177083333333333 0.007638888888888889 0.011458333333333333 0.015277777777777777
2 0.9744791666666667 0.1423611111111111 0.027083333333333334 0.014583333333333334
1 0.925 0.14930555555555555 0.024479166666666666 0.013194444444444444
1 0.871875 0.1673611111111111 0.0234375 0.014583333333333334
1 0.8890625 0.022222222222222223 0.022395833333333334 0.014583333333333334
1 0.9 0.07361111111111111 0.022916666666666665 0.013194444444444444
1 0.9036458333333334 0.08333333333333333 0.022916666666666665 0.014583333333333334
1 0.871875 0.09930555555555555 0.017708333333333333 0.011111111111111112
1 0.8677083333333333 0.0875 0.01875 0.011111111111111112
1 0.8645833333333334 0.07777777777777778 0.019270833333333334 0.009722222222222222
3 0.041666666666666664 0.20208333333333334 0.019270833333333334 0.013194444444444444
1 0.0640625 0.2013888888888889 0.022916666666666665 0.014583333333333334
1 0.06927083333333334 0.22291666666666668 0.024479166666666666 0.013194444444444444
1 0.09375 0.20069444444444445 0.022916666666666665 0.0125
1 0.11770833333333333 0.19930555555555557 0.021354166666666667 0.015277777777777777
2 0.14375 0.19583333333333333 0.027604166666666666 0.018055555555555554
3 0.1765625 0.19444444444444445 0.017708333333333333 0.014583333333333334
1 0.1984375 0.2111111111111111 0.022395833333333334 0.014583333333333334
1 0.3546875 0.13125 0.009375 0.020833333333333332
1 0.3296875 0.12986111111111112 0.009375 0.02013888888888889
1 0.3182291666666667 0.13125 0.009375 0.020833333333333332
1 0.26666666666666666 0.1375 0.009895833333333333 0.022222222222222223
1 0.25416666666666665 0.1375 0.009375 0.02013888888888889
1 0.24010416666666667 0.14027777777777778 0.0109375 0.02013888888888889
1 0.22864583333333333 0.14166666666666666 0.009895833333333333 0.02013888888888889
1 0.215625 0.09444444444444444 0.009895833333333333 0.025
1 0.2296875 0.075 0.0109375 0.022222222222222223
1 0.23697916666666666 0.09305555555555556 0.0109375 0.02361111111111111
1 0.25052083333333336 0.0763888888888889 0.011458333333333333 0.022222222222222223
1 0.29270833333333335 0.07222222222222222 0.008333333333333333 0.022916666666666665
1 0.30625 0.07222222222222222 0.008333333333333333 0.020833333333333332
1 0.3177083333333333 0.07222222222222222 0.009895833333333333 0.022222222222222223
1 0.3302083333333333 0.07152777777777777 0.0109375 0.020833333333333332
1 0.33125 0.09444444444444444 0.009375 0.022916666666666665
1 0.2484375 0.01597222222222222 0.009895833333333333 0.017361111111111112
1 0.25833333333333336 0.015277777777777777 0.0109375 0.01875
1 0.27760416666666665 0.014583333333333334 0.009895833333333333 0.01875
1 0.2875 0.013194444444444444 0.0078125 0.01597222222222222
3 0.3078125 0.013194444444444444 0.009895833333333333 0.02361111111111111
1 0.24479166666666666 0.034027777777777775 0.009895833333333333 0.01875
1 0.25625 0.034027777777777775 0.0078125 0.020833333333333332
1 0.265625 0.03263888888888889 0.009895833333333333 0.020833333333333332
1 0.2755208333333333 0.03263888888888889 0.009895833333333333 0.02361111111111111
1 0.2859375 0.03194444444444444 0.009375 0.022222222222222223
1 0.29583333333333334 0.03333333333333333 0.008333333333333333 0.022916666666666665
1 0.3151041666666667 0.03125 0.009375 0.022222222222222223
1 0.32760416666666664 0.013194444444444444 0.009375 0.020833333333333332
1 0.33697916666666666 0.0125 0.008333333333333333 0.020833333333333332
1 0.34791666666666665 0.011111111111111112 0.008333333333333333 0.01875
1 0.3572916666666667 0.011111111111111112 0.009375 0.02013888888888889
1 0.3671875 0.011111111111111112 0.008333333333333333 0.022222222222222223
1 0.35520833333333335 0.06875 0.008333333333333333 0.022222222222222223
1 0.3734375 0.06527777777777778 0.009895833333333333 0.022222222222222223
1 0.37395833333333334 0.08680555555555555 0.0109375 0.020833333333333332
1 0.20625 0.23125 0.021354166666666667 0.015277777777777777
1 0.46510416666666665 0.19027777777777777 0.020833333333333332 0.0125