1 0.4197916666666667 0.9180555555555555 0.0140625 0.03819444444444445
3 0.5020833333333333 0.6034722222222222 0.013020833333333334 0.04027777777777778
2 0.44375 0.6055555555555555 0.013541666666666667 0.044444444444444446
1 0.5 0.28402777777777777 0.013020833333333334 0.03819444444444445
1 0.4083333333333333 0.2798611111111111 0.013541666666666667 0.03888888888888889
1 0.49375 0.04027777777777778 0.013541666666666667 0.041666666666666664
3 0.39947916666666666 0.058333333333333334 0.027083333333333334 0.025
1 0.7848958333333333 0.15486111111111112 0.027604166666666666 0.02013888888888889
1 0.796875 0.21666666666666667 0.025 0.018055555555555554
1 0.7984375 0.24027777777777778 0.028645833333333332 0.018055555555555554
1 0.7994791666666666 0.25833333333333336 0.022395833333333334 0.018055555555555554
1 0.7333333333333333 0.3159722222222222 0.0171875 0.03680555555555556
3 0.7921875 0.3145833333333333 0.028645833333333332 0.017361111111111112
3 0.6026041666666667 0.25555555555555554 0.013020833333333334 0.03611111111111111
1 0.6052083333333333 0.3368055555555556 0.011979166666666667 0.034027777777777775
1 0.8041666666666667 0.45069444444444445 0.027604166666666666 0.01597222222222222
1 0.8401041666666667 0.44930555555555557 0.028645833333333332 0.017361111111111112
1 0.8703125 0.45 0.029166666666666667 0.02013888888888889
3 0.9869791666666666 0.44930555555555557 0.025520833333333333 0.020833333333333332
1 0.6026041666666667 0.5604166666666667 0.011979166666666667 0.03680555555555556
1 0.6723958333333333 0.5923611111111111 0.027604166666666666 0.022916666666666665
1 0.6630208333333333 0.6791666666666667 0.027604166666666666 0.017361111111111112
1 0.6625 0.7034722222222223 0.027604166666666666 0.018055555555555554
1 0.6630208333333333 0.7236111111111111 0.028645833333333332 0.018055555555555554
1 0.6723958333333333 0.7576388888888889 0.029166666666666667 0.02013888888888889
1 0.6671875 0.7791666666666667 0.025520833333333333 0.01875
1 0.6692708333333334 0.9340277777777778 0.027083333333333334 0.01875
3 0.6072916666666667 0.7381944444444445 0.013541666666666667 0.04791666666666667
2 0.6203125 0.9611111111111111 0.019270833333333334 0.07777777777777778
1 0.6015625 0.017361111111111112 0.011458333333333333 0.034722222222222224