0 0.496875 0.76875 0.05520833333333333 0.20833333333333334
3 0.5567708333333333 0.5006944444444444 0.04375 0.041666666666666664
3 0.1765625 0.01875 0.0109375 0.015277777777777777
1 0.2390625 0.011111111111111112 0.009895833333333333 0.015277777777777777
1 0.3020833333333333 0.011111111111111112 0.008333333333333333 0.013888888888888888
0 0.35520833333333335 0.01597222222222222 0.011979166666666667 0.029166666666666667
1 0.32083333333333336 0.027083333333333334 0.011979166666666667 0.013888888888888888
0 0.16770833333333332 0.05486111111111111 0.027604166666666666 0.05486111111111111
1 0.19479166666666667 0.004166666666666667 0.00625 0.008333333333333333
3 0.20520833333333333 0.027083333333333334 0.007291666666666667 0.011111111111111112
1 0.24479166666666666 0.03611111111111111 0.0109375 0.016666666666666666
3 0.11927083333333334 0.08819444444444445 0.0140625 0.016666666666666666
3 0.13333333333333333 0.10208333333333333 0.013020833333333334 0.01875
3 0.10833333333333334 0.11805555555555555 0.0140625 0.018055555555555554
1 0.0953125 0.15069444444444444 0.017708333333333333 0.018055555555555554
1 0.14375 0.11388888888888889 0.011458333333333333 0.016666666666666666
1 0.15989583333333332 0.1076388888888889 0.0109375 0.015277777777777777
3 0.13020833333333334 0.15902777777777777 0.015625 0.021527777777777778
1 0.17239583333333333 0.12430555555555556 0.011979166666666667 0.015277777777777777
1 0.19791666666666666 0.10069444444444445 0.009895833333333333 0.01875
1 0.23697916666666666 0.075 0.009375 0.018055555555555554
3 0.008333333333333333 0.28680555555555554 0.016666666666666666 0.02638888888888889
1 0.0203125 0.2902777777777778 0.019270833333333334 0.021527777777777778
1 0.0375 0.28958333333333336 0.020833333333333332 0.025694444444444443
1 0.05364583333333333 0.2972222222222222 0.019791666666666666 0.022916666666666665
1 0.009375 0.4375 0.01875 0.03958333333333333
1 0.11510416666666666 0.2326388888888889 0.0171875 0.029166666666666667
1 0.12552083333333333 0.27708333333333335 0.016666666666666666 0.02638888888888889
3 0.10625 0.2791666666666667 0.017708333333333333 0.035416666666666666
0 0.08229166666666667 0.5 0.027604166666666666 0.11666666666666667
0 0.22239583333333332 0.15694444444444444 0.022395833333333334 0.06736111111111111
0 0.1859375 0.41597222222222224 0.03125 0.10902777777777778
0 0.1609375 0.5409722222222222 0.04739583333333333 0.13333333333333333
0 0.11875 0.8027777777777778 0.059895833333333336 0.19166666666666668
3 0.6432291666666666 0.7347222222222223 0.05520833333333333 0.05347222222222222
3 0.6807291666666667 0.8229166666666666 0.057291666666666664 0.05694444444444444
3 0.6916666666666667 0.8694444444444445 0.059895833333333336 0.058333333333333334
3 0.7098958333333333 0.9159722222222222 0.06197916666666667 0.06319444444444444
3 0.54375 0.4673611111111111 0.041666666666666664 0.03680555555555556
3 0.5135416666666667 0.3784722222222222 0.03854166666666667 0.035416666666666666
1 0.5338541666666666 0.44513888888888886 0.036458333333333336 0.03194444444444444
1 0.5244791666666667 0.4125 0.03697916666666667 0.030555555555555555
3 0.5104166666666666 0.36319444444444443 0.036458333333333336 0.030555555555555555
3 0.496875 0.3236111111111111 0.034895833333333334 0.03333333333333333
3 0.4791666666666667 0.2826388888888889 0.0328125 0.029166666666666667
1 0.4895833333333333 0.30833333333333335 0.030729166666666665 0.025694444444444443
1 0.48333333333333334 0.2972222222222222 0.03125 0.022916666666666665
3 0.4734375 0.2590277777777778 0.03229166666666667 0.030555555555555555
3 0.45208333333333334 0.2326388888888889 0.0171875 0.03194444444444444
3 0.440625 0.20277777777777778 0.015625 0.030555555555555555
3 0.4244791666666667 0.15555555555555556 0.016666666666666666 0.02638888888888889
3 0.41770833333333335 0.1361111111111111 0.0140625 0.02638888888888889
1 0.434375 0.18333333333333332 0.0140625 0.021527777777777778
3 0.5057291666666667 0.20277777777777778 0.024479166666666666 0.030555555555555555
1 0.496875 0.18611111111111112 0.027604166666666666 0.024305555555555556
3 0.49583333333333335 0.16666666666666666 0.029166666666666667 0.02638888888888889
3 0.4890625 0.15694444444444444 0.027083333333333334 0.029166666666666667
1 0.4395833333333333 0.03819444444444445 0.027604166666666666 0.027777777777777776
1 0.4708333333333333 0.10694444444444444 0.029166666666666667 0.02638888888888889
1 0.471875 0.1284722222222222 0.025 0.024305555555555556
3 0.4796875 0.1388888888888889 0.0265625 0.024305555555555556
3 0.4895833333333333 0.15833333333333333 0.029166666666666667 0.02638888888888889
3 0.5140625 0.07291666666666667 0.019270833333333334 0.02638888888888889
3 0.5130208333333334 0.1125 0.022395833333333334 0.029166666666666667
3 0.5286458333333334 0.10694444444444444 0.022916666666666665 0.03819444444444445
1 0.5484375 0.06875 0.020833333333333332 0.022916666666666665
3 0.5630208333333333 0.06180555555555556 0.021354166666666667 0.03194444444444444
3 0.5786458333333333 0.05694444444444444 0.024479166666666666 0.027777777777777776
1 0.59375 0.05625 0.017708333333333333 0.02638888888888889
1 0.6140625 0.011111111111111112 0.019791666666666666 0.01875
3 0.6109375 0.05138888888888889 0.021354166666666667 0.029166666666666667
3 0.6244791666666667 0.04791666666666667 0.0234375 0.02638888888888889
3 0.6369791666666667 0.044444444444444446 0.027083333333333334 0.027777777777777776
3 0.6526041666666667 0.03819444444444445 0.024479166666666666 0.03819444444444445
3 0.6723958333333333 0.03333333333333333 0.021354166666666667 0.035416666666666666
3 0.7302083333333333 0.013888888888888888 0.027604166666666666 0.027777777777777776
3 0.7473958333333334 0.01597222222222222 0.019270833333333334 0.029166666666666667
3 0.7166666666666667 0.017361111111111112 0.019791666666666666 0.029166666666666667
3 0.7020833333333333 0.025694444444444443 0.019791666666666666 0.030555555555555555
1 0.6859375 0.027083333333333334 0.022916666666666665 0.034027777777777775
1 0.36302083333333335 0.10138888888888889 0.009375 0.018055555555555554
1 0.3651041666666667 0.11805555555555555 0.009375 0.018055555555555554
1 0.3515625 0.12083333333333333 0.009895833333333333 0.02013888888888889
1 0.3734375 0.13958333333333334 0.011458333333333333 0.02013888888888889
1 0.3614583333333333 0.15555555555555556 0.009895833333333333 0.01875
1 0.37916666666666665 0.16180555555555556 0.0109375 0.021527777777777778
1 0.3703125 0.1875 0.013541666666666667 0.022916666666666665
1 0.38697916666666665 0.19444444444444445 0.013541666666666667 0.022916666666666665
1 0.37552083333333336 0.21666666666666667 0.0140625 0.022916666666666665
1 0.3890625 0.27361111111111114 0.0140625 0.02638888888888889
0 0.4078125 0.33611111111111114 0.022916666666666665 0.058333333333333334
1 0.4265625 0.41944444444444445 0.019270833333333334 0.03680555555555556
3 0.44583333333333336 0.4173611111111111 0.017708333333333333 0.035416666666666666
3 0.5130208333333334 0.15416666666666667 0.019270833333333334 0.029166666666666667
3 0.5151041666666667 0.19027777777777777 0.01875 0.03333333333333333
3 0.5494791666666666 0.10902777777777778 0.0171875 0.022916666666666665
3 0.5625 0.10208333333333333 0.0234375 0.029166666666666667
3 0.5734375 0.09791666666666667 0.021354166666666667 0.027777777777777776
3 0.5453125 0.14583333333333334 0.0234375 0.030555555555555555
3 0.5625 0.13958333333333334 0.0234375 0.035416666666666666
3 0.5729166666666666 0.13402777777777777 0.028645833333333332 0.03194444444444444
3 0.5880208333333333 0.13541666666666666 0.022395833333333334 0.029166666666666667
3 0.6072916666666667 0.12986111111111112 0.025 0.029166666666666667
3 0.5901041666666667 0.09791666666666667 0.019791666666666666 0.030555555555555555
3 0.6098958333333333 0.09375 0.021354166666666667 0.027777777777777776
3 0.6223958333333334 0.09027777777777778 0.022395833333333334 0.030555555555555555
3 0.6380208333333334 0.08472222222222223 0.022916666666666665 0.03194444444444444
3 0.6348958333333333 0.11736111111111111 0.025 0.029166666666666667
3 0.6484375 0.11736111111111111 0.024479166666666666 0.029166666666666667
3 0.6515625 0.07777777777777778 0.025 0.034027777777777775
3 0.6703125 0.07569444444444444 0.022395833333333334 0.02638888888888889
1 0.6791666666666667 0.10694444444444444 0.0265625 0.02638888888888889
1 0.69375 0.1 0.0265625 0.03333333333333333
1 0.6854166666666667 0.07013888888888889 0.017708333333333333 0.022916666666666665
3 0.6989583333333333 0.06527777777777778 0.019270833333333334 0.03680555555555556
3 0.7109375 0.09375 0.019791666666666666 0.03333333333333333
1 0.7270833333333333 0.09305555555555556 0.0171875 0.03680555555555556
3 0.7385416666666667 0.09027777777777778 0.022916666666666665 0.027777777777777776
1 0.7109375 0.06319444444444444 0.019270833333333334 0.030555555555555555
3 0.725 0.05555555555555555 0.022916666666666665 0.030555555555555555
3 0.7645833333333333 0.0798611111111111 0.020833333333333332 0.030555555555555555
3 0.7802083333333333 0.07847222222222222 0.019270833333333334 0.027777777777777776
3 0.7895833333333333 0.07777777777777778 0.020833333333333332 0.02638888888888889
3 0.7994791666666666 0.04027777777777778 0.020833333333333332 0.02638888888888889
1 0.7421875 0.05277777777777778 0.019791666666666666 0.02638888888888889
1 0.7567708333333333 0.050694444444444445 0.022395833333333334 0.027777777777777776
1 0.7671875 0.044444444444444446 0.021354166666666667 0.030555555555555555