1 0.48802083333333335 0.9020833333333333 0.0765625 0.1486111111111111
1 0.43385416666666665 0.7680555555555556 0.08802083333333334 0.1111111111111111
1 0.3927083333333333 0.5652777777777778 0.05625 0.1
1 0.35625 0.4673611111111111 0.044270833333333336 0.06875
1 0.3380208333333333 0.39166666666666666 0.0609375 0.07222222222222222
1 0.3265625 0.2743055555555556 0.050520833333333334 0.05138888888888889
1 0.2994791666666667 0.17777777777777778 0.03333333333333333 0.05694444444444444
1 0.34739583333333335 0.19027777777777777 0.0359375 0.052083333333333336
1 0.325 0.33125 0.058333333333333334 0.059027777777777776
1 0.21302083333333333 0.9645833333333333 0.11354166666666667 0.07013888888888889
1 0.19479166666666667 0.89375 0.11666666666666667 0.10347222222222222
1 0.171875 0.7451388888888889 0.11666666666666667 0.08263888888888889
1 0.16666666666666666 0.6763888888888889 0.10989583333333333 0.06875
1 0.1671875 0.6256944444444444 0.10572916666666667 0.06666666666666667
1 0.16302083333333334 0.58125 0.09635416666666667 0.059722222222222225
1 0.17239583333333333 0.5361111111111111 0.10260416666666666 0.05694444444444444
1 0.17291666666666666 0.47708333333333336 0.084375 0.07777777777777778
1 0.1703125 0.43194444444444446 0.08333333333333333 0.059722222222222225
1 0.16666666666666666 0.3854166666666667 0.07135416666666666 0.07361111111111111
3 0.1609375 0.3388888888888889 0.059895833333333336 0.06597222222222222
1 0.15729166666666666 0.30277777777777776 0.06927083333333334 0.049305555555555554
1 0.15989583333333332 0.26944444444444443 0.06979166666666667 0.049305555555555554
1 0.16458333333333333 0.23541666666666666 0.059375 0.049305555555555554
3 0.16197916666666667 0.19652777777777777 0.06875 0.06944444444444445
1 0.15416666666666667 0.1763888888888889 0.05520833333333333 0.04097222222222222
1 0.15625 0.15555555555555556 0.06145833333333333 0.03125
1 0.16145833333333334 0.13402777777777777 0.05260416666666667 0.035416666666666666
1 0.15572916666666667 0.1125 0.0515625 0.030555555555555555
1 0.1640625 0.09652777777777778 0.04635416666666667 0.027777777777777776
1 0.15729166666666666 0.08263888888888889 0.0515625 0.04097222222222222
1 0.1609375 0.06666666666666667 0.0515625 0.030555555555555555
1 0.15677083333333333 0.05347222222222222 0.04479166666666667 0.03611111111111111
1 0.14479166666666668 0.04097222222222222 0.04479166666666667 0.03611111111111111
1 0.06979166666666667 0.027083333333333334 0.049479166666666664 0.03333333333333333
1 0.15416666666666667 0.014583333333333334 0.04791666666666667 0.02847222222222222
1 0.2828125 0.016666666666666666 0.04739583333333333 0.027777777777777776
1 0.2671875 0.04097222222222222 0.021354166666666667 0.030555555555555555
1 0.2734375 0.07083333333333333 0.021354166666666667 0.03333333333333333
1 0.28125 0.10416666666666667 0.024479166666666666 0.04097222222222222
1 0.2890625 0.1375 0.0328125 0.03888888888888889
3 0.6265625 0.23680555555555555 0.057291666666666664 0.059027777777777776
1 0.7541666666666667 0.5590277777777778 0.08802083333333334 0.08958333333333333
1 0.7921875 0.6159722222222223 0.0859375 0.11319444444444444