1 0.553125 0.35833333333333334 0.016666666666666666 0.03333333333333333
1 0.5479166666666667 0.2826388888888889 0.013020833333333334 0.03263888888888889
1 0.51875 0.2638888888888889 0.0171875 0.034027777777777775
1 0.5401041666666667 0.22916666666666666 0.0140625 0.022222222222222223
0 0.5494791666666666 0.9361111111111111 0.03697916666666667 0.12777777777777777
1 0.471875 0.91875 0.030729166666666665 0.11875
1 0.47291666666666665 0.7430555555555556 0.03125 0.09513888888888888
1 0.471875 0.65 0.03229166666666667 0.08680555555555555
1 0.47552083333333334 0.5715277777777777 0.0234375 0.06875
1 0.4734375 0.4618055555555556 0.0234375 0.049305555555555554
1 0.475 0.4111111111111111 0.022916666666666665 0.04652777777777778
1 0.478125 0.3659722222222222 0.017708333333333333 0.044444444444444446
0 0.4786458333333333 0.3173611111111111 0.0171875 0.05138888888888889
1 0.5010416666666667 0.36666666666666664 0.009375 0.03263888888888889
1 0.48125 0.25833333333333336 0.013020833333333334 0.030555555555555555
1 0.4817708333333333 0.20972222222222223 0.011979166666666667 0.020833333333333332
1 0.4791666666666667 0.1736111111111111 0.011458333333333333 0.018055555555555554
1 0.4786458333333333 0.15208333333333332 0.013020833333333334 0.018055555555555554
1 0.4791666666666667 0.13472222222222222 0.0109375 0.018055555555555554
1 0.4796875 0.11388888888888889 0.011979166666666667 0.018055555555555554
1 0.4791666666666667 0.09583333333333334 0.011458333333333333 0.014583333333333334
1 0.4796875 0.07847222222222222 0.0109375 0.018055555555555554
1 0.48125 0.052083333333333336 0.011979166666666667 0.022222222222222223
1 0.5296875 0.005555555555555556 0.0078125 0.008333333333333333
1 0.53125 0.01597222222222222 0.008333333333333333 0.013194444444444444
1 0.5333333333333333 0.03263888888888889 0.0078125 0.011111111111111112
1 0.5348958333333333 0.04652777777777778 0.0078125 0.013194444444444444
1 0.5380208333333333 0.07083333333333333 0.009375 0.0125
1 0.5395833333333333 0.08541666666666667 0.009375 0.015277777777777777
1 0.5447916666666667 0.11319444444444444 0.0109375 0.015277777777777777
1 0.5473958333333333 0.12986111111111112 0.008333333333333333 0.013194444444444444
1 0.53125 0.17291666666666666 0.011979166666666667 0.02013888888888889
1 0.4552083333333333 0.004861111111111111 0.011979166666666667 0.009722222222222222
1 0.48333333333333334 0.029861111111111113 0.008333333333333333 0.01597222222222222
1 0.7640625 0.6215277777777778 0.04739583333333333 0.06180555555555556
1 0.628125 0.18125 0.029166666666666667 0.02013888888888889
1 0.9322916666666666 0.8277777777777777 0.05260416666666667 0.09652777777777778
1 0.9854166666666667 0.8166666666666667 0.029166666666666667 0.09166666666666666
1 0.8302083333333333 0.9638888888888889 0.04479166666666667 0.07222222222222222