1 0.19479166666666667 0.015277777777777777 0.0265625 0.030555555555555555
1 0.09479166666666666 0.38819444444444445 0.05 0.09027777777777778
1 0.16510416666666666 0.31875 0.04375 0.075
1 0.7994791666666666 0.5583333333333333 0.109375 0.08541666666666667
3 0.7328125 0.49375 0.11979166666666667 0.1
2 0.6479166666666667 0.3770833333333333 0.1171875 0.09722222222222222
3 0.778125 0.18680555555555556 0.049479166666666664 0.04583333333333333
3 0.5984375 0.19444444444444445 0.057291666666666664 0.04375
3 0.4473958333333333 0.3368055555555556 0.04635416666666667 0.07222222222222222
2 0.43333333333333335 0.25972222222222224 0.050520833333333334 0.10486111111111111
3 0.390625 0.16875 0.04010416666666667 0.059722222222222225
1 0.6958333333333333 0.2076388888888889 0.05 0.049305555555555554
1 0.7369791666666666 0.20069444444444445 0.04583333333333333 0.04791666666666667
1 0.5953125 0.35555555555555557 0.07916666666666666 0.059722222222222225
1 0.8526041666666667 0.12569444444444444 0.0515625 0.03819444444444445
1 0.009375 0.1840277777777778 0.01875 0.025
1 0.009895833333333333 0.16041666666666668 0.019791666666666666 0.03333333333333333
1 0.0171875 0.14930555555555555 0.034375 0.027777777777777776
1 0.019791666666666666 0.12222222222222222 0.0390625 0.03125
1 0.022916666666666665 0.10277777777777777 0.04583333333333333 0.02847222222222222
1 0.0265625 0.08680555555555555 0.053125 0.0375
1 0.04583333333333333 0.0625 0.05625 0.04097222222222222
1 0.050520833333333334 0.03958333333333333 0.05 0.01597222222222222
1 0.058854166666666666 0.02638888888888889 0.04791666666666667 0.02361111111111111
1 0.06614583333333333 0.014583333333333334 0.049479166666666664 0.02638888888888889
1 0.3067708333333333 0.02361111111111111 0.03802083333333333 0.02361111111111111
3 0.3109375 0.030555555555555555 0.04375 0.02847222222222222
1 0.3078125 0.049305555555555554 0.04583333333333333 0.02847222222222222
1 0.30416666666666664 0.09513888888888888 0.022916666666666665 0.03263888888888889
3 0.36302083333333335 0.12222222222222222 0.0234375 0.04375