1 0.21197916666666666 0.9791666666666666 0.042708333333333334 0.041666666666666664
2 0.059895833333333336 0.6944444444444444 0.11770833333333333 0.14791666666666667
1 0.5041666666666667 0.12986111111111112 0.0078125 0.0125
1 0.5979166666666667 0.27152777777777776 0.024479166666666666 0.013194444444444444
1 0.6 0.26319444444444445 0.022916666666666665 0.0125
1 0.5984375 0.25277777777777777 0.0265625 0.014583333333333334
1 0.5723958333333333 0.24375 0.0171875 0.011111111111111112
1 0.5739583333333333 0.2388888888888889 0.022395833333333334 0.0125
3 0.5744791666666667 0.2326388888888889 0.019270833333333334 0.013194444444444444
1 0.575 0.225 0.019791666666666666 0.011111111111111112
1 0.5760416666666667 0.21875 0.019270833333333334 0.013194444444444444
1 0.5755208333333334 0.21597222222222223 0.01875 0.0125
1 0.6005208333333333 0.23333333333333334 0.021354166666666667 0.013194444444444444
1 0.6 0.22291666666666668 0.0171875 0.011111111111111112
1 0.6005208333333333 0.21666666666666667 0.019791666666666666 0.010416666666666666
2 0.3307291666666667 0.2604166666666667 0.019791666666666666 0.03888888888888889
2 0.37395833333333334 0.1951388888888889 0.03802083333333333 0.06319444444444444
2 0.45260416666666664 0.15138888888888888 0.0328125 0.02638888888888889
2 0.4640625 0.1375 0.027083333333333334 0.035416666666666666
2 0.4640625 0.12708333333333333 0.03229166666666667 0.04097222222222222
2 0.4505208333333333 0.11944444444444445 0.015625 0.029861111111111113
0 0.47239583333333335 0.18125 0.011458333333333333 0.025694444444444443
1 0.5234375 0.2326388888888889 0.016666666666666666 0.0125
1 0.5265625 0.22708333333333333 0.017708333333333333 0.0125
1 0.5276041666666667 0.21875 0.020833333333333332 0.010416666666666666
1 0.5286458333333334 0.20902777777777778 0.0171875 0.014583333333333334
1 0.5333333333333333 0.2 0.019270833333333334 0.011111111111111112
1 0.5421875 0.03125 0.004166666666666667 0.007638888888888889
3 0.6229166666666667 0.011111111111111112 0.009895833333333333 0.007638888888888889