1 0.0421875 0.7986111111111112 0.01875 0.044444444444444446
1 0.07395833333333333 0.7930555555555555 0.019270833333333334 0.044444444444444446
1 0.09427083333333333 0.7923611111111111 0.01875 0.04375
1 0.11510416666666666 0.7854166666666667 0.015104166666666667 0.03263888888888889
1 0.134375 0.7861111111111111 0.0171875 0.043055555555555555
1 0.019791666666666666 0.8958333333333334 0.0234375 0.04861111111111111
1 0.058333333333333334 0.8888888888888888 0.019791666666666666 0.04791666666666667
1 0.09635416666666667 0.8861111111111111 0.019791666666666666 0.04652777777777778
1 0.0765625 0.8840277777777777 0.020833333333333332 0.04652777777777778
1 0.005208333333333333 0.8013888888888889 0.010416666666666666 0.044444444444444446
1 0.2552083333333333 0.7756944444444445 0.0140625 0.03888888888888889
3 0.27447916666666666 0.7659722222222223 0.015625 0.03888888888888889
1 0.29270833333333335 0.7652777777777777 0.0140625 0.03888888888888889
1 0.3151041666666667 0.7645833333333333 0.013541666666666667 0.03888888888888889
1 0.25833333333333336 0.8659722222222223 0.015625 0.04097222222222222
1 0.28125 0.8652777777777778 0.013541666666666667 0.043055555555555555
1 0.3375 0.8569444444444444 0.013541666666666667 0.04375
1 0.3723958333333333 0.8555555555555555 0.0140625 0.04027777777777778
1 0.390625 0.8520833333333333 0.0140625 0.04097222222222222
3 0.409375 0.8479166666666667 0.019791666666666666 0.049305555555555554
1 0.4265625 0.8430555555555556 0.0140625 0.04652777777777778
1 0.4473958333333333 0.8444444444444444 0.013020833333333334 0.044444444444444446
1 0.49583333333333335 0.8340277777777778 0.013020833333333334 0.050694444444444445
1 0.41302083333333334 0.7569444444444444 0.013020833333333334 0.03888888888888889
1 0.45260416666666664 0.7506944444444444 0.013541666666666667 0.03888888888888889
1 0.5026041666666666 0.7493055555555556 0.013541666666666667 0.04027777777777778
3 0.5177083333333333 0.7458333333333333 0.0140625 0.04375
1 0.9208333333333333 0.16875 0.015104166666666667 0.02638888888888889
1 0.9322916666666666 0.16805555555555557 0.0140625 0.025694444444444443
1 0.9473958333333333 0.17569444444444443 0.013541666666666667 0.025694444444444443
1 0.9598958333333333 0.18055555555555555 0.0140625 0.025694444444444443
1 0.9776041666666667 0.18888888888888888 0.016666666666666666 0.025