1 0.0546875 0.9361111111111111 0.04375 0.0798611111111111
1 0.3796875 0.17777777777777778 0.036458333333333336 0.03333333333333333
1 0.5588541666666667 0.1284722222222222 0.03333333333333333 0.029166666666666667
3 0.5083333333333333 0.16527777777777777 0.0359375 0.034027777777777775
1 0.49635416666666665 0.3888888888888889 0.0171875 0.052083333333333336
1 0.5130208333333334 0.3645833333333333 0.0171875 0.041666666666666664
1 0.5489583333333333 0.3645833333333333 0.016666666666666666 0.049305555555555554
1 0.5666666666666667 0.3576388888888889 0.015625 0.05347222222222222
1 0.5932291666666667 0.38472222222222224 0.017708333333333333 0.04583333333333333
1 0.6171875 0.37430555555555556 0.019791666666666666 0.05347222222222222
3 0.7104166666666667 0.3638888888888889 0.020833333333333332 0.06458333333333334
1 0.728125 0.3715277777777778 0.020833333333333332 0.043055555555555555
1 0.7515625 0.3784722222222222 0.01875 0.05486111111111111
1 0.7828125 0.3784722222222222 0.025520833333333333 0.049305555555555554
1 0.8052083333333333 0.3729166666666667 0.021354166666666667 0.05555555555555555
1 0.8151041666666666 0.3506944444444444 0.024479166666666666 0.04722222222222222
1 0.8354166666666667 0.35555555555555557 0.0234375 0.058333333333333334
1 0.8505208333333333 0.35208333333333336 0.0234375 0.05486111111111111
1 0.8723958333333334 0.35 0.021354166666666667 0.050694444444444445
1 0.8911458333333333 0.35138888888888886 0.025 0.05555555555555555
1 0.9125 0.35208333333333336 0.0265625 0.049305555555555554
1 0.934375 0.35138888888888886 0.027083333333333334 0.05347222222222222
1 0.9552083333333333 0.3416666666666667 0.027083333333333334 0.050694444444444445
1 0.9744791666666667 0.3423611111111111 0.022395833333333334 0.04027777777777778
1 0.9572916666666667 0.19722222222222222 0.04010416666666667 0.03194444444444444
1 0.7447916666666666 0.13055555555555556 0.03125 0.027777777777777776
1 0.9197916666666667 0.38680555555555557 0.04375 0.03333333333333333
1 0.9776041666666667 0.3798611111111111 0.03333333333333333 0.034027777777777775
1 0.6723958333333333 0.8020833333333334 0.04010416666666667 0.07083333333333333
1 0.4505208333333333 0.6402777777777777 0.04010416666666667 0.06458333333333334
1 0.42083333333333334 0.6277777777777778 0.03854166666666667 0.06736111111111111
1 0.4359375 0.5833333333333334 0.036458333333333336 0.044444444444444446
1 0.4515625 0.5618055555555556 0.03854166666666667 0.05486111111111111
1 0.4666666666666667 0.5395833333333333 0.034895833333333334 0.043055555555555555
1 0.49635416666666665 0.5694444444444444 0.0359375 0.059722222222222225
1 0.5958333333333333 0.5159722222222223 0.027604166666666666 0.059722222222222225
1 0.6838541666666667 0.5576388888888889 0.034895833333333334 0.0625
1 0.5932291666666667 0.5652777777777778 0.03333333333333333 0.05694444444444444
1 0.6223958333333334 0.5326388888888889 0.0328125 0.052083333333333336
1 0.6395833333333333 0.5548611111111111 0.0390625 0.06319444444444444
1 0.6005208333333333 0.6145833333333334 0.040625 0.07222222222222222
1 0.5286458333333334 0.5215277777777778 0.0359375 0.05555555555555555
1 0.5572916666666666 0.5277777777777778 0.027604166666666666 0.058333333333333334
2 0.5260416666666666 0.5736111111111111 0.04479166666666667 0.08611111111111111
2 0.5432291666666667 0.6034722222222222 0.04791666666666667 0.09236111111111112
2 0.5484375 0.7159722222222222 0.04583333333333333 0.10138888888888889
2 0.5958333333333333 0.7263888888888889 0.08229166666666667 0.17152777777777778
1 0.42916666666666664 0.32708333333333334 0.016666666666666666 0.041666666666666664
1 0.4041666666666667 0.33402777777777776 0.019791666666666666 0.03819444444444445
1 0.38177083333333334 0.34097222222222223 0.016666666666666666 0.03958333333333333