1 0.7145833333333333 0.8520833333333333 0.07083333333333333 0.1701388888888889
0 0.7869791666666667 0.6916666666666667 0.11666666666666667 0.27152777777777776
1 0.6385416666666667 0.5555555555555556 0.042708333333333334 0.07430555555555556
1 0.6697916666666667 0.43680555555555556 0.03125 0.044444444444444446
1 0.63125 0.40694444444444444 0.022916666666666665 0.044444444444444446
1 0.5859375 0.43472222222222223 0.022916666666666665 0.04861111111111111
1 0.69375 0.3590277777777778 0.024479166666666666 0.04583333333333333
1 0.6494791666666667 0.15763888888888888 0.013020833333333334 0.02013888888888889
1 0.634375 0.1361111111111111 0.007291666666666667 0.009722222222222222
1 0.6427083333333333 0.125 0.0078125 0.008333333333333333
1 0.6359375 0.12291666666666666 0.0078125 0.007638888888888889
1 0.6421875 0.11458333333333333 0.008333333333333333 0.007638888888888889
1 0.6328125 0.10972222222222222 0.004166666666666667 0.004861111111111111
1 0.6369791666666667 0.10694444444444444 0.005208333333333333 0.005555555555555556
1 0.6432291666666666 0.10277777777777777 0.005208333333333333 0.007638888888888889
1 0.6359375 0.09791666666666667 0.0036458333333333334 0.004861111111111111
1 0.6307291666666667 0.09930555555555555 0.004166666666666667 0.005555555555555556
1 0.5947916666666667 0.1986111111111111 0.015625 0.01597222222222222
1 0.5859375 0.2388888888888889 0.013020833333333334 0.02361111111111111
1 0.5989583333333334 0.2777777777777778 0.017708333333333333 0.027777777777777776
1 0.5765625 0.2798611111111111 0.013541666666666667 0.022916666666666665
1 0.5708333333333333 0.30416666666666664 0.015625 0.029861111111111113
1 0.5760416666666667 0.16597222222222222 0.0078125 0.018055555555555554
0 0.5520833333333334 0.27291666666666664 0.034375 0.08680555555555555
0 0.5083333333333333 0.325 0.034375 0.08125
0 0.5588541666666667 0.3597222222222222 0.030729166666666665 0.10208333333333333
1 0.5348958333333333 0.34930555555555554 0.024479166666666666 0.035416666666666666
1 0.5953125 0.3284722222222222 0.017708333333333333 0.034027777777777775
1 0.5276041666666667 0.28888888888888886 0.016666666666666666 0.027777777777777776
1 0.5328125 0.2708333333333333 0.013020833333333334 0.025694444444444443
1 0.48020833333333335 0.29097222222222224 0.020833333333333332 0.02361111111111111
1 0.48489583333333336 0.2763888888888889 0.009895833333333333 0.013194444444444444
1 0.32083333333333336 0.3715277777777778 0.0484375 0.02847222222222222
1 0.2942708333333333 0.4041666666666667 0.058333333333333334 0.03680555555555556
1 0.18333333333333332 0.3701388888888889 0.05520833333333333 0.03333333333333333
1 0.13645833333333332 0.42986111111111114 0.07135416666666666 0.04652777777777778
1 0.21927083333333333 0.47847222222222224 0.0640625 0.03333333333333333
2 0.1484375 0.5173611111111112 0.1015625 0.07013888888888889
1 0.021875 0.35208333333333336 0.04375 0.02638888888888889
1 0.04791666666666667 0.38125 0.0484375 0.02638888888888889
1 0.1109375 0.5527777777777778 0.0859375 0.059722222222222225
1 0.07916666666666666 0.5861111111111111 0.08125 0.050694444444444445
1 0.04895833333333333 0.6298611111111111 0.08489583333333334 0.058333333333333334
1 0.15260416666666668 0.63125 0.07916666666666666 0.06111111111111111
1 0.17864583333333334 0.5875 0.0640625 0.04791666666666667
1 0.0359375 0.8173611111111111 0.071875 0.08194444444444444
1 0.8619791666666666 0.41041666666666665 0.06197916666666667 0.030555555555555555
1 0.9526041666666667 0.4930555555555556 0.0765625 0.041666666666666664
1 0.7765625 0.30625 0.025 0.03333333333333333
1 0.8104166666666667 0.2833333333333333 0.03333333333333333 0.02013888888888889
1 0.7572916666666667 0.20694444444444443 0.022395833333333334 0.030555555555555555
3 0.9046875 0.33541666666666664 0.034895833333333334 0.02638888888888889
1 0.984375 0.34097222222222223 0.030208333333333334 0.022916666666666665
1 0.9755208333333333 0.3284722222222222 0.036458333333333336 0.020833333333333332
3 0.9640625 0.3138888888888889 0.0328125 0.018055555555555554
3 0.9369791666666667 0.2923611111111111 0.041666666666666664 0.025
1 0.8895833333333333 0.2534722222222222 0.03229166666666667 0.018055555555555554
1 0.8822916666666667 0.2513888888888889 0.03229166666666667 0.015277777777777777
1 0.8765625 0.24444444444444444 0.03125 0.017361111111111112
1 0.8864583333333333 0.32916666666666666 0.03854166666666667 0.025694444444444443
1 0.8796875 0.3173611111111111 0.034895833333333334 0.018055555555555554
1 0.8755208333333333 0.3090277777777778 0.0359375 0.02013888888888889
1 0.8640625 0.29583333333333334 0.0328125 0.018055555555555554
1 0.8541666666666666 0.28680555555555554 0.029166666666666667 0.01875
1 0.8963541666666667 0.26458333333333334 0.034375 0.0125
1 0.9026041666666667 0.26875 0.041666666666666664 0.0125
1 0.9140625 0.275 0.042708333333333334 0.013194444444444444
1 0.9239583333333333 0.2798611111111111 0.03802083333333333 0.02013888888888889
1 0.4713541666666667 0.31805555555555554 0.027083333333333334 0.03611111111111111