1 0.3380208333333333 0.5263888888888889 0.05364583333333333 0.0875
1 0.13802083333333334 0.6222222222222222 0.06354166666666666 0.10694444444444444
1 0.4817708333333333 0.6763888888888889 0.05520833333333333 0.11458333333333333
1 0.3458333333333333 0.2722222222222222 0.04791666666666667 0.059722222222222225
1 0.27395833333333336 0.2902777777777778 0.0390625 0.06597222222222222
1 0.19791666666666666 0.2701388888888889 0.027083333333333334 0.06388888888888888
1 0.14583333333333334 0.2388888888888889 0.028645833333333332 0.044444444444444446
1 0.29635416666666664 0.5055555555555555 0.0515625 0.0875
1 0.25364583333333335 0.4888888888888889 0.044270833333333336 0.07777777777777778
1 0.20989583333333334 0.4708333333333333 0.05 0.075
1 0.17708333333333334 0.4444444444444444 0.05 0.07222222222222222
1 0.14010416666666667 0.4236111111111111 0.05364583333333333 0.075
1 0.0984375 0.4111111111111111 0.05 0.06319444444444444
1 0.07552083333333333 0.3951388888888889 0.05416666666666667 0.0763888888888889
1 0.03697916666666667 0.3819444444444444 0.0609375 0.07430555555555556
1 0.1109375 0.2326388888888889 0.03802083333333333 0.058333333333333334
1 0.021354166666666667 0.3527777777777778 0.042708333333333334 0.07708333333333334
1 0.0234375 0.5555555555555556 0.0421875 0.09930555555555555
1 0.06197916666666667 0.5777777777777777 0.0578125 0.08263888888888889
1 0.11145833333333334 0.5944444444444444 0.059895833333333336 0.10694444444444444
1 0.07916666666666666 0.7013888888888888 0.09375 0.07916666666666666
1 0.053125 0.75625 0.08802083333333334 0.08402777777777778
1 0.030208333333333334 0.81875 0.059895833333333336 0.07916666666666666
1 0.18854166666666666 0.8993055555555556 0.14270833333333333 0.14166666666666666
1 0.16979166666666667 0.9645833333333333 0.11197916666666667 0.06944444444444445
1 0.6015625 0.35694444444444445 0.034375 0.07916666666666666
1 0.5130208333333334 0.5722222222222222 0.04791666666666667 0.09166666666666666
1 0.5526041666666667 0.6354166666666666 0.04583333333333333 0.10972222222222222
1 0.5973958333333333 0.75 0.052083333333333336 0.11527777777777778
1 0.5473958333333333 0.9402777777777778 0.059895833333333336 0.11875
1 0.38333333333333336 0.9263888888888889 0.08489583333333334 0.14652777777777778
1 0.6901041666666666 0.7222222222222222 0.04479166666666667 0.10694444444444444
1 0.6552083333333333 0.6201388888888889 0.0421875 0.09305555555555556
1 0.7208333333333333 0.6166666666666667 0.041666666666666664 0.09444444444444444
1 0.7401041666666667 0.5125 0.041666666666666664 0.0875
1 0.6401041666666667 0.40069444444444446 0.041666666666666664 0.07916666666666666
1 0.6291666666666667 0.26458333333333334 0.034375 0.06319444444444444
1 0.6515625 0.20416666666666666 0.0328125 0.06388888888888888
1 0.6729166666666667 0.15486111111111112 0.027083333333333334 0.05625
1 0.6901041666666666 0.09722222222222222 0.027604166666666666 0.05347222222222222
1 0.7083333333333334 0.049305555555555554 0.025520833333333333 0.044444444444444446
1 0.7369791666666666 0.03819444444444445 0.028645833333333332 0.04791666666666667
1 0.7223958333333333 0.0125 0.0234375 0.025
1 0.7765625 0.12986111111111112 0.027604166666666666 0.04652777777777778
1 0.8489583333333334 0.025 0.022395833333333334 0.034027777777777775
1 0.8385416666666666 0.07777777777777778 0.025520833333333333 0.04375
1 0.8208333333333333 0.1388888888888889 0.0234375 0.050694444444444445
1 0.8052083333333333 0.22083333333333333 0.027604166666666666 0.05138888888888889
1 0.7916666666666666 0.2861111111111111 0.03229166666666667 0.058333333333333334
1 0.7744791666666667 0.37777777777777777 0.0390625 0.06666666666666667
1 0.7567708333333333 0.44305555555555554 0.03333333333333333 0.05416666666666667
1 0.7973958333333333 0.9166666666666666 0.08645833333333333 0.10972222222222222
1 0.7989583333333333 0.81875 0.090625 0.08263888888888889
1 0.8067708333333333 0.7569444444444444 0.0921875 0.07013888888888889
1 0.8239583333333333 0.6902777777777778 0.08229166666666667 0.08541666666666667
1 0.8380208333333333 0.6361111111111111 0.08333333333333333 0.09305555555555556
1 0.8411458333333334 0.5868055555555556 0.07760416666666667 0.08194444444444444
1 0.8619791666666666 0.5548611111111111 0.06927083333333334 0.08472222222222223
1 0.8609375 0.4979166666666667 0.07135416666666666 0.07430555555555556
1 0.8770833333333333 0.4597222222222222 0.07447916666666667 0.075
1 0.8760416666666667 0.39375 0.07916666666666666 0.07916666666666666
1 0.8833333333333333 0.35347222222222224 0.06979166666666667 0.058333333333333334
1 0.8890625 0.3145833333333333 0.06197916666666667 0.059027777777777776
1 0.8880208333333334 0.2763888888888889 0.058333333333333334 0.05555555555555555
3 0.896875 0.2423611111111111 0.05364583333333333 0.050694444444444445
3 0.8984375 0.20833333333333334 0.05260416666666667 0.04097222222222222
1 0.9036458333333334 0.18263888888888888 0.042708333333333334 0.04097222222222222
1 0.9057291666666667 0.16041666666666668 0.04010416666666667 0.04097222222222222
1 0.9140625 0.05416666666666667 0.022916666666666665 0.022916666666666665
1 0.9078125 0.07916666666666666 0.03697916666666667 0.02847222222222222
1 0.9098958333333333 0.10277777777777777 0.030208333333333334 0.022916666666666665
1 0.9098958333333333 0.12777777777777777 0.030729166666666665 0.02638888888888889
1 0.9109375 0.02361111111111111 0.027604166666666666 0.029861111111111113