2 0.18125 0.8979166666666667 0.18333333333333332 0.20416666666666666
2 0.50625 0.6604166666666667 0.0796875 0.19791666666666666
2 0.5234375 0.9111111111111111 0.09010416666666667 0.17708333333333334
2 0.5697916666666667 0.34791666666666665 0.09270833333333334 0.22430555555555556
2 0.5723958333333333 0.11875 0.09947916666666666 0.1
1 0.3 0.43680555555555556 0.0578125 0.13194444444444445
1 0.3328125 0.09513888888888888 0.028125 0.05416666666666667
1 0.34270833333333334 0.050694444444444445 0.026041666666666668 0.04791666666666667
1 0.45625 0.04513888888888889 0.04375 0.04027777777777778
1 0.5369791666666667 0.05555555555555555 0.059375 0.0375
2 0.571875 0.12083333333333333 0.09791666666666667 0.1
1 0.6395833333333333 0.04513888888888889 0.05625 0.03958333333333333
1 0.6458333333333334 0.0875 0.05625 0.03958333333333333
3 0.5260416666666666 0.18125 0.0359375 0.08333333333333333
1 0.3416666666666667 0.013888888888888888 0.027604166666666666 0.027777777777777776
3 0.575 0.022916666666666665 0.05677083333333333 0.04027777777777778