1 0.5015625 0.9409722222222222 0.13854166666666667 0.11805555555555555
1 0.009375 0.7354166666666667 0.0171875 0.06388888888888888
1 0.06302083333333333 0.6965277777777777 0.052083333333333336 0.07916666666666666
1 0.0390625 0.56875 0.034895833333333334 0.04652777777777778
1 0.13020833333333334 0.6909722222222222 0.0515625 0.06597222222222222
1 0.21875 0.6555555555555556 0.0515625 0.06944444444444445
3 0.2140625 0.51875 0.05364583333333333 0.035416666666666666
1 0.2947916666666667 0.4798611111111111 0.05625 0.03333333333333333
3 0.31875 0.45902777777777776 0.0390625 0.02847222222222222
1 0.3416666666666667 0.44722222222222224 0.042708333333333334 0.027777777777777776
1 0.4119791666666667 0.9263888888888889 0.13645833333333332 0.13333333333333333
1 0.5692708333333333 0.8152777777777778 0.11875 0.10694444444444444
1 0.7015625 0.7506944444444444 0.09791666666666667 0.09513888888888888
3 0.8046875 0.6784722222222223 0.08333333333333333 0.09027777777777778
1 0.8786458333333333 0.6291666666666667 0.06875 0.07361111111111111
1 0.9421875 0.59375 0.065625 0.059722222222222225
1 0.3375 0.3736111111111111 0.015104166666666667 0.02013888888888889
1 0.3958333333333333 0.35208333333333336 0.034895833333333334 0.02013888888888889
1 0.3885416666666667 0.34652777777777777 0.025520833333333333 0.014583333333333334
1 0.37916666666666665 0.3458333333333333 0.030208333333333334 0.015277777777777777
1 0.37135416666666665 0.3416666666666667 0.025520833333333333 0.017361111111111112
1 0.3609375 0.3368055555555556 0.022395833333333334 0.014583333333333334
1 0.35572916666666665 0.33402777777777776 0.024479166666666666 0.01597222222222222
1 0.3494791666666667 0.3298611111111111 0.0265625 0.01597222222222222
1 0.3458333333333333 0.3263888888888889 0.027083333333333334 0.017361111111111112
3 0.3416666666666667 0.32013888888888886 0.030729166666666665 0.020833333333333332
1 0.40989583333333335 0.3388888888888889 0.036458333333333336 0.017361111111111112
1 0.3807291666666667 0.3263888888888889 0.028645833333333332 0.013194444444444444
1 0.38229166666666664 0.3236111111111111 0.0265625 0.010416666666666666
1 0.35833333333333334 0.31666666666666665 0.022916666666666665 0.014583333333333334
1 0.7510416666666667 0.38055555555555554 0.030729166666666665 0.02361111111111111
0 0.5114583333333333 0.3388888888888889 0.0484375 0.03125
1 0.453125 0.3215277777777778 0.025 0.01597222222222222
3 0.44166666666666665 0.3173611111111111 0.0234375 0.014583333333333334
1 0.4359375 0.31666666666666665 0.022395833333333334 0.0125
1 0.4244791666666667 0.31180555555555556 0.025 0.014583333333333334
1 0.41458333333333336 0.3104166666666667 0.017708333333333333 0.011111111111111112
1 0.4036458333333333 0.30486111111111114 0.022916666666666665 0.013194444444444444
1 0.3765625 0.4111111111111111 0.04010416666666667 0.022916666666666665
1 0.4036458333333333 0.3993055555555556 0.03125 0.01875