1 0.09583333333333334 0.018055555555555554 0.07708333333333334 0.034027777777777775
3 0.18489583333333334 0.17291666666666666 0.09427083333333333 0.07916666666666666
3 0.2760416666666667 0.03819444444444445 0.05520833333333333 0.07430555555555556
1 0.3625 0.022222222222222223 0.0421875 0.044444444444444446
1 0.13697916666666668 0.08125 0.0484375 0.07708333333333334
1 0.1609375 0.12777777777777777 0.0734375 0.08194444444444444
3 0.45260416666666664 0.050694444444444445 0.05572916666666667 0.08125
1 0.5390625 0.20555555555555555 0.059895833333333336 0.08472222222222223
1 0.4375 0.19444444444444445 0.05364583333333333 0.07916666666666666
1 0.2791666666666667 0.2222222222222222 0.057291666666666664 0.09166666666666666
1 0.2604166666666667 0.3284722222222222 0.0765625 0.07430555555555556
1 0.28802083333333334 0.36875 0.07552083333333333 0.07361111111111111
1 0.35520833333333335 0.5666666666666667 0.04583333333333333 0.10694444444444444
3 0.48385416666666664 0.9604166666666667 0.0734375 0.07708333333333334
1 0.5015625 0.5430555555555555 0.065625 0.1
3 0.6484375 0.5326388888888889 0.05572916666666667 0.08125
3 0.5260416666666666 0.4513888888888889 0.06197916666666667 0.09722222222222222
2 0.6359375 0.34930555555555554 0.09479166666666666 0.13680555555555557
1 0.9401041666666666 0.9715277777777778 0.06145833333333333 0.05555555555555555
1 0.9494791666666667 0.7645833333333333 0.052083333333333336 0.1125
1 0.8020833333333334 0.8013888888888889 0.07708333333333334 0.10347222222222222
1 0.7489583333333333 0.8444444444444444 0.06927083333333334 0.1076388888888889
1 0.796875 0.6916666666666667 0.06666666666666667 0.08958333333333333
3 0.9697916666666667 0.4826388888888889 0.059895833333333336 0.075