2 0.5572916666666666 0.6777777777777778 0.05572916666666667 0.1701388888888889
2 0.8255208333333334 0.5972222222222222 0.12760416666666666 0.3034722222222222
2 0.4942708333333333 0.2875 0.03854166666666667 0.11805555555555555
2 0.058333333333333334 0.39444444444444443 0.05520833333333333 0.06319444444444444
1 0.5505208333333333 0.3347222222222222 0.029166666666666667 0.06458333333333334
1 0.6140625 0.3958333333333333 0.03333333333333333 0.07847222222222222
1 0.725 0.3138888888888889 0.03697916666666667 0.075
1 0.7953125 0.3611111111111111 0.0421875 0.09027777777777778
1 0.7020833333333333 0.44930555555555557 0.041666666666666664 0.11388888888888889
1 0.5708333333333333 0.06458333333333334 0.022916666666666665 0.04583333333333333
1 0.05520833333333333 0.4395833333333333 0.05 0.041666666666666664
1 0.11770833333333333 0.39166666666666666 0.049479166666666664 0.04722222222222222
3 0.21302083333333333 0.5534722222222223 0.0390625 0.09166666666666666
1 0.3234375 0.16805555555555557 0.020833333333333332 0.03680555555555556
1 0.3515625 0.06319444444444444 0.0140625 0.027777777777777776
0 0.28489583333333335 0.14097222222222222 0.04375 0.08888888888888889
0 0.31875 0.044444444444444446 0.03333333333333333 0.07361111111111111
1 0.34479166666666666 0.021527777777777778 0.024479166666666666 0.022916666666666665
1 0.2390625 0.059027777777777776 0.015104166666666667 0.024305555555555556
1 0.3072916666666667 0.022222222222222223 0.019270833333333334 0.01875