1 0.253125 0.4222222222222222 0.016666666666666666 0.02013888888888889
1 0.26666666666666666 0.4236111111111111 0.016666666666666666 0.018055555555555554
2 0.28489583333333335 0.4111111111111111 0.027083333333333334 0.03333333333333333
1 0.37916666666666665 0.30972222222222223 0.01875 0.014583333333333334
1 0.43125 0.5118055555555555 0.016666666666666666 0.027777777777777776
1 0.5072916666666667 0.375 0.011458333333333333 0.015277777777777777
1 0.41875 0.40347222222222223 0.022916666666666665 0.015277777777777777
1 0.42239583333333336 0.39305555555555555 0.0234375 0.01597222222222222
1 0.5947916666666667 0.25972222222222224 0.016666666666666666 0.009722222222222222
1 0.5182291666666666 0.22291666666666668 0.0078125 0.009722222222222222
1 0.5197916666666667 0.21388888888888888 0.005208333333333333 0.008333333333333333
1 0.5223958333333333 0.2048611111111111 0.005729166666666666 0.011111111111111112
2 0.5239583333333333 0.24027777777777778 0.009375 0.020833333333333332
2 0.6541666666666667 0.18541666666666667 0.030729166666666665 0.015277777777777777
2 0.6958333333333333 0.17083333333333334 0.007291666666666667 0.010416666666666666
2 0.7067708333333333 0.1736111111111111 0.0078125 0.009722222222222222
1 0.6302083333333334 0.1875 0.0109375 0.007638888888888889
1 0.6151041666666667 0.19305555555555556 0.00625 0.008333333333333333