1 0.051041666666666666 0.1763888888888889 0.10208333333333333 0.0875
1 0.34479166666666666 0.02361111111111111 0.029166666666666667 0.04583333333333333
1 0.334375 0.13472222222222222 0.084375 0.13055555555555556
1 0.2635416666666667 0.18888888888888888 0.09166666666666666 0.14444444444444443
1 0.14010416666666667 0.46597222222222223 0.1578125 0.10486111111111111
1 0.29322916666666665 0.6013888888888889 0.14791666666666667 0.14375
1 0.022916666666666665 0.4444444444444444 0.04583333333333333 0.08125
1 0.5119791666666667 0.05555555555555555 0.0515625 0.1111111111111111
1 0.6505208333333333 0.013194444444444444 0.05260416666666667 0.025694444444444443
1 0.7390625 0.2298611111111111 0.059895833333333336 0.15069444444444444
1 0.8380208333333333 0.05416666666666667 0.05416666666666667 0.10069444444444445
1 0.84375 0.25555555555555554 0.06979166666666667 0.14166666666666666
1 0.8723958333333334 0.6159722222222223 0.15625 0.16111111111111112
1 0.7927083333333333 0.8909722222222223 0.18697916666666667 0.09444444444444444