1 0.6572916666666667 0.8375 0.11979166666666667 0.15694444444444444
1 0.7192708333333333 0.6159722222222223 0.09479166666666666 0.10277777777777777
1 0.7453125 0.5715277777777777 0.09791666666666667 0.09722222222222222
3 0.7494791666666667 0.5055555555555555 0.09375 0.11319444444444444
1 0.6630208333333333 0.4548611111111111 0.05625 0.0875
1 0.5739583333333333 0.5041666666666667 0.059895833333333336 0.09513888888888888
1 0.49375 0.4083333333333333 0.0546875 0.07361111111111111
1 0.5619791666666667 0.3298611111111111 0.05 0.06041666666666667
1 0.5890625 0.27361111111111114 0.036458333333333336 0.04722222222222222
3 0.6161458333333333 0.22708333333333333 0.0359375 0.05416666666666667
1 0.6822916666666666 0.12638888888888888 0.027083333333333334 0.034722222222222224
3 0.6958333333333333 0.10347222222222222 0.025 0.03611111111111111
1 0.7119791666666667 0.08819444444444445 0.020833333333333332 0.025
1 0.7208333333333333 0.07152777777777777 0.021354166666666667 0.022916666666666665
1 0.7307291666666667 0.05763888888888889 0.018229166666666668 0.02638888888888889
1 0.7416666666666667 0.04375 0.01875 0.022916666666666665
1 0.7505208333333333 0.027777777777777776 0.016666666666666666 0.018055555555555554
1 0.7557291666666667 0.01875 0.015625 0.019444444444444445
1 0.7635416666666667 0.009027777777777777 0.014583333333333334 0.018055555555555554
1 0.7864583333333334 0.09583333333333334 0.021875 0.029166666666666667
3 0.8104166666666667 0.01875 0.01875 0.029166666666666667
1 0.9859375 0.5118055555555555 0.028125 0.08194444444444444
3 0.9875 0.3388888888888889 0.025 0.04375
1 0.9895833333333334 0.17430555555555555 0.0203125 0.03194444444444444
1 0.9911458333333333 0.1527777777777778 0.017708333333333333 0.029166666666666667
1 0.996875 0.1076388888888889 0.00625 0.019444444444444445
3 0.9932291666666667 0.0875 0.013541666666666667 0.025694444444444443
1 0.990625 0.07569444444444444 0.01875 0.022222222222222223
1 0.9890625 0.03958333333333333 0.019791666666666666 0.019444444444444445
1 0.9854166666666667 0.030555555555555555 0.025520833333333333 0.01875
1 0.9916666666666667 0.02013888888888889 0.016666666666666666 0.013888888888888888
1 0.9911458333333333 0.013888888888888888 0.016666666666666666 0.017361111111111112
1 0.9885416666666667 0.00625 0.019791666666666666 0.0125
1 0.98125 0.21666666666666667 0.030729166666666665 0.03611111111111111
1 0.9213541666666667 0.3215277777777778 0.035416666666666666 0.050694444444444445
1 0.9322916666666666 0.2326388888888889 0.03125 0.03888888888888889
1 0.9369791666666667 0.10902777777777778 0.021354166666666667 0.027083333333333334
1 0.8640625 0.2701388888888889 0.028645833333333332 0.0375
1 0.8677083333333333 0.22361111111111112 0.024479166666666666 0.03263888888888889
1 0.903125 0.022222222222222223 0.015104166666666667 0.02361111111111111