1 0.025 0.7104166666666667 0.05 0.034722222222222224
1 0.07916666666666666 0.7194444444444444 0.05625 0.035416666666666666
1 0.09114583333333333 0.6430555555555556 0.046875 0.02847222222222222
1 0.140625 0.6479166666666667 0.04479166666666667 0.029166666666666667
1 0.20052083333333334 0.6548611111111111 0.04739583333333333 0.029861111111111113
1 0.253125 0.6604166666666667 0.046875 0.029861111111111113
1 0.228125 0.7430555555555556 0.05416666666666667 0.034722222222222224
1 0.34427083333333336 0.7576388888888889 0.0578125 0.03888888888888889
1 0.46510416666666665 0.7729166666666667 0.0546875 0.04027777777777778
3 0.40729166666666666 0.7618055555555555 0.04791666666666667 0.041666666666666664
3 0.3494791666666667 0.6604166666666667 0.0328125 0.04583333333333333
1 0.34322916666666664 0.5527777777777778 0.0375 0.025
1 0.35208333333333336 0.5319444444444444 0.03958333333333333 0.025
1 0.43802083333333336 0.5472222222222223 0.04010416666666667 0.025
1 0.378125 0.6090277777777777 0.027083333333333334 0.035416666666666666
1 0.41510416666666666 0.5243055555555556 0.0234375 0.02847222222222222
1 0.41041666666666665 0.44375 0.029166666666666667 0.020833333333333332
1 0.4244791666666667 0.4263888888888889 0.030729166666666665 0.017361111111111112
1 0.43072916666666666 0.4166666666666667 0.029166666666666667 0.016666666666666666
1 0.43697916666666664 0.4097222222222222 0.028125 0.01597222222222222
1 0.44479166666666664 0.40347222222222223 0.028125 0.015277777777777777
1 0.45416666666666666 0.39652777777777776 0.027083333333333334 0.01597222222222222
1 0.4864583333333333 0.3659722222222222 0.021354166666666667 0.014583333333333334
1 0.5052083333333334 0.34930555555555554 0.027604166666666666 0.013194444444444444
1 0.459375 0.24791666666666667 0.0078125 0.009722222222222222
1 0.4234375 0.6756944444444445 0.050520833333333334 0.034027777777777775
1 0.4901041666666667 0.6861111111111111 0.05 0.034722222222222224
1 0.5546875 0.6930555555555555 0.052083333333333336 0.034027777777777775
1 0.6859375 0.7076388888888889 0.05520833333333333 0.035416666666666666
1 0.734375 0.6881944444444444 0.0390625 0.041666666666666664
3 0.6276041666666666 0.7993055555555556 0.051041666666666666 0.05
1 0.7625 0.8145833333333333 0.065625 0.041666666666666664
1 0.8380208333333333 0.8263888888888888 0.07083333333333333 0.04236111111111111
1 0.928125 0.8381944444444445 0.06875 0.03819444444444445
1 0.8989583333333333 0.7395833333333334 0.05416666666666667 0.0375
2 0.8145833333333333 0.5979166666666667 0.06145833333333333 0.03958333333333333
1 0.8010416666666667 0.5784722222222223 0.0453125 0.02361111111111111
1 0.7859375 0.4840277777777778 0.036458333333333336 0.021527777777777778
1 0.7833333333333333 0.4736111111111111 0.04114583333333333 0.017361111111111112
1 0.7807291666666667 0.4625 0.03229166666666667 0.013194444444444444
1 0.7026041666666667 0.45208333333333334 0.033854166666666664 0.019444444444444445
1 0.7041666666666667 0.4423611111111111 0.034375 0.02013888888888889
1 0.7546875 0.4152777777777778 0.022916666666666665 0.019444444444444445
3 0.8140625 0.4201388888888889 0.0359375 0.024305555555555556
1 0.8260416666666667 0.4166666666666667 0.029166666666666667 0.019444444444444445
1 0.8333333333333334 0.41041666666666665 0.03125 0.01875
1 0.771875 0.35138888888888886 0.020833333333333332 0.018055555555555554
1 0.8088541666666667 0.35 0.0234375 0.014583333333333334
1 0.7932291666666667 0.34097222222222223 0.025 0.011805555555555555
1 0.7864583333333334 0.3347222222222222 0.021354166666666667 0.011805555555555555
1 0.7776041666666667 0.33055555555555555 0.022395833333333334 0.0125
3 0.990625 0.48194444444444445 0.01875 0.022222222222222223
1 0.9822916666666667 0.43472222222222223 0.035416666666666666 0.01875
1 0.9770833333333333 0.36319444444444443 0.029166666666666667 0.014583333333333334
1 0.9776041666666667 0.3576388888888889 0.03125 0.015277777777777777
1 0.9572916666666667 0.3388888888888889 0.0125 0.013888888888888888
3 0.9578125 0.32708333333333334 0.011458333333333333 0.014583333333333334
3 0.9572916666666667 0.31666666666666665 0.0125 0.011111111111111112
1 0.9510416666666667 0.3111111111111111 0.014583333333333334 0.011805555555555555
1 0.0203125 0.44166666666666665 0.028125 0.018055555555555554
1 0.010416666666666666 0.4486111111111111 0.0203125 0.01875