1 0.44895833333333335 0.8458333333333333 0.034895833333333334 0.08541666666666667
1 0.5416666666666666 0.6854166666666667 0.030729166666666665 0.06180555555555556
1 0.4322916666666667 0.4083333333333333 0.016666666666666666 0.03333333333333333
1 0.7921875 0.5979166666666667 0.0515625 0.03125
1 0.4244791666666667 0.2298611111111111 0.015625 0.018055555555555554
1 0.16510416666666666 0.26805555555555555 0.019791666666666666 0.018055555555555554
1 0.1828125 0.26875 0.0171875 0.02013888888888889
3 0.4359375 0.4826388888888889 0.017708333333333333 0.03611111111111111
3 0.4375 0.3298611111111111 0.011979166666666667 0.02847222222222222
3 0.0640625 0.34791666666666665 0.04635416666666667 0.050694444444444445
3 0.8161458333333333 0.6534722222222222 0.059375 0.07777777777777778
1 0.7864583333333334 0.47430555555555554 0.03125 0.020833333333333332
2 0.5020833333333333 0.1909722222222222 0.011458333333333333 0.022222222222222223
1 0.32916666666666666 0.15347222222222223 0.0109375 0.010416666666666666
3 0.09479166666666666 0.2611111111111111 0.027604166666666666 0.025694444444444443
1 0.7890625 0.08819444444444445 0.009895833333333333 0.008333333333333333
1 0.7677083333333333 0.09166666666666666 0.0140625 0.006944444444444444
1 0.765625 0.07777777777777778 0.008333333333333333 0.006944444444444444
1 0.5515625 0.08472222222222223 0.0109375 0.005555555555555556
1 0.55 0.08333333333333333 0.009895833333333333 0.006944444444444444
1 0.5848958333333333 0.09027777777777778 0.011458333333333333 0.006944444444444444
1 0.5953125 0.0875 0.0109375 0.007638888888888889
1 0.5890625 0.08680555555555555 0.009895833333333333 0.005555555555555556
1 0.5901041666666667 0.08402777777777778 0.011458333333333333 0.008333333333333333
1 0.5890625 0.0798611111111111 0.0109375 0.008333333333333333
1 0.6109375 0.08958333333333333 0.009375 0.009722222222222222
1 0.6125 0.08263888888888889 0.0109375 0.005555555555555556
1 0.6119791666666666 0.08055555555555556 0.0109375 0.006944444444444444
1 0.6098958333333333 0.07777777777777778 0.009375 0.006944444444444444
1 0.6114583333333333 0.07222222222222222 0.009895833333333333 0.006944444444444444
3 0.5541666666666667 0.04027777777777778 0.0026041666666666665 0.006944444444444444
1 0.5901041666666667 0.07222222222222222 0.009895833333333333 0.006944444444444444
1 0.5916666666666667 0.06736111111111111 0.0109375 0.006944444444444444
3 0.5354166666666667 0.03263888888888889 0.0078125 0.0125
1 0.07708333333333334 0.22777777777777777 0.019791666666666666 0.013194444444444444
1 0.06614583333333333 0.22569444444444445 0.016666666666666666 0.013194444444444444
1 0.128125 0.19791666666666666 0.017708333333333333 0.0125
3 0.115625 0.19444444444444445 0.0171875 0.02013888888888889
1 0.1796875 0.15138888888888888 0.017708333333333333 0.009722222222222222
1 0.19895833333333332 0.14652777777777778 0.017708333333333333 0.009722222222222222
1 0.25729166666666664 0.12152777777777778 0.008333333333333333 0.010416666666666666
1 0.2578125 0.10972222222222222 0.013020833333333334 0.009722222222222222
3 0.221875 0.1625 0.022395833333333334 0.02013888888888889
3 0.234375 0.15763888888888888 0.024479166666666666 0.01597222222222222
3 0.165625 0.17430555555555555 0.03697916666666667 0.020833333333333332
1 0.175 0.1840277777777778 0.013020833333333334 0.010416666666666666
3 0.15 0.16944444444444445 0.03125 0.01875
3 0.1515625 0.14791666666666667 0.0265625 0.017361111111111112
1 0.16770833333333332 0.14791666666666667 0.009895833333333333 0.009722222222222222
3 0.22083333333333333 0.14444444444444443 0.016666666666666666 0.011111111111111112
0 0.2578125 0.15694444444444444 0.03125 0.029861111111111113
3 0.2916666666666667 0.15555555555555556 0.017708333333333333 0.020833333333333332
3 0.29739583333333336 0.13680555555555557 0.007291666666666667 0.007638888888888889
3 0.30052083333333335 0.14652777777777778 0.022916666666666665 0.020833333333333332
1 0.20625 0.12222222222222222 0.009375 0.010416666666666666
1 0.22760416666666666 0.12222222222222222 0.0078125 0.009722222222222222
1 0.2546875 0.08888888888888889 0.0109375 0.007638888888888889
1 0.24114583333333334 0.08680555555555555 0.011979166666666667 0.008333333333333333
1 0.234375 0.08402777777777778 0.008333333333333333 0.007638888888888889
3 0.3796875 0.07152777777777777 0.0078125 0.011111111111111112
3 0.37447916666666664 0.05277777777777778 0.015104166666666667 0.010416666666666666
3 0.37447916666666664 0.03680555555555556 0.007291666666666667 0.005555555555555556
1 0.36875 0.03888888888888889 0.008333333333333333 0.005555555555555556
1 0.3619791666666667 0.07152777777777777 0.00625 0.005555555555555556
1 0.3260416666666667 0.08680555555555555 0.005208333333333333 0.007638888888888889
1 0.3203125 0.08541666666666667 0.005208333333333333 0.005555555555555556
1 0.2552083333333333 0.07777777777777778 0.0109375 0.005555555555555556
1 0.2609375 0.0763888888888889 0.009895833333333333 0.007638888888888889
1 0.2671875 0.07222222222222222 0.008333333333333333 0.007638888888888889
1 0.2708333333333333 0.07152777777777777 0.0109375 0.009722222222222222
1 0.2791666666666667 0.07013888888888889 0.011458333333333333 0.006944444444444444
1 0.30520833333333336 0.07777777777777778 0.011979166666666667 0.007638888888888889
1 0.3109375 0.0763888888888889 0.009895833333333333 0.005555555555555556
1 0.3020833333333333 0.07430555555555556 0.013020833333333334 0.007638888888888889
1 0.31354166666666666 0.07291666666666667 0.0140625 0.006944444444444444
1 0.3182291666666667 0.07361111111111111 0.0109375 0.008333333333333333
1 0.3223958333333333 0.07013888888888889 0.011458333333333333 0.005555555555555556
1 0.321875 0.06736111111111111 0.011979166666666667 0.008333333333333333
1 0.31302083333333336 0.06944444444444445 0.0109375 0.005555555555555556
1 0.32760416666666664 0.07916666666666666 0.008333333333333333 0.007638888888888889
1 0.3255208333333333 0.05486111111111111 0.0109375 0.008333333333333333
1 0.3546875 0.04513888888888889 0.009375 0.004861111111111111
1 0.39010416666666664 0.041666666666666664 0.0078125 0.005555555555555556
3 0.30625 0.10972222222222222 0.0078125 0.008333333333333333
1 0.2953125 0.1125 0.0078125 0.013194444444444444
1 0.4296875 0.03680555555555556 0.0109375 0.005555555555555556
1 0.434375 0.034722222222222224 0.007291666666666667 0.004861111111111111
1 0.42083333333333334 0.027777777777777776 0.008333333333333333 0.004861111111111111
1 0.41302083333333334 0.03194444444444444 0.00625 0.004861111111111111
1 0.4265625 0.025694444444444443 0.007291666666666667 0.005555555555555556
1 0.4322916666666667 0.025694444444444443 0.007291666666666667 0.005555555555555556
1 0.44635416666666666 0.01875 0.007291666666666667 0.006944444444444444