1 0.39947916666666666 0.7826388888888889 0.059375 0.16875
1 0.6859375 0.6041666666666666 0.0859375 0.12083333333333333
1 0.415625 0.5430555555555555 0.05 0.12986111111111112
1 0.37083333333333335 0.9583333333333334 0.059375 0.08263888888888889
1 0.6828125 0.4826388888888889 0.0828125 0.12222222222222222
1 0.6833333333333333 0.3506944444444444 0.07760416666666667 0.09305555555555556
1 0.428125 0.38125 0.05364583333333333 0.13125
1 0.45625 0.2298611111111111 0.05364583333333333 0.09513888888888888
1 0.6760416666666667 0.2673611111111111 0.08802083333333334 0.08194444444444444
1 0.66875 0.20347222222222222 0.08645833333333333 0.07152777777777777
1 0.6677083333333333 0.13125 0.08333333333333333 0.07361111111111111
1 0.6703125 0.06180555555555556 0.08072916666666667 0.059027777777777776
1 0.45625 0.08888888888888889 0.04791666666666667 0.07430555555555556
1 0.6630208333333333 0.018055555555555554 0.06354166666666666 0.03611111111111111
2 0.7229166666666667 0.7763888888888889 0.084375 0.2125