3 0.4505208333333333 0.4131944444444444 0.03125 0.058333333333333334
1 0.4921875 0.3819444444444444 0.034375 0.03819444444444445
1 0.6416666666666667 0.6291666666666667 0.075 0.08888888888888889
1 0.7541666666666667 0.6430555555555556 0.0828125 0.08541666666666667
1 0.6510416666666666 0.5263888888888889 0.05520833333333333 0.059722222222222225
1 0.8791666666666667 0.8006944444444445 0.13229166666666667 0.14444444444444443
1 0.621875 0.4701388888888889 0.049479166666666664 0.05138888888888889
1 0.5682291666666667 0.4111111111111111 0.0390625 0.03611111111111111
1 0.5359375 0.3645833333333333 0.0328125 0.03680555555555556
1 0.41458333333333336 0.3326388888888889 0.025 0.03333333333333333
1 0.2838541666666667 0.40208333333333335 0.027604166666666666 0.04375
1 0.7015625 0.5006944444444444 0.07552083333333333 0.050694444444444445
1 0.6755208333333333 0.46319444444444446 0.0671875 0.041666666666666664
1 0.6322916666666667 0.425 0.0578125 0.035416666666666666
1 0.578125 0.3701388888888889 0.059375 0.04027777777777778
1 0.5416666666666666 0.33125 0.03697916666666667 0.02638888888888889
1 0.5302083333333333 0.3159722222222222 0.036458333333333336 0.027777777777777776
1 0.503125 0.33125 0.0265625 0.030555555555555555
1 0.49166666666666664 0.30972222222222223 0.022916666666666665 0.02847222222222222
1 0.3411458333333333 0.16180555555555556 0.0078125 0.009722222222222222
1 0.33489583333333334 0.14930555555555555 0.005729166666666666 0.008333333333333333
1 0.38697916666666665 0.20833333333333334 0.013020833333333334 0.013194444444444444
1 0.37447916666666664 0.19027777777777777 0.009895833333333333 0.011111111111111112
1 0.3848958333333333 0.17916666666666667 0.0109375 0.011111111111111112
1 0.3614583333333333 0.14791666666666667 0.007291666666666667 0.008333333333333333
1 0.3302083333333333 0.14375 0.00625 0.007638888888888889
1 0.32864583333333336 0.1388888888888889 0.004166666666666667 0.007638888888888889
1 0.340625 0.13819444444444445 0.005729166666666666 0.005555555555555556
1 0.3375 0.13402777777777777 0.005208333333333333 0.008333333333333333
0 0.3484375 0.1326388888888889 0.0078125 0.0125
1 0.40729166666666666 0.20902777777777778 0.0140625 0.01597222222222222
1 0.4015625 0.20069444444444445 0.0109375 0.0125
1 0.39947916666666666 0.19444444444444445 0.009375 0.011111111111111112
1 0.4401041666666667 0.22013888888888888 0.0265625 0.014583333333333334
1 0.4421875 0.22916666666666666 0.015625 0.014583333333333334
1 0.45260416666666664 0.2361111111111111 0.017708333333333333 0.017361111111111112
1 0.4234375 0.22361111111111112 0.011458333333333333 0.01875
1 0.42864583333333334 0.25833333333333336 0.015625 0.01875
1 0.4348958333333333 0.24375 0.015625 0.015277777777777777
1 0.4473958333333333 0.25416666666666665 0.017708333333333333 0.020833333333333332
1 0.46770833333333334 0.24930555555555556 0.027083333333333334 0.02013888888888889
1 0.4817708333333333 0.26458333333333334 0.03229166666666667 0.022916666666666665
1 0.49270833333333336 0.2743055555555556 0.03229166666666667 0.01875
1 0.5005208333333333 0.28541666666666665 0.0328125 0.01875
1 0.5130208333333334 0.29930555555555555 0.030208333333333334 0.022222222222222223
1 0.5223958333333333 0.20347222222222222 0.020833333333333332 0.011111111111111112
1 0.5375 0.22152777777777777 0.015104166666666667 0.018055555555555554
1 0.6630208333333333 0.30625 0.03802083333333333 0.02013888888888889
1 0.678125 0.3173611111111111 0.036458333333333336 0.025
1 0.234375 0.37222222222222223 0.05416666666666667 0.03680555555555556
1 0.946875 0.5736111111111111 0.10364583333333334 0.05625
1 0.9666666666666667 0.6090277777777777 0.06666666666666667 0.044444444444444446
1 0.9734375 0.6513888888888889 0.05260416666666667 0.07013888888888889
1 0.9776041666666667 0.8069444444444445 0.044270833333333336 0.09930555555555555