3 0.3098958333333333 0.07430555555555556 0.0359375 0.04722222222222222
3 0.36041666666666666 0.020833333333333332 0.034895833333333334 0.041666666666666664
3 0.0109375 0.7847222222222222 0.021875 0.041666666666666664
3 0.0875 0.7465277777777778 0.034895833333333334 0.043055555555555555
3 0.013020833333333334 0.9708333333333333 0.025 0.043055555555555555
3 0.07552083333333333 0.9506944444444444 0.034895833333333334 0.04791666666666667
1 0.14427083333333332 0.8409722222222222 0.034375 0.044444444444444446
1 0.22552083333333334 0.7506944444444444 0.030729166666666665 0.03958333333333333
1 0.1328125 0.9631944444444445 0.0359375 0.05347222222222222
1 0.16822916666666668 0.9277777777777778 0.03802083333333333 0.03819444444444445
2 0.20989583333333334 0.9097222222222222 0.06354166666666666 0.0763888888888889
2 0.2796875 0.8118055555555556 0.0609375 0.07222222222222222
2 0.28125 0.8590277777777777 0.07708333333333334 0.07361111111111111
2 0.27291666666666664 0.9166666666666666 0.0859375 0.0875
0 0.28802083333333334 0.7305555555555555 0.090625 0.10277777777777777
3 0.2453125 0.6284722222222222 0.03333333333333333 0.044444444444444446
1 0.3578125 0.7472222222222222 0.021354166666666667 0.05555555555555555
1 0.37552083333333336 0.7319444444444444 0.022395833333333334 0.059722222222222225
1 0.39375 0.7166666666666667 0.025 0.06319444444444444
1 0.42916666666666664 0.6833333333333333 0.0234375 0.0625
1 0.44479166666666664 0.6604166666666667 0.0171875 0.044444444444444446
1 0.4973958333333333 0.6270833333333333 0.0234375 0.06111111111111111
1 0.5151041666666667 0.6125 0.0234375 0.0625
3 0.48072916666666665 0.6423611111111112 0.024479166666666666 0.06597222222222222
3 0.3484375 0.6305555555555555 0.036458333333333336 0.04791666666666667
3 0.3927083333333333 0.6326388888888889 0.0359375 0.049305555555555554
1 0.40729166666666666 0.5666666666666667 0.034895833333333334 0.04722222222222222
1 0.4583333333333333 0.51875 0.03229166666666667 0.043055555555555555
0 0.4796875 0.5472222222222223 0.08802083333333334 0.09930555555555555
2 0.6432291666666666 0.6777777777777778 0.07083333333333333 0.06319444444444444
2 0.74375 0.6291666666666667 0.09166666666666666 0.06875
3 0.6078125 0.5805555555555556 0.027083333333333334 0.06458333333333334
1 0.6369791666666667 0.5652777777777778 0.027604166666666666 0.059722222222222225
3 0.6619791666666667 0.5555555555555556 0.0265625 0.05555555555555555
3 0.6885416666666667 0.5395833333333333 0.028645833333333332 0.06319444444444444
3 0.7166666666666667 0.5208333333333334 0.0265625 0.0625
3 0.7421875 0.5111111111111111 0.025520833333333333 0.0625
1 0.9067708333333333 0.5902777777777778 0.03229166666666667 0.04027777777777778
1 0.8541666666666666 0.5555555555555556 0.0359375 0.03333333333333333
3 0.8473958333333333 0.475 0.03854166666666667 0.03680555555555556
3 0.8515625 0.5097222222222222 0.036458333333333336 0.03680555555555556
1 0.9182291666666667 0.16180555555555556 0.036458333333333336 0.04722222222222222
1 0.8640625 0.20208333333333334 0.03697916666666667 0.041666666666666664
1 0.7963541666666667 0.24027777777777778 0.0359375 0.041666666666666664
0 0.8348958333333333 0.26319444444444445 0.05364583333333333 0.05694444444444444
1 0.7578125 0.2263888888888889 0.034375 0.04722222222222222
3 0.7401041666666667 0.2013888888888889 0.030208333333333334 0.041666666666666664
1 0.7197916666666667 0.2875 0.03333333333333333 0.05486111111111111
1 0.6864583333333333 0.2611111111111111 0.0359375 0.04722222222222222
2 0.74375 0.3145833333333333 0.0828125 0.10138888888888889
1 0.8364583333333333 0.0375 0.034375 0.044444444444444446
3 0.5442708333333334 0.19236111111111112 0.030208333333333334 0.04722222222222222
3 0.4921875 0.36527777777777776 0.028645833333333332 0.04027777777777778
3 0.521875 0.44305555555555554 0.03229166666666667 0.050694444444444445
3 0.5651041666666666 0.41875 0.034375 0.04791666666666667
3 0.590625 0.3597222222222222 0.0359375 0.052083333333333336
3 0.6734375 0.3277777777777778 0.03333333333333333 0.03680555555555556
3 0.64375 0.30833333333333335 0.03229166666666667 0.04027777777777778
2 0.6296875 0.35208333333333336 0.0390625 0.05694444444444444
3 0.6208333333333333 0.4388888888888889 0.0359375 0.04027777777777778
3 0.5651041666666666 0.46597222222222223 0.036458333333333336 0.04791666666666667