1 0.07083333333333333 0.8861111111111111 0.0328125 0.041666666666666664
1 0.06927083333333334 0.8694444444444445 0.0359375 0.035416666666666666
1 0.0609375 0.8576388888888888 0.03333333333333333 0.04027777777777778
1 0.0515625 0.825 0.034895833333333334 0.03819444444444445
3 0.12552083333333333 0.7805555555555556 0.0359375 0.04791666666666667
1 0.11666666666666667 0.76875 0.030729166666666665 0.03819444444444445
1 0.10989583333333333 0.7583333333333333 0.03125 0.041666666666666664
1 0.1046875 0.7458333333333333 0.03229166666666667 0.03958333333333333
1 0.09010416666666667 0.7138888888888889 0.030208333333333334 0.034027777777777775
1 0.05364583333333333 0.6798611111111111 0.019791666666666666 0.03194444444444444
1 0.034375 0.6569444444444444 0.01875 0.029166666666666667
3 0.4869791666666667 0.9618055555555556 0.022395833333333334 0.06319444444444444
1 0.46927083333333336 0.8701388888888889 0.0171875 0.03680555555555556
1 0.5041666666666667 0.7083333333333334 0.015104166666666667 0.03333333333333333
1 0.5375 0.6722222222222223 0.013541666666666667 0.03680555555555556
3 0.5880208333333333 0.5479166666666667 0.009895833333333333 0.034027777777777775
1 0.603125 0.4361111111111111 0.009375 0.024305555555555556
2 0.5135416666666667 0.4625 0.011458333333333333 0.034027777777777775
1 0.5255208333333333 0.42777777777777776 0.009375 0.018055555555555554
1 0.4244791666666667 0.6041666666666666 0.011458333333333333 0.025694444444444443
1 0.4421875 0.5451388888888888 0.009895833333333333 0.024305555555555556
2 0.42864583333333334 0.4270833333333333 0.013020833333333334 0.03958333333333333
0 0.4109375 0.2881944444444444 0.015104166666666667 0.050694444444444445
1 0.5140625 0.325 0.008333333333333333 0.0125
3 0.49947916666666664 0.30486111111111114 0.0078125 0.018055555555555554
2 0.5078125 0.2923611111111111 0.009895833333333333 0.021527777777777778
2 0.4328125 0.13472222222222222 0.009895833333333333 0.018055555555555554
1 0.5734375 0.31666666666666665 0.008333333333333333 0.013888888888888888
1 0.5848958333333333 0.32083333333333336 0.0078125 0.015277777777777777
1 0.5625 0.2722222222222222 0.0078125 0.013888888888888888
1 0.5401041666666667 0.18263888888888888 0.007291666666666667 0.0125
2 0.6484375 0.11597222222222223 0.0171875 0.016666666666666666
2 0.7130208333333333 0.12430555555555556 0.021354166666666667 0.018055555555555554
2 0.7552083333333334 0.13958333333333334 0.020833333333333332 0.015277777777777777
2 0.76875 0.14444444444444443 0.017708333333333333 0.015277777777777777
2 0.7802083333333333 0.15069444444444444 0.019270833333333334 0.01875
1 0.5473958333333333 0.06666666666666667 0.007291666666666667 0.00625
1 0.5880208333333333 0.049305555555555554 0.00625 0.007638888888888889
1 0.6322916666666667 0.034027777777777775 0.00625 0.007638888888888889