1 0.49166666666666664 0.8097222222222222 0.0484375 0.059027777777777776
1 0.5083333333333333 0.76875 0.04739583333333333 0.06111111111111111
2 0.5348958333333333 0.6965277777777777 0.044270833333333336 0.06458333333333334
2 0.5619791666666667 0.6534722222222222 0.05260416666666667 0.09652777777777778
1 0.7583333333333333 0.7381944444444445 0.0484375 0.059027777777777776
2 0.7276041666666667 0.6381944444444444 0.0484375 0.05347222222222222
2 0.6609375 0.5597222222222222 0.05260416666666667 0.06180555555555556
2 0.5869791666666667 0.4083333333333333 0.020833333333333332 0.035416666666666666
2 0.5427083333333333 0.36041666666666666 0.01875 0.044444444444444446
1 0.4859375 0.2701388888888889 0.020833333333333332 0.041666666666666664
1 0.5270833333333333 0.12777777777777777 0.01875 0.03333333333333333