3 0.6385416666666667 0.5819444444444445 0.04010416666666667 0.09236111111111112
3 0.5744791666666667 0.725 0.030208333333333334 0.1
3 0.7697916666666667 0.8395833333333333 0.041666666666666664 0.10555555555555556
3 0.9302083333333333 0.4979166666666667 0.04739583333333333 0.0798611111111111
3 0.8494791666666667 0.32708333333333334 0.034895833333333334 0.07361111111111111
3 0.81875 0.2590277777777778 0.03333333333333333 0.058333333333333334
3 0.7291666666666666 0.06319444444444444 0.025 0.04791666666666667
3 0.8526041666666667 0.13819444444444445 0.027604166666666666 0.04583333333333333
1 0.5244791666666667 0.8479166666666667 0.05364583333333333 0.06597222222222222
1 0.50625 0.3888888888888889 0.020833333333333332 0.05694444444444444
1 0.4625 0.28125 0.019270833333333334 0.049305555555555554
1 0.7109375 0.11041666666666666 0.021354166666666667 0.03333333333333333
1 0.9244791666666666 0.14722222222222223 0.027083333333333334 0.035416666666666666
1 0.4505208333333333 0.16805555555555557 0.027083333333333334 0.044444444444444446
1 0.44583333333333336 0.11388888888888889 0.0265625 0.034027777777777775
1 0.4432291666666667 0.09791666666666667 0.025 0.03333333333333333
1 0.43854166666666666 0.049305555555555554 0.022916666666666665 0.035416666666666666
1 0.4348958333333333 0.03333333333333333 0.022395833333333334 0.03194444444444444
1 0.4515625 0.011111111111111112 0.021875 0.022222222222222223
1 0.04791666666666667 0.4861111111111111 0.04010416666666667 0.07847222222222222
1 0.134375 0.4423611111111111 0.030208333333333334 0.07013888888888889
1 0.10520833333333333 0.375 0.028645833333333332 0.05486111111111111
1 0.14895833333333333 0.22430555555555556 0.027604166666666666 0.05347222222222222
1 0.2552083333333333 0.04861111111111111 0.017708333333333333 0.044444444444444446
1 0.1921875 0.08958333333333333 0.022916666666666665 0.044444444444444446
3 0.17083333333333334 0.04722222222222222 0.022395833333333334 0.05347222222222222
0 0.10885416666666667 0.1451388888888889 0.05625 0.1486111111111111
0 0.6390625 0.45555555555555555 0.03125 0.11180555555555556
0 0.8901041666666667 0.08680555555555555 0.052083333333333336 0.11041666666666666
0 0.8494791666666667 0.03958333333333333 0.05 0.07847222222222222
2 0.9604166666666667 0.18541666666666667 0.050520833333333334 0.07083333333333333