3 0.13020833333333334 0.4083333333333333 0.08854166666666667 0.09652777777777778
3 0.32083333333333336 0.5833333333333334 0.0765625 0.07916666666666666
2 0.18177083333333333 0.5597222222222222 0.10208333333333333 0.11319444444444444
3 0.078125 0.7965277777777777 0.0734375 0.10694444444444444
1 0.33177083333333335 0.7083333333333334 0.09375 0.11041666666666666
1 0.22552083333333334 0.49236111111111114 0.09166666666666666 0.09513888888888888
1 0.04739583333333333 0.11736111111111111 0.08333333333333333 0.08680555555555555
1 0.1140625 0.8465277777777778 0.0859375 0.13055555555555556
1 0.19166666666666668 0.9270833333333334 0.08229166666666667 0.14375
1 0.15260416666666668 0.8826388888888889 0.08333333333333333 0.13402777777777777
3 0.040625 0.7638888888888888 0.08125 0.11805555555555555
1 0.020833333333333332 0.7125 0.041666666666666664 0.09722222222222222
1 0.2390625 0.9506944444444444 0.0734375 0.09791666666666667
1 0.28958333333333336 0.9701388888888889 0.050520833333333334 0.058333333333333334
3 0.584375 0.9590277777777778 0.05416666666666667 0.07777777777777778
1 0.7359375 0.8611111111111112 0.07864583333333333 0.14583333333333334
1 0.7390625 0.24791666666666667 0.07135416666666666 0.11736111111111111
3 0.18697916666666667 0.034722222222222224 0.07291666666666667 0.06944444444444445
3 0.3098958333333333 0.10694444444444444 0.09166666666666666 0.10486111111111111
2 0.5130208333333334 0.2638888888888889 0.12291666666666666 0.12361111111111112
3 0.6052083333333333 0.35208333333333336 0.07552083333333333 0.08194444444444444
2 0.8145833333333333 0.25833333333333336 0.09635416666666667 0.14583333333333334