1 0.53125 0.029861111111111113 0.052083333333333336 0.059722222222222225
1 0.5385416666666667 0.11666666666666667 0.06145833333333333 0.14027777777777778
1 0.5213541666666667 0.26319444444444445 0.06302083333333333 0.13125
3 0.5192708333333333 0.41944444444444445 0.14166666666666666 0.2125
1 0.49947916666666664 0.6423611111111112 0.08854166666666667 0.23541666666666666
1 0.46770833333333334 0.9159722222222222 0.09479166666666666 0.1673611111111111
1 0.9692708333333333 0.9125 0.06145833333333333 0.17222222222222222
1 0.9453125 0.6076388888888888 0.109375 0.19791666666666666
1 0.8973958333333333 0.38680555555555557 0.0859375 0.14305555555555555
1 0.8536458333333333 0.20625 0.08020833333333334 0.1111111111111111
1 0.83125 0.09791666666666667 0.0671875 0.08888888888888889