1 0.746875 0.9208333333333333 0.04010416666666667 0.10208333333333333
3 0.7578125 0.8243055555555555 0.0328125 0.07708333333333334
3 0.7895833333333333 0.7451388888888889 0.050520833333333334 0.06180555555555556
0 0.6583333333333333 0.7826388888888889 0.05677083333333333 0.1986111111111111
1 0.6567708333333333 0.3090277777777778 0.015104166666666667 0.027083333333333334
3 0.6494791666666667 0.27569444444444446 0.011979166666666667 0.027083333333333334
1 0.64375 0.2590277777777778 0.013020833333333334 0.02013888888888889
1 0.6333333333333333 0.20902777777777778 0.011458333333333333 0.017361111111111112
1 0.63125 0.19583333333333333 0.018229166666666668 0.01875
3 0.6270833333333333 0.18055555555555555 0.010416666666666666 0.014583333333333334
1 0.6135416666666667 0.18958333333333333 0.0078125 0.01597222222222222
1 0.5609375 0.2 0.009375 0.017361111111111112
3 0.55 0.17291666666666666 0.008854166666666666 0.019444444444444445
1 0.5578125 0.13194444444444445 0.0078125 0.014583333333333334
1 0.5572916666666666 0.09791666666666667 0.0078125 0.011805555555555555
1 0.5515625 0.04861111111111111 0.005729166666666666 0.011805555555555555
1 0.5604166666666667 0.034027777777777775 0.005729166666666666 0.011805555555555555
1 0.5552083333333333 0.009027777777777777 0.005208333333333333 0.009027777777777777