1 0.21354166666666666 0.5347222222222222 0.03229166666666667 0.11597222222222223
1 0.3380208333333333 0.5277777777777778 0.030729166666666665 0.11319444444444444
1 0.409375 0.5215277777777778 0.029166666666666667 0.11319444444444444
1 0.4484375 0.50625 0.029166666666666667 0.1111111111111111
1 0.15729166666666666 0.1326388888888889 0.03229166666666667 0.09652777777777778
1 0.23489583333333333 0.14027777777777778 0.03229166666666667 0.11597222222222223
1 0.2708333333333333 0.14930555555555555 0.029166666666666667 0.11319444444444444
1 0.3796875 0.15625 0.028125 0.11805555555555555
1 0.4161458333333333 0.15694444444444444 0.030208333333333334 0.12152777777777778
3 0.4546875 0.1597222222222222 0.027604166666666666 0.13194444444444445
1 0.6026041666666667 0.47152777777777777 0.028645833333333332 0.11388888888888889
2 0.6744791666666666 0.5416666666666666 0.0359375 0.12986111111111112
1 0.6276041666666666 0.13541666666666666 0.028645833333333332 0.11527777777777778
1 0.7677083333333333 0.1388888888888889 0.03177083333333333 0.11388888888888889
1 0.8026041666666667 0.14444444444444443 0.03333333333333333 0.1076388888888889
1 0.7875 0.5090277777777777 0.03333333333333333 0.11388888888888889
1 0.9307291666666667 0.16111111111111112 0.03125 0.1
1 0.9260416666666667 0.06805555555555555 0.028645833333333332 0.08263888888888889
1 0.984375 0.6090277777777777 0.030208333333333334 0.10833333333333334