1 0.1578125 0.41944444444444445 0.10572916666666667 0.06944444444444445
0 0.06614583333333333 0.7798611111111111 0.13229166666666667 0.3159722222222222
1 0.3640625 0.32083333333333336 0.0515625 0.06319444444444444
1 0.4010416666666667 0.2743055555555556 0.0390625 0.05138888888888889
1 0.4239583333333333 0.23541666666666666 0.03333333333333333 0.04652777777777778
1 0.4484375 0.2048611111111111 0.028645833333333332 0.04375
1 0.46875 0.17708333333333334 0.027604166666666666 0.03611111111111111
1 0.48541666666666666 0.15347222222222223 0.025 0.03125
1 0.4984375 0.13125 0.022395833333333334 0.030555555555555555
1 0.5119791666666667 0.11597222222222223 0.017708333333333333 0.022222222222222223
1 0.5140625 0.10208333333333333 0.01875 0.015277777777777777
1 0.5255208333333333 0.08958333333333333 0.015104166666666667 0.01875
1 0.5364583333333334 0.08263888888888889 0.0171875 0.015277777777777777
1 0.5427083333333333 0.07013888888888889 0.0171875 0.018055555555555554
1 0.5505208333333333 0.06111111111111111 0.0171875 0.01875
2 0.5609375 0.04652777777777778 0.015625 0.027777777777777776
1 0.46510416666666665 0.22777777777777777 0.034895833333333334 0.03888888888888889
1 0.5348958333333333 0.10625 0.025 0.025694444444444443
1 0.5671875 0.07847222222222222 0.015625 0.02013888888888889
1 0.5640625 0.11736111111111111 0.022395833333333334 0.030555555555555555
1 0.5833333333333334 0.2625 0.03333333333333333 0.04652777777777778
1 0.6083333333333333 0.19930555555555557 0.0234375 0.03680555555555556
1 0.6109375 0.15763888888888888 0.020833333333333332 0.03125
1 0.6447916666666667 0.17222222222222222 0.022395833333333334 0.027777777777777776
1 0.6192708333333333 0.09444444444444444 0.011458333333333333 0.020833333333333332
1 0.61875 0.020833333333333332 0.009375 0.011111111111111112
1 0.6427083333333333 0.022916666666666665 0.008333333333333333 0.017361111111111112
1 0.6369791666666667 0.034027777777777775 0.011979166666666667 0.014583333333333334
2 0.6505208333333333 0.125 0.022916666666666665 0.049305555555555554
1 0.6796875 0.19652777777777777 0.025 0.04097222222222222
1 0.7067708333333333 0.075 0.03229166666666667 0.017361111111111112
1 0.6776041666666667 0.08333333333333333 0.0171875 0.02013888888888889
1 0.6739583333333333 0.11875 0.016666666666666666 0.025
1 0.6947916666666667 0.13194444444444445 0.019791666666666666 0.029861111111111113
1 0.6708333333333333 0.1597222222222222 0.020833333333333332 0.027777777777777776
1 0.709375 0.16597222222222222 0.024479166666666666 0.029861111111111113
1 0.6708333333333333 0.10347222222222222 0.015625 0.017361111111111112
1 0.6947916666666667 0.11041666666666666 0.017708333333333333 0.020833333333333332
1 0.6953125 0.09444444444444444 0.015104166666666667 0.014583333333333334
1 0.7552083333333334 0.18541666666666667 0.05260416666666667 0.035416666666666666
1 0.7526041666666666 0.16111111111111112 0.05 0.025
1 0.7505208333333333 0.14652777777777778 0.04791666666666667 0.017361111111111112
1 0.7463541666666667 0.13472222222222222 0.042708333333333334 0.018055555555555554
1 0.7473958333333334 0.22777777777777777 0.03125 0.04027777777777778
1 0.6765625 0.25833333333333336 0.029166666666666667 0.04791666666666667
1 0.68125 0.30833333333333335 0.03125 0.05138888888888889
1 0.6854166666666667 0.36319444444444443 0.03802083333333333 0.06388888888888888
1 0.7302083333333333 0.32569444444444445 0.03802083333333333 0.05694444444444444
1 0.7401041666666667 0.40902777777777777 0.04583333333333333 0.075
1 0.7203125 0.27569444444444446 0.036458333333333336 0.05416666666666667
1 0.7510416666666667 0.5006944444444444 0.050520833333333334 0.09166666666666666
1 0.7739583333333333 0.6416666666666667 0.06927083333333334 0.13819444444444445
3 0.8833333333333333 0.7097222222222223 0.08854166666666667 0.14444444444444443
1 0.8109375 0.8416666666666667 0.09739583333333333 0.21319444444444444
1 0.6875 0.9138888888888889 0.109375 0.16875
1 0.5317708333333333 0.9118055555555555 0.0890625 0.1763888888888889