1 0.3619791666666667 0.8909722222222223 0.14322916666666666 0.10138888888888889
2 0.2911458333333333 0.8104166666666667 0.20104166666666667 0.18194444444444444
1 0.29583333333333334 0.7645833333333333 0.11875 0.08402777777777778
1 0.30520833333333336 0.7069444444444445 0.12916666666666668 0.09166666666666666
1 0.3302083333333333 0.6486111111111111 0.11875 0.06666666666666667
3 0.24791666666666667 0.56875 0.0796875 0.08958333333333333
3 0.29010416666666666 0.4861111111111111 0.08854166666666667 0.06180555555555556
1 0.2875 0.4548611111111111 0.07447916666666667 0.041666666666666664
1 0.24895833333333334 0.44166666666666665 0.08072916666666667 0.03888888888888889
1 0.21875 0.40694444444444444 0.058854166666666666 0.034722222222222224
1 0.30416666666666664 0.40555555555555556 0.0375 0.03958333333333333
1 0.24583333333333332 0.3472222222222222 0.024479166666666666 0.03888888888888889
1 0.28489583333333335 0.3416666666666667 0.028645833333333332 0.03611111111111111
3 0.30104166666666665 0.31180555555555556 0.0265625 0.043055555555555555
2 0.24322916666666666 0.3173611111111111 0.08177083333333333 0.044444444444444446
3 0.2552083333333333 0.3020833333333333 0.04375 0.027083333333333334
2 0.2604166666666667 0.26944444444444443 0.028125 0.03263888888888889
1 0.309375 0.2833333333333333 0.028645833333333332 0.029861111111111113
1 0.22083333333333333 0.2673611111111111 0.0484375 0.024305555555555556
1 0.21458333333333332 0.28125 0.05364583333333333 0.020833333333333332
1 0.21302083333333333 0.29375 0.05 0.02013888888888889
1 0.203125 0.2652777777777778 0.040625 0.022916666666666665
1 0.23645833333333333 0.2465277777777778 0.042708333333333334 0.02638888888888889
1 0.19895833333333332 0.24027777777777778 0.04375 0.02638888888888889
1 0.23125 0.23125 0.0375 0.01875
1 0.19635416666666666 0.225 0.04114583333333333 0.022222222222222223
2 0.19427083333333334 0.20416666666666666 0.06927083333333334 0.034722222222222224
2 0.21354166666666666 0.21597222222222223 0.041666666666666664 0.021527777777777778
3 0.2328125 0.19583333333333333 0.013020833333333334 0.025
1 0.23125 0.15416666666666667 0.013541666666666667 0.016666666666666666
3 0.20260416666666667 0.12708333333333333 0.010416666666666666 0.014583333333333334
3 0.2046875 0.11666666666666667 0.008854166666666666 0.0125
1 0.20052083333333334 0.1076388888888889 0.009895833333333333 0.008333333333333333
0 0.1859375 0.12361111111111112 0.023958333333333335 0.02638888888888889
1 0.1859375 0.04375 0.010416666666666666 0.004861111111111111
1 0.23802083333333332 0.1111111111111111 0.013020833333333334 0.009722222222222222
1 0.25 0.10972222222222222 0.016666666666666666 0.008333333333333333
1 0.2453125 0.10347222222222222 0.018229166666666668 0.008333333333333333
1 0.24322916666666666 0.1 0.01875 0.008333333333333333
3 0.24010416666666667 0.09375 0.016666666666666666 0.009722222222222222
1 0.23645833333333333 0.09444444444444444 0.0140625 0.006944444444444444
1 0.234375 0.09375 0.013020833333333334 0.007638888888888889
3 0.22708333333333333 0.08680555555555555 0.009895833333333333 0.009722222222222222
2 0.22447916666666667 0.07569444444444444 0.0171875 0.013194444444444444
1 0.22083333333333333 0.06805555555555555 0.005729166666666666 0.00625
1 0.24739583333333334 0.12430555555555556 0.013020833333333334 0.0125
1 0.2520833333333333 0.13680555555555557 0.018229166666666668 0.009722222222222222
1 0.2578125 0.13958333333333334 0.0203125 0.0125
1 0.2760416666666667 0.14097222222222222 0.0234375 0.009027777777777777
3 0.2640625 0.14305555555555555 0.019791666666666666 0.014583333333333334
3 0.26927083333333335 0.1451388888888889 0.020833333333333332 0.0125
1 0.26979166666666665 0.14930555555555555 0.028125 0.013194444444444444
1 0.26927083333333335 0.15625 0.030208333333333334 0.014583333333333334
3 0.2791666666666667 0.16111111111111112 0.027083333333333334 0.017361111111111112
1 0.28020833333333334 0.1673611111111111 0.022916666666666665 0.014583333333333334
2 0.28489583333333335 0.17569444444444443 0.027604166666666666 0.013888888888888888
2 0.3020833333333333 0.17569444444444443 0.04479166666666667 0.03125
1 0.2625 0.1875 0.017708333333333333 0.016666666666666666
1 0.29739583333333336 0.19930555555555557 0.025 0.015277777777777777
3 0.30625 0.20277777777777778 0.0296875 0.022916666666666665
1 0.778125 0.8805555555555555 0.1046875 0.15
3 0.7203125 0.7673611111111112 0.11302083333333333 0.13333333333333333
2 0.6421875 0.6451388888888889 0.0921875 0.14166666666666666
1 0.60625 0.6152777777777778 0.0828125 0.09861111111111111
1 0.6479166666666667 0.5548611111111111 0.01875 0.04027777777777778
1 0.4359375 0.3784722222222222 0.04114583333333333 0.041666666666666664
1 0.37916666666666665 0.32569444444444445 0.029166666666666667 0.041666666666666664
3 0.4010416666666667 0.32083333333333336 0.0296875 0.03611111111111111
1 0.37604166666666666 0.3020833333333333 0.0390625 0.025694444444444443
3 0.359375 0.2847222222222222 0.0359375 0.03333333333333333
1 0.3614583333333333 0.2659722222222222 0.044270833333333336 0.027777777777777776
3 0.32395833333333335 0.21875 0.03125 0.02361111111111111
3 0.3145833333333333 0.1840277777777778 0.03802083333333333 0.022222222222222223
2 0.38697916666666665 0.1638888888888889 0.041666666666666664 0.02847222222222222
1 0.41041666666666665 0.19444444444444445 0.0109375 0.017361111111111112
1 0.446875 0.21319444444444444 0.022395833333333334 0.019444444444444445
3 0.47604166666666664 0.24583333333333332 0.03802083333333333 0.02638888888888889
1 0.5145833333333333 0.2298611111111111 0.016666666666666666 0.02013888888888889
3 0.5364583333333334 0.225 0.015104166666666667 0.021527777777777778
3 0.525 0.24583333333333332 0.03333333333333333 0.025
1 0.5270833333333333 0.26666666666666666 0.036458333333333336 0.020833333333333332
1 0.9333333333333333 0.5819444444444445 0.10260416666666666 0.06805555555555555
1 0.8739583333333333 0.5375 0.10260416666666666 0.06319444444444444
1 0.8114583333333333 0.4826388888888889 0.0671875 0.044444444444444446
3 0.7838541666666666 0.45694444444444443 0.0671875 0.049305555555555554