1 0.40677083333333336 0.5597222222222222 0.044270833333333336 0.03819444444444445
1 0.4515625 0.4895833333333333 0.036458333333333336 0.04722222222222222
1 0.4739583333333333 0.4756944444444444 0.0296875 0.04652777777777778
1 0.5583333333333333 0.4909722222222222 0.016666666666666666 0.05
1 0.5869791666666667 0.6972222222222222 0.030208333333333334 0.06944444444444445
1 0.809375 0.6777777777777778 0.030729166666666665 0.05277777777777778
1 0.29791666666666666 0.14166666666666666 0.0203125 0.016666666666666666
1 0.5286458333333334 0.6972222222222222 0.027083333333333334 0.08055555555555556
1 0.059895833333333336 0.04722222222222222 0.0203125 0.014583333333333334
1 0.06458333333333334 0.03819444444444445 0.018229166666666668 0.014583333333333334
1 0.06875 0.03263888888888889 0.018229166666666668 0.013888888888888888
1 0.07291666666666667 0.024305555555555556 0.015625 0.011805555555555555
1 0.08020833333333334 0.016666666666666666 0.0171875 0.013194444444444444
1 0.07708333333333334 0.02013888888888889 0.015104166666666667 0.014583333333333334
1 0.014583333333333334 0.1736111111111111 0.022395833333333334 0.016666666666666666
1 0.009895833333333333 0.19166666666666668 0.019791666666666666 0.019444444444444445