1 0.9026041666666667 0.5854166666666667 0.0875 0.05277777777777778
1 0.7838541666666666 0.5326388888888889 0.078125 0.0375
1 0.6614583333333334 0.36319444444444443 0.019270833333333334 0.025694444444444443
2 0.6958333333333333 0.3972222222222222 0.036458333333333336 0.06319444444444444
0 0.7953125 0.3277777777777778 0.040625 0.04861111111111111
1 0.027604166666666666 0.6652777777777777 0.05520833333333333 0.05694444444444444
1 0.059895833333333336 0.5916666666666667 0.09375 0.049305555555555554
1 0.17760416666666667 0.5958333333333333 0.07239583333333334 0.03125
1 0.16875 0.5555555555555556 0.07604166666666666 0.04583333333333333
1 0.11458333333333333 0.4423611111111111 0.0515625 0.02361111111111111
1 0.30833333333333335 0.5986111111111111 0.084375 0.03888888888888889
1 0.2864583333333333 0.5569444444444445 0.08645833333333333 0.04652777777777778
0 0.23177083333333334 0.6645833333333333 0.28020833333333334 0.12291666666666666
1 0.98125 0.39861111111111114 0.030729166666666665 0.015277777777777777
1 0.6067708333333334 0.42083333333333334 0.05 0.030555555555555555
1 0.60625 0.3861111111111111 0.019270833333333334 0.022222222222222223
1 0.6109375 0.3701388888888889 0.027083333333333334 0.025
3 0.659375 0.2611111111111111 0.022916666666666665 0.014583333333333334
0 0.6765625 0.25833333333333336 0.019791666666666666 0.022222222222222223
0 0.6682291666666667 0.24583333333333332 0.025 0.01597222222222222
1 0.09791666666666667 0.4111111111111111 0.03697916666666667 0.041666666666666664
1 0.21510416666666668 0.4152777777777778 0.034895833333333334 0.03125
1 0.3026041666666667 0.40625 0.027083333333333334 0.02361111111111111
3 0.2640625 0.4409722222222222 0.07291666666666667 0.03611111111111111
1 0.25677083333333334 0.41944444444444445 0.0328125 0.022222222222222223
1 0.425 0.42777777777777776 0.05364583333333333 0.02361111111111111
3 0.4244791666666667 0.3951388888888889 0.017708333333333333 0.03611111111111111
1 0.4546875 0.3951388888888889 0.030729166666666665 0.03263888888888889
1 0.47760416666666666 0.38958333333333334 0.024479166666666666 0.03611111111111111
1 0.5130208333333334 0.3888888888888889 0.042708333333333334 0.027777777777777776
1 0.5302083333333333 0.38055555555555554 0.03854166666666667 0.02361111111111111
1 0.5411458333333333 0.3729166666666667 0.029166666666666667 0.02013888888888889
1 0.5380208333333333 0.36527777777777776 0.03697916666666667 0.020833333333333332
1 0.5385416666666667 0.3541666666666667 0.03697916666666667 0.01875
1 0.5348958333333333 0.3423611111111111 0.03802083333333333 0.01875
1 0.5369791666666667 0.33055555555555555 0.033854166666666664 0.018055555555555554
1 0.5369791666666667 0.3236111111111111 0.028645833333333332 0.01597222222222222
1 0.5369791666666667 0.31666666666666665 0.030729166666666665 0.017361111111111112
1 0.5916666666666667 0.3347222222222222 0.016666666666666666 0.01597222222222222
1 0.5989583333333334 0.35347222222222224 0.0140625 0.0125
3 0.609375 0.36736111111111114 0.021354166666666667 0.022916666666666665
1 0.5942708333333333 0.3229166666666667 0.015104166666666667 0.01597222222222222
1 0.5880208333333333 0.32083333333333336 0.011458333333333333 0.017361111111111112
1 0.5635416666666667 0.2965277777777778 0.022916666666666665 0.0125
1 0.5619791666666667 0.28888888888888886 0.022395833333333334 0.0125
1 0.565625 0.2833333333333333 0.019270833333333334 0.011111111111111112
1 0.565625 0.27847222222222223 0.019270833333333334 0.010416666666666666
1 0.55625 0.2708333333333333 0.01875 0.011111111111111112
1 0.5572916666666666 0.2625 0.0171875 0.017361111111111112
1 0.5515625 0.24444444444444444 0.009895833333333333 0.008333333333333333