1 0.25 0.5673611111111111 0.05572916666666667 0.058333333333333334
1 0.28020833333333334 0.8798611111111111 0.06979166666666667 0.05486111111111111
1 0.5666666666666667 0.5631944444444444 0.024479166666666666 0.09375
1 0.5296875 0.5298611111111111 0.029166666666666667 0.09236111111111112
1 0.49375 0.53125 0.025 0.0875
1 0.4401041666666667 0.5229166666666667 0.025520833333333333 0.08888888888888889
1 0.3338541666666667 0.5270833333333333 0.030729166666666665 0.0875
1 0.6932291666666667 0.5284722222222222 0.0265625 0.08263888888888889
1 0.8552083333333333 0.5333333333333333 0.028645833333333332 0.09027777777777778
1 0.8901041666666667 0.5319444444444444 0.040625 0.09375
1 0.9333333333333333 0.5319444444444444 0.034895833333333334 0.09375
1 0.9744791666666667 0.9805555555555555 0.0359375 0.03680555555555556
1 0.9255208333333333 0.9805555555555555 0.0359375 0.03680555555555556
1 0.8791666666666667 0.9861111111111112 0.03802083333333333 0.025694444444444443
1 0.8276041666666667 0.9819444444444444 0.030729166666666665 0.034027777777777775
1 0.7895833333333333 0.9861111111111112 0.03229166666666667 0.025694444444444443
2 0.7302083333333333 0.9583333333333334 0.0609375 0.08125
1 0.21354166666666666 0.9819444444444444 0.030208333333333334 0.029166666666666667
1 0.1734375 0.9840277777777777 0.030729166666666665 0.029166666666666667
1 0.134375 0.9840277777777777 0.030208333333333334 0.029166666666666667
1 0.09635416666666667 0.9819444444444444 0.0328125 0.03333333333333333
1 0.023958333333333335 0.5111111111111111 0.04791666666666667 0.04583333333333333