1 0.6177083333333333 0.59375 0.027604166666666666 0.059027777777777776
1 0.6489583333333333 0.5493055555555556 0.03802083333333333 0.04652777777777778
1 0.68125 0.4979166666666667 0.03697916666666667 0.04513888888888889
1 0.6635416666666667 0.375 0.030208333333333334 0.034027777777777775
1 0.6848958333333334 0.3451388888888889 0.033854166666666664 0.03333333333333333
1 0.2984375 0.425 0.033854166666666664 0.04236111111111111
1 0.24427083333333333 0.4270833333333333 0.0375 0.04375
1 0.2296875 0.40902777777777777 0.03802083333333333 0.04236111111111111
1 0.209375 0.3736111111111111 0.03177083333333333 0.03958333333333333
1 0.19947916666666668 0.3597222222222222 0.03333333333333333 0.03958333333333333
1 0.19427083333333334 0.34375 0.030729166666666665 0.03611111111111111
1 0.18489583333333334 0.33402777777777776 0.03333333333333333 0.03888888888888889
3 0.171875 0.31875 0.0328125 0.041666666666666664
1 0.14947916666666666 0.29097222222222224 0.034375 0.03958333333333333
1 0.13229166666666667 0.2659722222222222 0.03229166666666667 0.035416666666666666
1 0.06510416666666667 0.13333333333333333 0.027604166666666666 0.027083333333333334
1 0.008333333333333333 0.16666666666666666 0.016145833333333335 0.025694444444444443