1 0.5114583333333333 0.7979166666666667 0.10989583333333333 0.11875
1 0.7130208333333333 0.8506944444444444 0.14270833333333333 0.13819444444444445
1 0.8859375 0.9513888888888888 0.165625 0.09722222222222222
1 0.6463541666666667 0.7368055555555556 0.11145833333333334 0.09027777777777778
1 0.6166666666666667 0.6784722222222223 0.1 0.07708333333333334
1 0.578125 0.6104166666666667 0.090625 0.06458333333333334
1 0.5723958333333333 0.3951388888888889 0.06770833333333333 0.041666666666666664
1 0.5447916666666667 0.3298611111111111 0.050520833333333334 0.04583333333333333
2 0.20260416666666667 0.3680555555555556 0.12916666666666668 0.1
2 0.46875 0.08194444444444444 0.027604166666666666 0.020833333333333332
3 0.42239583333333336 0.29305555555555557 0.040625 0.04375
3 0.5869791666666667 0.16458333333333333 0.028645833333333332 0.030555555555555555
1 0.3333333333333333 0.37777777777777777 0.05416666666666667 0.043055555555555555
1 0.4630208333333333 0.3013888888888889 0.05 0.043055555555555555
1 0.48385416666666664 0.24305555555555555 0.0390625 0.030555555555555555
1 0.6083333333333333 0.21805555555555556 0.0359375 0.030555555555555555
1 0.6177083333333333 0.23819444444444443 0.034895833333333334 0.025
1 0.8098958333333334 0.11666666666666667 0.019270833333333334 0.02013888888888889
1 0.8171875 0.08125 0.0140625 0.015277777777777777
1 0.2953125 0.3020833333333333 0.05364583333333333 0.03611111111111111
1 0.4588541666666667 0.22569444444444445 0.03802083333333333 0.02638888888888889
1 0.415625 0.2423611111111111 0.0359375 0.025694444444444443
1 0.37395833333333334 0.22083333333333333 0.04479166666666667 0.02638888888888889
1 0.4322916666666667 0.1951388888888889 0.036458333333333336 0.02638888888888889
1 0.4890625 0.16875 0.036458333333333336 0.02638888888888889
1 0.5140625 0.15902777777777777 0.036458333333333336 0.020833333333333332
1 0.53125 0.18888888888888888 0.029166666666666667 0.025694444444444443
1 0.5588541666666667 0.17708333333333334 0.027604166666666666 0.025
1 0.6572916666666667 0.12986111111111112 0.025520833333333333 0.025
1 0.6723958333333333 0.125 0.01875 0.01875
1 0.6041666666666666 0.10902777777777778 0.017708333333333333 0.014583333333333334
1 0.6177083333333333 0.10972222222222222 0.021354166666666667 0.015277777777777777
1 0.6322916666666667 0.11180555555555556 0.019270833333333334 0.01597222222222222
1 0.6942708333333333 0.11527777777777778 0.019791666666666666 0.015277777777777777
1 0.7114583333333333 0.10625 0.01875 0.01597222222222222
1 0.7265625 0.09791666666666667 0.016666666666666666 0.015277777777777777
1 0.7401041666666667 0.09097222222222222 0.016666666666666666 0.01597222222222222
1 0.7526041666666666 0.08680555555555555 0.013541666666666667 0.015277777777777777
1 0.7848958333333333 0.07291666666666667 0.0140625 0.01597222222222222
1 0.7723958333333333 0.07569444444444444 0.013020833333333334 0.014583333333333334
1 0.7916666666666666 0.06458333333333334 0.016666666666666666 0.01875
1 0.8046875 0.06111111111111111 0.013541666666666667 0.017361111111111112
1 0.8161458333333333 0.058333333333333334 0.013541666666666667 0.01597222222222222
1 0.8203125 0.05416666666666667 0.016666666666666666 0.015277777777777777
1 0.8276041666666667 0.05277777777777778 0.0171875 0.01597222222222222
1 0.8322916666666667 0.049305555555555554 0.016666666666666666 0.015277777777777777
1 0.85625 0.050694444444444445 0.011458333333333333 0.009722222222222222
1 0.7979166666666667 0.041666666666666664 0.015625 0.0125