1 0.0625 0.3819444444444444 0.015104166666666667 0.02013888888888889
2 0.040625 0.5118055555555555 0.028645833333333332 0.034027777777777775
3 0.06197916666666667 0.6083333333333333 0.0328125 0.029166666666666667
3 0.17447916666666666 0.5430555555555555 0.030729166666666665 0.027777777777777776
1 0.1390625 0.5631944444444444 0.024479166666666666 0.022916666666666665
1 0.1015625 0.5868055555555556 0.027083333333333334 0.024305555555555556
1 0.21822916666666667 0.5208333333333334 0.0265625 0.01875
1 0.2640625 0.46041666666666664 0.0171875 0.0125
1 0.3958333333333333 0.4270833333333333 0.021354166666666667 0.01875
2 0.26197916666666665 0.48541666666666666 0.05260416666666667 0.052083333333333336
3 0.30520833333333336 0.47152777777777777 0.025 0.024305555555555556
0 0.13125 0.5298611111111111 0.04375 0.03958333333333333
0 0.31302083333333336 0.4361111111111111 0.05625 0.05486111111111111
0 0.3375 0.4534722222222222 0.03333333333333333 0.034027777777777775
0 0.36822916666666666 0.41180555555555554 0.049479166666666664 0.05486111111111111
3 0.36770833333333336 0.43819444444444444 0.022395833333333334 0.02638888888888889
3 0.4078125 0.4041666666666667 0.01875 0.01875
0 0.44375 0.39305555555555555 0.01875 0.027777777777777776
1 0.42239583333333336 0.41180555555555554 0.019270833333333334 0.01875
1 0.3776041666666667 0.49930555555555556 0.022395833333333334 0.024305555555555556
1 0.3927083333333333 0.018055555555555554 0.00625 0.013888888888888888
1 0.3796875 0.02013888888888889 0.00625 0.010416666666666666
1 0.4140625 0.1840277777777778 0.009375 0.018055555555555554
0 0.37083333333333335 0.006944444444444444 0.009375 0.013888888888888888
1 0.47552083333333334 0.2986111111111111 0.013541666666666667 0.024305555555555556
1 0.5104166666666666 0.39166666666666666 0.015104166666666667 0.03194444444444444
2 0.4666666666666667 0.23333333333333334 0.019791666666666666 0.05347222222222222
2 0.4244791666666667 0.1284722222222222 0.013020833333333334 0.029166666666666667
1 0.5755208333333334 0.6923611111111111 0.020833333333333332 0.041666666666666664
1 0.6067708333333334 0.6479166666666667 0.022395833333333334 0.049305555555555554
3 0.6177083333333333 0.6208333333333333 0.021354166666666667 0.04583333333333333
1 0.5333333333333333 0.3194444444444444 0.017708333333333333 0.01875
1 0.5692708333333333 0.3215277777777778 0.015625 0.013888888888888888
1 0.5484375 0.3333333333333333 0.016666666666666666 0.016666666666666666
1 0.5302083333333333 0.34375 0.0171875 0.018055555555555554
1 0.5723958333333333 0.29444444444444445 0.015625 0.015277777777777777
1 0.6026041666666667 0.2881944444444444 0.011979166666666667 0.015277777777777777
1 0.5947916666666667 0.2833333333333333 0.015104166666666667 0.015277777777777777
2 0.5911458333333334 0.3138888888888889 0.0265625 0.029166666666666667
2 0.6182291666666667 0.2847222222222222 0.019270833333333334 0.024305555555555556
0 0.58125 0.26805555555555555 0.041666666666666664 0.044444444444444446
0 0.540625 0.29444444444444445 0.03854166666666667 0.04027777777777778
0 0.4869791666666667 0.15833333333333333 0.016666666666666666 0.03333333333333333
1 0.6135416666666667 0.1798611111111111 0.0140625 0.01875
1 0.6671875 0.22569444444444445 0.013020833333333334 0.015277777777777777
2 0.5880208333333333 0.16319444444444445 0.024479166666666666 0.034027777777777775
1 0.48541666666666666 0.08263888888888889 0.011979166666666667 0.018055555555555554
1 0.5119791666666667 0.19444444444444445 0.007291666666666667 0.010416666666666666
1 0.6979166666666666 0.26319444444444445 0.0140625 0.01875
1 0.7151041666666667 0.2659722222222222 0.0171875 0.024305555555555556
1 0.7354166666666667 0.29930555555555555 0.011979166666666667 0.018055555555555554
1 0.7697916666666667 0.3173611111111111 0.01875 0.025694444444444443
1 0.8104166666666667 0.36875 0.019270833333333334 0.024305555555555556
1 0.7708333333333334 0.3784722222222222 0.019791666666666666 0.021527777777777778
1 0.7932291666666667 0.38819444444444445 0.020833333333333332 0.022916666666666665
1 0.8708333333333333 0.49722222222222223 0.0234375 0.025694444444444443
1 0.7427083333333333 0.38125 0.017708333333333333 0.01875
1 0.7515625 0.3458333333333333 0.019270833333333334 0.01875
1 0.7526041666666666 0.35694444444444445 0.011458333333333333 0.02013888888888889
2 0.7390625 0.35694444444444445 0.025 0.035416666666666666
3 0.7234375 0.3597222222222222 0.020833333333333332 0.024305555555555556
3 0.8197916666666667 0.425 0.022916666666666665 0.022916666666666665
2 0.8348958333333333 0.45208333333333334 0.034375 0.041666666666666664
1 0.853125 0.44513888888888886 0.020833333333333332 0.024305555555555556
1 0.8619791666666666 0.42986111111111114 0.020833333333333332 0.029166666666666667
1 0.9177083333333333 0.5569444444444445 0.027083333333333334 0.030555555555555555
1 0.9739583333333334 0.5631944444444444 0.0265625 0.030555555555555555
3 0.9098958333333333 0.4444444444444444 0.022916666666666665 0.03333333333333333
2 0.9255208333333333 0.5256944444444445 0.040625 0.04722222222222222
3 0.9916666666666667 0.61875 0.016666666666666666 0.034027777777777775
3 0.8510416666666667 0.1284722222222222 0.011979166666666667 0.013888888888888888
0 0.9755208333333333 0.10625 0.017708333333333333 0.021527777777777778
1 0.8734375 0.07361111111111111 0.0109375 0.010416666666666666
1 0.8833333333333333 0.06944444444444445 0.011458333333333333 0.011111111111111112
1 0.8875 0.06527777777777778 0.011979166666666667 0.011111111111111112
1 0.8947916666666667 0.0625 0.007291666666666667 0.010416666666666666
1 0.6213541666666667 0.04791666666666667 0.005729166666666666 0.013888888888888888
1 0.4510416666666667 0.049305555555555554 0.009375 0.0125
1 0.6072916666666667 0.07569444444444444 0.027604166666666666 0.021527777777777778
0 0.8895833333333333 0.18263888888888888 0.017708333333333333 0.025694444444444443
0 0.7984375 0.12152777777777778 0.013020833333333334 0.013888888888888888