1 0.022916666666666665 0.2798611111111111 0.03854166666666667 0.01875
1 0.033854166666666664 0.24583333333333332 0.03125 0.020833333333333332
1 0.049479166666666664 0.23333333333333334 0.027083333333333334 0.017361111111111112
1 0.057291666666666664 0.2826388888888889 0.03125 0.020833333333333332
3 0.11979166666666667 0.28680555555555554 0.03177083333333333 0.025
3 0.08645833333333333 0.28402777777777777 0.028125 0.022916666666666665
1 0.1609375 0.2916666666666667 0.035416666666666666 0.01875
1 0.19895833333333332 0.29583333333333334 0.033854166666666664 0.01875
1 0.19270833333333334 0.25972222222222224 0.03177083333333333 0.01875
3 0.19010416666666666 0.24375 0.034375 0.020833333333333332
1 0.10677083333333333 0.22013888888888888 0.024479166666666666 0.024305555555555556
3 0.06041666666666667 0.11944444444444445 0.023958333333333335 0.022222222222222223
1 0.1828125 0.09930555555555555 0.016666666666666666 0.02013888888888889
1 0.19895833333333332 0.10138888888888889 0.01875 0.016666666666666666
1 0.31666666666666665 0.2111111111111111 0.019791666666666666 0.022222222222222223
1 0.23177083333333334 0.26180555555555557 0.0328125 0.02013888888888889
1 0.2708333333333333 0.26666666666666666 0.033854166666666664 0.01875
1 0.24114583333333334 0.3 0.03333333333333333 0.02013888888888889
1 0.28020833333333334 0.3034722222222222 0.034895833333333334 0.02013888888888889
1 0.325 0.3076388888888889 0.036458333333333336 0.02013888888888889
3 0.30833333333333335 0.26805555555555555 0.030729166666666665 0.021527777777777778
3 0.3416666666666667 0.26875 0.0296875 0.022916666666666665
1 0.3848958333333333 0.275 0.03125 0.021527777777777778
1 0.3609375 0.31180555555555556 0.03177083333333333 0.022916666666666665
1 0.4010416666666667 0.3159722222222222 0.03229166666666667 0.020833333333333332
3 0.45729166666666665 0.21875 0.0125 0.027777777777777776
1 0.43854166666666666 0.3194444444444444 0.028645833333333332 0.018055555555555554
1 0.425 0.27847222222222223 0.03177083333333333 0.020833333333333332
1 0.4713541666666667 0.28125 0.028645833333333332 0.018055555555555554
1 0.5302083333333333 0.32708333333333334 0.0359375 0.020833333333333332
1 0.5510416666666667 0.2708333333333333 0.025 0.02638888888888889
1 0.6203125 0.2875 0.03125 0.027083333333333334
1 0.7203125 0.3798611111111111 0.019270833333333334 0.03958333333333333
1 0.6661458333333333 0.5208333333333334 0.021875 0.04861111111111111
1 0.7005208333333334 0.5326388888888889 0.021875 0.052083333333333336
1 0.671875 0.7583333333333333 0.030729166666666665 0.08402777777777778
1 0.6734375 0.9048611111111111 0.044270833333333336 0.09027777777777778
2 0.8869791666666667 0.5604166666666667 0.049479166666666664 0.08194444444444444
1 0.6223958333333334 0.015277777777777777 0.011458333333333333 0.018055555555555554
1 0.6354166666666666 0.01875 0.009375 0.017361111111111112
1 0.603125 0.10138888888888889 0.0125 0.017361111111111112
1 0.575 0.09652777777777778 0.022395833333333334 0.018055555555555554