1 0.2984375 0.20208333333333334 0.015625 0.0125
1 0.28802083333333334 0.21666666666666667 0.015104166666666667 0.015277777777777777
1 0.2791666666666667 0.23125 0.017708333333333333 0.015277777777777777
1 0.16354166666666667 0.3229166666666667 0.015625 0.024305555555555556
1 0.16041666666666668 0.39375 0.019270833333333334 0.016666666666666666
1 0.1484375 0.4097222222222222 0.0171875 0.015277777777777777
1 0.26979166666666665 0.24444444444444444 0.0171875 0.013888888888888888
1 0.225 0.3020833333333333 0.0171875 0.0125
1 0.18229166666666666 0.36180555555555555 0.020833333333333332 0.0125
1 0.14010416666666667 0.42430555555555555 0.01875 0.013888888888888888
3 0.11666666666666667 0.45625 0.022395833333333334 0.016666666666666666
3 0.0921875 0.4888888888888889 0.024479166666666666 0.016666666666666666
3 0.1109375 0.7923611111111111 0.019791666666666666 0.029166666666666667
3 0.12552083333333333 0.6486111111111111 0.0140625 0.027777777777777776
3 0.1375 0.5722222222222222 0.016666666666666666 0.015277777777777777
3 0.18177083333333333 0.5048611111111111 0.016666666666666666 0.015277777777777777
3 0.1734375 0.5222222222222223 0.016666666666666666 0.016666666666666666
1 0.1640625 0.5368055555555555 0.013541666666666667 0.015277777777777777
1 0.2359375 0.4270833333333333 0.019791666666666666 0.013888888888888888
1 0.25677083333333334 0.3958333333333333 0.017708333333333333 0.0125
1 0.2984375 0.3347222222222222 0.01875 0.0125
1 0.3296875 0.29305555555555557 0.016666666666666666 0.018055555555555554
1 0.4015625 0.38333333333333336 0.015104166666666667 0.027777777777777776
1 0.415625 0.3597222222222222 0.013020833333333334 0.021527777777777778
1 0.43020833333333336 0.3416666666666667 0.015104166666666667 0.027777777777777776
1 0.4359375 0.325 0.009895833333333333 0.015277777777777777
1 0.44947916666666665 0.30486111111111114 0.015625 0.02638888888888889
3 0.46145833333333336 0.2833333333333333 0.015625 0.025694444444444443
3 0.46875 0.27152777777777776 0.0140625 0.025694444444444443
3 0.47552083333333334 0.2590277777777778 0.015625 0.027777777777777776
1 0.5322916666666667 0.16805555555555557 0.011458333333333333 0.01875
1 0.5276041666666667 0.17916666666666667 0.0140625 0.025694444444444443
1 0.5203125 0.1875 0.015104166666666667 0.025694444444444443
1 0.5140625 0.19791666666666666 0.015104166666666667 0.022916666666666665
1 0.5015625 0.22083333333333333 0.015625 0.027777777777777776
1 0.4942708333333333 0.22916666666666666 0.0140625 0.024305555555555556
1 0.4875 0.23958333333333334 0.015104166666666667 0.030555555555555555
1 0.4822916666666667 0.25069444444444444 0.0140625 0.02638888888888889
3 0.5067708333333333 0.20833333333333334 0.015104166666666667 0.022916666666666665
1 0.4739583333333333 0.35138888888888886 0.0109375 0.025694444444444443
3 0.5130208333333334 0.3590277777777778 0.013020833333333334 0.022916666666666665
1 0.5208333333333334 0.36736111111111114 0.015104166666666667 0.024305555555555556
1 0.5244791666666667 0.42986111111111114 0.015625 0.029166666666666667
1 0.5208333333333334 0.5340277777777778 0.015104166666666667 0.022916666666666665
1 0.503125 0.5645833333333333 0.016666666666666666 0.025694444444444443
3 0.46145833333333336 0.5958333333333333 0.01875 0.03194444444444444
1 0.44895833333333335 0.5666666666666667 0.013541666666666667 0.02638888888888889
1 0.4401041666666667 0.5569444444444445 0.013020833333333334 0.022916666666666665
1 0.4875 0.5395833333333333 0.015104166666666667 0.025694444444444443
1 0.49583333333333335 0.5506944444444445 0.0140625 0.030555555555555555
3 0.4744791666666667 0.5138888888888888 0.013541666666666667 0.027777777777777776
3 0.4666666666666667 0.5027777777777778 0.011979166666666667 0.022916666666666665
3 0.453125 0.47847222222222224 0.013541666666666667 0.027777777777777776
1 0.4609375 0.49236111111111114 0.016666666666666666 0.022916666666666665
1 0.475 0.46597222222222223 0.011458333333333333 0.022916666666666665
1 0.46197916666666666 0.44166666666666665 0.0140625 0.022916666666666665
1 0.4322916666666667 0.44583333333333336 0.016666666666666666 0.02638888888888889
1 0.4265625 0.4375 0.013020833333333334 0.029166666666666667
1 0.44895833333333335 0.42083333333333334 0.016666666666666666 0.029166666666666667
1 0.44114583333333335 0.4083333333333333 0.016666666666666666 0.027777777777777776
1 0.4557291666666667 0.43125 0.0140625 0.022916666666666665
3 0.5026041666666666 0.5125 0.015625 0.027777777777777776
3 0.4973958333333333 0.4979166666666667 0.016666666666666666 0.024305555555555556
3 0.48854166666666665 0.4888888888888889 0.015625 0.025694444444444443
1 0.5447916666666667 0.46319444444444446 0.015625 0.027777777777777776
1 0.5515625 0.4777777777777778 0.0140625 0.02638888888888889
1 0.5552083333333333 0.42430555555555555 0.0140625 0.02638888888888889
1 0.5333333333333333 0.3902777777777778 0.0171875 0.02638888888888889
1 0.5411458333333333 0.40069444444444446 0.013541666666666667 0.025694444444444443
1 0.5484375 0.41458333333333336 0.013541666666666667 0.021527777777777778
3 0.5046875 0.39652777777777776 0.015104166666666667 0.024305555555555556
3 0.4979166666666667 0.38263888888888886 0.015625 0.02638888888888889
3 0.4901041666666667 0.3715277777777778 0.016666666666666666 0.029166666666666667
1 0.4817708333333333 0.3638888888888889 0.015104166666666667 0.027777777777777776
3 0.46979166666666666 0.8180555555555555 0.017708333333333333 0.029166666666666667
1 0.49375 0.8027777777777778 0.01875 0.029166666666666667
1 0.49947916666666664 0.8159722222222222 0.016666666666666666 0.030555555555555555
1 0.525 0.8618055555555556 0.0171875 0.027777777777777776
1 0.5598958333333334 0.9451388888888889 0.016666666666666666 0.03680555555555556
1 0.39895833333333336 0.7923611111111111 0.015104166666666667 0.02638888888888889
3 0.4041666666666667 0.8125 0.015625 0.034027777777777775
3 0.4140625 0.8402777777777778 0.016666666666666666 0.03333333333333333
3 0.42083333333333334 0.8548611111111111 0.017708333333333333 0.03194444444444444
1 0.4270833333333333 0.8708333333333333 0.015625 0.027777777777777776
1 0.4348958333333333 0.8861111111111111 0.019791666666666666 0.035416666666666666
3 0.4510416666666667 0.9125 0.016666666666666666 0.03333333333333333
1 0.45729166666666665 0.9277777777777778 0.019270833333333334 0.03333333333333333
3 0.465625 0.9416666666666667 0.0171875 0.030555555555555555
3 0.47291666666666665 0.9583333333333334 0.0140625 0.027777777777777776
3 0.48125 0.9701388888888889 0.01875 0.034027777777777775
1 0.7010416666666667 0.2263888888888889 0.013541666666666667 0.02638888888888889
1 0.7020833333333333 0.3111111111111111 0.0171875 0.025694444444444443
1 0.709375 0.3 0.015625 0.024305555555555556
1 0.7192708333333333 0.2826388888888889 0.0171875 0.02638888888888889
1 0.69375 0.21458333333333332 0.015104166666666667 0.025694444444444443
1 0.7083333333333334 0.2375 0.0140625 0.025694444444444443
1 0.6859375 0.20416666666666666 0.013020833333333334 0.022916666666666665
1 0.6973958333333333 0.3215277777777778 0.015104166666666667 0.024305555555555556
1 0.959375 0.08402777777777778 0.008333333333333333 0.027777777777777776
1 0.9369791666666667 0.16805555555555557 0.009895833333333333 0.02638888888888889
1 0.9958333333333333 0.18680555555555556 0.008333333333333333 0.027777777777777776
1 0.9755208333333333 0.32083333333333336 0.0109375 0.030555555555555555
1 0.9859375 0.4 0.013020833333333334 0.03333333333333333
1 0.96875 0.525 0.011458333333333333 0.03194444444444444
3 0.9572916666666667 0.6138888888888889 0.011458333333333333 0.03194444444444444
3 0.9338541666666667 0.7694444444444445 0.013541666666666667 0.034027777777777775
1 0.8802083333333334 0.8423611111111111 0.013020833333333334 0.03819444444444445
3 0.7359375 0.6104166666666667 0.016666666666666666 0.030555555555555555
1 0.7302083333333333 0.5951388888888889 0.013541666666666667 0.030555555555555555
1 0.6838541666666667 0.6902777777777778 0.019270833333333334 0.035416666666666666
3 0.7046875 0.6756944444444445 0.017708333333333333 0.03194444444444444
1 0.7296875 0.7048611111111112 0.016666666666666666 0.03194444444444444
1 0.7385416666666667 0.7159722222222222 0.0171875 0.027777777777777776
1 0.7302083333333333 0.7611111111111111 0.0171875 0.027777777777777776
1 0.7401041666666667 0.7743055555555556 0.013541666666666667 0.027777777777777776
3 0.7640625 0.7576388888888889 0.016666666666666666 0.027777777777777776
3 0.7135416666666666 0.7354166666666667 0.0140625 0.02638888888888889
3 0.7234375 0.7465277777777778 0.0171875 0.03333333333333333
3 0.7796875 0.7833333333333333 0.015104166666666667 0.02638888888888889
3 0.78125 0.8458333333333333 0.017708333333333333 0.034027777777777775
3 0.7744791666666667 0.8277777777777777 0.019791666666666666 0.03194444444444444
1 0.7640625 0.8194444444444444 0.015625 0.03194444444444444
1 0.7552083333333334 0.8034722222222223 0.015625 0.03333333333333333
3 0.7473958333333334 0.73125 0.01875 0.030555555555555555
3 0.7473958333333334 0.7895833333333333 0.017708333333333333 0.03333333333333333
3 0.9177083333333333 0.9680555555555556 0.015625 0.04027777777777778
3 0.9661458333333334 0.8930555555555556 0.016666666666666666 0.041666666666666664
3 0.6880208333333333 0.8805555555555555 0.015625 0.025694444444444443
1 0.6947916666666667 0.89375 0.017708333333333333 0.03194444444444444
1 0.7125 0.8618055555555556 0.016666666666666666 0.035416666666666666
1 0.7046875 0.85 0.016666666666666666 0.03333333333333333
3 0.6947916666666667 0.8354166666666667 0.0140625 0.029166666666666667
3 0.6880208333333333 0.8215277777777777 0.016666666666666666 0.03194444444444444
3 0.6765625 0.8097222222222222 0.015625 0.030555555555555555
1 0.6697916666666667 0.7944444444444444 0.01875 0.035416666666666666
3 0.7375 0.9055555555555556 0.017708333333333333 0.03194444444444444
1 0.746875 0.9194444444444444 0.016666666666666666 0.03194444444444444
1 0.7640625 0.95 0.01875 0.03194444444444444
1 0.7536458333333333 0.9395833333333333 0.0140625 0.029166666666666667
2 0.9916666666666667 0.8465277777777778 0.016666666666666666 0.06319444444444444