3 0.3078125 0.6833333333333333 0.0875 0.14444444444444443
3 0.9119791666666667 0.4479166666666667 0.0734375 0.05763888888888889
3 0.9723958333333333 0.4701388888888889 0.05520833333333333 0.0625
3 0.8171875 0.35347222222222224 0.08229166666666667 0.05555555555555555
1 0.8880208333333334 0.3055555555555556 0.059895833333333336 0.044444444444444446
1 0.9083333333333333 0.30069444444444443 0.058333333333333334 0.03958333333333333
3 0.9421875 0.27291666666666664 0.06302083333333333 0.04097222222222222
1 0.953125 0.2569444444444444 0.05416666666666667 0.035416666666666666
1 0.8989583333333333 0.24583333333333332 0.0484375 0.035416666666666666
1 0.8359375 0.23333333333333334 0.04479166666666667 0.02847222222222222
1 0.9041666666666667 0.21041666666666667 0.0375 0.020833333333333332
1 0.9713541666666666 0.21875 0.04375 0.025694444444444443
1 0.7994791666666666 0.19166666666666668 0.0328125 0.022916666666666665
1 0.24322916666666666 0.21041666666666667 0.0296875 0.02013888888888889
3 0.2828125 0.1736111111111111 0.0171875 0.018055555555555554
3 0.10833333333333334 0.1486111111111111 0.022395833333333334 0.013888888888888888
3 0.1234375 0.15416666666666667 0.017708333333333333 0.011805555555555555
2 0.18177083333333333 0.19583333333333333 0.05625 0.029166666666666667
0 0.2557291666666667 0.16666666666666666 0.0296875 0.027083333333333334
1 0.2328125 0.16527777777777777 0.025 0.0125
1 0.21822916666666667 0.16111111111111112 0.023958333333333335 0.011111111111111112
1 0.2 0.15347222222222223 0.01875 0.009027777777777777
1 0.196875 0.15138888888888888 0.015625 0.009722222222222222
1 0.19322916666666667 0.15069444444444444 0.0171875 0.009722222222222222
2 0.18125 0.1451388888888889 0.028645833333333332 0.01597222222222222
2 0.21041666666666667 0.15486111111111112 0.025520833333333333 0.01597222222222222
2 0.16875 0.14166666666666666 0.024479166666666666 0.014583333333333334
1 0.1484375 0.14444444444444443 0.009375 0.009027777777777777
1 0.17552083333333332 0.18125 0.030729166666666665 0.014583333333333334
1 0.16927083333333334 0.17777777777777778 0.022916666666666665 0.013194444444444444
1 0.1359375 0.18472222222222223 0.029166666666666667 0.013194444444444444
1 0.12916666666666668 0.18125 0.024479166666666666 0.014583333333333334
1 0.12552083333333333 0.17847222222222223 0.023958333333333335 0.011111111111111112
1 0.12760416666666666 0.1763888888888889 0.0265625 0.013194444444444444
1 0.11770833333333333 0.17569444444444443 0.025520833333333333 0.010416666666666666
1 0.11510416666666666 0.1736111111111111 0.028125 0.010416666666666666
1 0.09739583333333333 0.15902777777777777 0.027083333333333334 0.0125
1 0.08854166666666667 0.15625 0.023958333333333335 0.010416666666666666
1 0.10677083333333333 0.16666666666666666 0.022395833333333334 0.010416666666666666
1 0.10416666666666667 0.16527777777777777 0.019791666666666666 0.009722222222222222
1 0.109375 0.17083333333333334 0.025 0.013194444444444444
1 0.25364583333333335 0.21944444444444444 0.0359375 0.015277777777777777
3 0.9703125 0.3861111111111111 0.046875 0.052083333333333336
3 0.5083333333333333 0.5625 0.10260416666666666 0.09375
3 0.43645833333333334 0.49930555555555556 0.07604166666666666 0.08819444444444445
2 0.3546875 0.47847222222222224 0.0984375 0.08194444444444444