3 0.3223958333333333 0.69375 0.027083333333333334 0.07708333333333334
1 0.32708333333333334 0.5909722222222222 0.0515625 0.029861111111111113
3 0.35520833333333335 0.6798611111111111 0.019791666666666666 0.059027777777777776
1 0.3765625 0.6826388888888889 0.021354166666666667 0.06111111111111111
1 0.38125 0.7444444444444445 0.0484375 0.03333333333333333
1 0.36770833333333336 0.775 0.049479166666666664 0.034027777777777775
3 0.3572916666666667 0.8055555555555556 0.04479166666666667 0.03263888888888889
1 0.35052083333333334 0.8388888888888889 0.04739583333333333 0.03125
1 0.3416666666666667 0.8930555555555556 0.044270833333333336 0.029861111111111113
1 0.34322916666666664 0.925 0.049479166666666664 0.03333333333333333
2 0.34270833333333334 0.9645833333333333 0.0640625 0.03680555555555556
1 0.3302083333333333 0.9923611111111111 0.05364583333333333 0.015277777777777777
1 0.4140625 0.4597222222222222 0.020833333333333332 0.05555555555555555
1 0.28177083333333336 0.19375 0.04375 0.03125
1 0.2786458333333333 0.16597222222222222 0.042708333333333334 0.03333333333333333
3 0.27447916666666666 0.13958333333333334 0.03697916666666667 0.03333333333333333
1 0.3109375 0.11875 0.025 0.052083333333333336
1 0.2708333333333333 0.11319444444444444 0.044270833333333336 0.03333333333333333
1 0.2682291666666667 0.08958333333333333 0.04375 0.03263888888888889
1 0.30520833333333336 0.05625 0.020833333333333332 0.05138888888888889
1 0.26666666666666666 0.06319444444444444 0.03802083333333333 0.030555555555555555
1 0.26510416666666664 0.035416666666666666 0.0421875 0.02847222222222222
1 0.2609375 0.0125 0.03802083333333333 0.025
1 0.2984375 0.015277777777777777 0.021354166666666667 0.030555555555555555
1 0.4666666666666667 0.6027777777777777 0.0234375 0.06666666666666667
3 0.5333333333333333 0.6118055555555556 0.028645833333333332 0.06597222222222222
2 0.48385416666666664 0.5451388888888888 0.04635416666666667 0.04861111111111111
1 0.4484375 0.4652777777777778 0.0234375 0.05625
3 0.5802083333333333 0.4930555555555556 0.025520833333333333 0.05625
1 0.6348958333333333 0.27361111111111114 0.030208333333333334 0.05555555555555555
3 0.48385416666666664 0.2826388888888889 0.0265625 0.04583333333333333
3 0.5098958333333333 0.20972222222222223 0.028645833333333332 0.04791666666666667
1 0.5302083333333333 0.16458333333333333 0.028645833333333332 0.049305555555555554
3 0.54375 0.11666666666666667 0.027604166666666666 0.052083333333333336
3 0.5895833333333333 0.01597222222222222 0.025 0.03194444444444444
1 0.634375 0.8277777777777777 0.04583333333333333 0.030555555555555555
1 0.6338541666666667 0.7993055555555556 0.04635416666666667 0.030555555555555555
1 0.7442708333333333 0.7138888888888889 0.027083333333333334 0.06597222222222222
1 0.7833333333333333 0.5763888888888888 0.025520833333333333 0.05694444444444444
0 0.7338541666666667 0.5583333333333333 0.050520833333333334 0.11319444444444444
1 0.7776041666666667 0.37916666666666665 0.022916666666666665 0.05555555555555555
1 0.7385416666666667 0.3076388888888889 0.027083333333333334 0.05138888888888889
1 0.8078125 0.26944444444444443 0.030208333333333334 0.05138888888888889
1 0.7833333333333333 0.19444444444444445 0.029166666666666667 0.05347222222222222
1 0.8359375 0.19236111111111112 0.029166666666666667 0.05347222222222222
3 0.8677083333333333 0.16527777777777777 0.027604166666666666 0.04652777777777778
1 0.8833333333333333 0.14027777777777778 0.024479166666666666 0.05138888888888889
1 0.9317708333333333 0.10625 0.03333333333333333 0.052083333333333336
3 0.8635416666666667 0.03680555555555556 0.03125 0.05625
1 0.8489583333333334 0.02361111111111111 0.029166666666666667 0.04652777777777778