1 0.284375 0.9152777777777777 0.08958333333333333 0.16944444444444445
3 0.265625 0.7631944444444444 0.06666666666666667 0.15833333333333333
1 0.2604166666666667 0.5819444444444445 0.04010416666666667 0.08125
1 0.2625 0.5159722222222223 0.04114583333333333 0.07222222222222222
1 0.24583333333333332 0.45694444444444443 0.051041666666666666 0.052083333333333336
1 0.2869791666666667 0.44305555555555554 0.05677083333333333 0.05347222222222222
3 0.31979166666666664 0.37777777777777777 0.058333333333333334 0.041666666666666664
1 0.31979166666666664 0.30625 0.0484375 0.03333333333333333
1 0.4552083333333333 0.3402777777777778 0.05260416666666667 0.03333333333333333
1 0.525 0.34305555555555556 0.0546875 0.030555555555555555
1 0.6234375 0.38819444444444445 0.05625 0.04027777777777778
1 0.6109375 0.33402777777777776 0.057291666666666664 0.030555555555555555
1 0.7083333333333334 0.3263888888888889 0.06145833333333333 0.029166666666666667
1 0.23177083333333334 0.2833333333333333 0.04010416666666667 0.025
1 0.18020833333333333 0.26458333333333334 0.0375 0.027083333333333334