1 0.5005208333333333 0.6680555555555555 0.025 0.09513888888888888
1 0.3890625 0.7020833333333333 0.0484375 0.041666666666666664
1 0.4015625 0.6375 0.05625 0.044444444444444446
1 0.403125 0.5847222222222223 0.04479166666666667 0.041666666666666664
1 0.6484375 0.8743055555555556 0.06302083333333333 0.05347222222222222
1 0.6427083333333333 0.7743055555555556 0.05364583333333333 0.04027777777777778
1 0.6427083333333333 0.7256944444444444 0.05520833333333333 0.043055555555555555
1 0.6364583333333333 0.6736111111111112 0.05 0.03819444444444445
1 0.6364583333333333 0.63125 0.041666666666666664 0.03958333333333333
1 0.6359375 0.5868055555555556 0.052083333333333336 0.03680555555555556
1 0.6322916666666667 0.5465277777777777 0.044270833333333336 0.041666666666666664
3 0.6333333333333333 0.5041666666666667 0.0421875 0.03958333333333333
1 0.628125 0.4736111111111111 0.04635416666666667 0.03819444444444445
1 0.628125 0.3506944444444444 0.036458333333333336 0.03194444444444444
1 0.6208333333333333 0.1798611111111111 0.04010416666666667 0.034027777777777775
1 0.44479166666666664 0.2743055555555556 0.04010416666666667 0.03333333333333333
1 0.39895833333333336 0.39305555555555555 0.0390625 0.034027777777777775
1 0.38125 0.25555555555555554 0.022916666666666665 0.049305555555555554
1 0.3578125 0.2638888888888889 0.027083333333333334 0.05555555555555555
1 0.30364583333333334 0.26805555555555555 0.0328125 0.049305555555555554
1 0.2375 0.4486111111111111 0.040625 0.03680555555555556
1 0.2989583333333333 0.4361111111111111 0.04375 0.034027777777777775
1 0.3177083333333333 0.7590277777777777 0.05364583333333333 0.06597222222222222
1 0.44947916666666665 0.24027777777777778 0.04010416666666667 0.03194444444444444
1 0.4505208333333333 0.18541666666666667 0.03697916666666667 0.035416666666666666
1 0.453125 0.13541666666666666 0.034895833333333334 0.034027777777777775
1 0.44947916666666665 0.21875 0.03697916666666667 0.029166666666666667
1 0.4552083333333333 0.11458333333333333 0.0328125 0.029166666666666667
1 0.6197916666666666 0.06875 0.03229166666666667 0.025694444444444443
1 0.6223958333333334 0.23333333333333334 0.03697916666666667 0.030555555555555555
1 0.6260416666666667 0.2590277777777778 0.036458333333333336 0.030555555555555555
1 0.6260416666666667 0.28402777777777777 0.03229166666666667 0.03333333333333333
2 0.3572916666666667 0.41805555555555557 0.04583333333333333 0.052083333333333336
2 0.36666666666666664 0.8680555555555556 0.06354166666666666 0.04583333333333333
1 0.6197916666666666 0.029861111111111113 0.03802083333333333 0.02638888888888889
3 0.14583333333333334 0.38263888888888886 0.0484375 0.041666666666666664
3 0.078125 0.39305555555555555 0.036458333333333336 0.034027777777777775
1 0.4083333333333333 0.5354166666666667 0.057291666666666664 0.04791666666666667