1 0.95 0.8986111111111111 0.0828125 0.15763888888888888
1 0.8395833333333333 0.8027777777777778 0.0703125 0.1326388888888889
1 0.7307291666666667 0.7270833333333333 0.08072916666666667 0.14097222222222222
1 0.5598958333333334 0.9416666666666667 0.09791666666666667 0.11666666666666667
1 0.5744791666666667 0.6909722222222222 0.13125 0.17569444444444443
1 0.4822916666666667 0.5583333333333333 0.08854166666666667 0.09861111111111111
1 0.5125 0.8527777777777777 0.1265625 0.175
3 0.45625 0.7548611111111111 0.1109375 0.14930555555555555
1 0.3625 0.8666666666666667 0.11666666666666667 0.19027777777777777
1 0.14375 0.9368055555555556 0.09583333333333334 0.12430555555555556
1 0.125 0.8083333333333333 0.08802083333333334 0.15625
1 0.11822916666666666 0.65625 0.0671875 0.11805555555555555
1 0.09635416666666667 0.5472222222222223 0.05677083333333333 0.08888888888888889
1 0.17552083333333332 0.46041666666666664 0.07395833333333333 0.059722222222222225
1 0.08333333333333333 0.45069444444444445 0.04739583333333333 0.06458333333333334
1 0.06875 0.3736111111111111 0.03697916666666667 0.041666666666666664
1 0.06822916666666666 0.3375 0.03333333333333333 0.04097222222222222
1 0.0625 0.28402777777777777 0.03125 0.04027777777777778
1 0.3109375 0.5583333333333333 0.08541666666666667 0.08333333333333333
1 0.30833333333333335 0.5027777777777778 0.08854166666666667 0.08125
1 0.2916666666666667 0.46944444444444444 0.07760416666666667 0.05694444444444444
1 0.2375 0.3923611111111111 0.07864583333333333 0.05138888888888889
1 0.25833333333333336 0.3388888888888889 0.06458333333333334 0.03819444444444445
1 0.2671875 0.3111111111111111 0.043229166666666666 0.03819444444444445
1 0.2916666666666667 0.3194444444444444 0.010416666666666666 0.034027777777777775
1 0.2953125 0.27569444444444446 0.009375 0.02847222222222222
3 0.2453125 0.2875 0.053125 0.03819444444444445
2 0.3380208333333333 0.28958333333333336 0.05260416666666667 0.041666666666666664
1 0.33541666666666664 0.33958333333333335 0.07395833333333333 0.03611111111111111
1 0.3541666666666667 0.35 0.07083333333333333 0.04027777777777778
1 0.3255208333333333 0.39166666666666666 0.05677083333333333 0.05277777777777778
1 0.36875 0.4284722222222222 0.058854166666666666 0.058333333333333334
1 0.44635416666666666 0.42083333333333334 0.08333333333333333 0.04652777777777778
1 0.41875 0.48194444444444445 0.07135416666666666 0.07361111111111111
1 0.16354166666666667 0.2826388888888889 0.030208333333333334 0.03333333333333333
1 0.15208333333333332 0.2652777777777778 0.027604166666666666 0.03125
1 0.1375 0.2388888888888889 0.023958333333333335 0.025
1 0.13020833333333334 0.2222222222222222 0.021875 0.025
1 0.05260416666666667 0.25763888888888886 0.0265625 0.029861111111111113
1 0.053125 0.2388888888888889 0.022916666666666665 0.024305555555555556
1 0.05 0.22361111111111112 0.021875 0.02638888888888889
1 0.053125 0.20833333333333334 0.026041666666666668 0.029166666666666667
1 0.04739583333333333 0.18611111111111112 0.01875 0.021527777777777778
1 0.0421875 0.17152777777777778 0.017708333333333333 0.016666666666666666
1 0.04010416666666667 0.16319444444444445 0.014583333333333334 0.013194444444444444
1 0.04010416666666667 0.15625 0.015625 0.013194444444444444
1 0.09375 0.1527777777777778 0.016145833333333335 0.014583333333333334
1 0.1078125 0.17291666666666666 0.018229166666666668 0.017361111111111112
1 0.19739583333333333 0.17708333333333334 0.034375 0.02013888888888889
1 0.0796875 0.12152777777777778 0.0109375 0.010416666666666666
1 0.0703125 0.10138888888888889 0.009375 0.009027777777777777
1 0.07291666666666667 0.09305555555555556 0.008854166666666666 0.008333333333333333
1 0.4109375 0.7 0.1140625 0.12222222222222222