1 0.3927083333333333 0.5305555555555556 0.075 0.08194444444444444
1 0.48489583333333336 0.6145833333333334 0.08854166666666667 0.09722222222222222
1 0.1453125 0.7930555555555555 0.13802083333333334 0.14791666666666667
1 0.24947916666666667 0.9111111111111111 0.07291666666666667 0.17777777777777778
1 0.12291666666666666 0.9486111111111111 0.1125 0.10277777777777777
1 0.11979166666666667 0.7236111111111111 0.1234375 0.11805555555555555
1 0.0875 0.6777777777777778 0.13072916666666667 0.13055555555555556
1 0.06927083333333334 0.6291666666666667 0.11875 0.09791666666666667
1 0.08854166666666667 0.34444444444444444 0.09010416666666667 0.049305555555555554
1 0.13489583333333333 0.42916666666666664 0.06979166666666667 0.07361111111111111
1 0.1921875 0.4465277777777778 0.041666666666666664 0.07430555555555556
1 0.2609375 0.5291666666666667 0.0859375 0.09444444444444444
1 0.4609375 0.75 0.10208333333333333 0.13055555555555556
1 0.8817708333333333 0.9416666666666667 0.14375 0.11597222222222223
1 0.74375 0.8236111111111111 0.1140625 0.1361111111111111
1 0.6078125 0.7097222222222223 0.1015625 0.10486111111111111
1 0.728125 0.4618055555555556 0.08333333333333333 0.06666666666666667
1 0.9552083333333333 0.4388888888888889 0.07552083333333333 0.059027777777777776
1 0.6859375 0.35555555555555557 0.06197916666666667 0.05416666666666667
1 0.5598958333333334 0.3576388888888889 0.06145833333333333 0.050694444444444445
1 0.5796875 0.33541666666666664 0.06197916666666667 0.04375
1 0.6020833333333333 0.3145833333333333 0.059895833333333336 0.04652777777777778
1 0.48385416666666664 0.3159722222222222 0.05625 0.04652777777777778
1 0.5 0.28541666666666665 0.05260416666666667 0.04027777777777778
1 0.5302083333333333 0.27361111111111114 0.05 0.043055555555555555
1 0.5947916666666667 0.2701388888888889 0.0578125 0.04097222222222222
1 0.40260416666666665 0.11736111111111111 0.044270833333333336 0.02847222222222222
1 0.41510416666666666 0.09652777777777778 0.049479166666666664 0.025694444444444443
1 0.4953125 0.08333333333333333 0.03802083333333333 0.025694444444444443
1 0.4901041666666667 0.05694444444444444 0.030208333333333334 0.02361111111111111
1 0.48020833333333335 0.04861111111111111 0.030729166666666665 0.020833333333333332
1 0.5130208333333334 0.03819444444444445 0.030729166666666665 0.020833333333333332
1 0.5578125 0.034722222222222224 0.028645833333333332 0.02013888888888889
1 0.28958333333333336 0.043055555555555555 0.0390625 0.025694444444444443
1 0.2578125 0.009722222222222222 0.024479166666666666 0.017361111111111112
1 0.28229166666666666 0.02361111111111111 0.016666666666666666 0.02013888888888889
1 0.3078125 0.016666666666666666 0.015625 0.02361111111111111
1 0.32916666666666666 0.013888888888888888 0.022916666666666665 0.02013888888888889
1 0.3515625 0.013194444444444444 0.020833333333333332 0.022222222222222223
1 0.3703125 0.010416666666666666 0.0234375 0.020833333333333332
1 0.46822916666666664 0.015277777777777777 0.025 0.020833333333333332
3 0.06302083333333333 0.5729166666666666 0.10208333333333333 0.08263888888888889
3 0.6822916666666666 0.9381944444444444 0.1390625 0.12361111111111112
3 0.38333333333333336 0.9701388888888889 0.08072916666666667 0.059027777777777776
3 0.04895833333333333 0.4236111111111111 0.08333333333333333 0.06597222222222222
2 0.28854166666666664 0.44027777777777777 0.08854166666666667 0.08958333333333333
2 0.19583333333333333 0.030555555555555555 0.0421875 0.03819444444444445
1 0.5734375 0.04583333333333333 0.025 0.017361111111111112
1 0.5578125 0.06597222222222222 0.022916666666666665 0.013194444444444444
3 0.6005208333333333 0.18472222222222223 0.0484375 0.041666666666666664
1 0.6791666666666667 0.22777777777777777 0.04635416666666667 0.029861111111111113
3 0.6630208333333333 0.3861111111111111 0.07708333333333334 0.059722222222222225