1 0.041666666666666664 0.9388888888888889 0.08333333333333333 0.11388888888888889
3 0.35 0.3527777777777778 0.0328125 0.03611111111111111
1 0.9864583333333333 0.6354166666666666 0.025520833333333333 0.11041666666666666
1 0.9416666666666667 0.46597222222222223 0.03802083333333333 0.06111111111111111
1 0.9151041666666667 0.5395833333333333 0.0453125 0.07152777777777777
1 0.8614583333333333 0.43194444444444446 0.03229166666666667 0.05416666666666667
1 0.8682291666666667 0.3958333333333333 0.027083333333333334 0.03611111111111111
1 0.9005208333333333 0.27291666666666664 0.019791666666666666 0.022916666666666665
0 0.9380208333333333 0.34375 0.04375 0.10138888888888889
0 0.9572916666666667 0.26944444444444443 0.025520833333333333 0.04652777777777778
3 0.8979166666666667 0.24583333333333332 0.016666666666666666 0.02013888888888889
3 0.9010416666666666 0.23958333333333334 0.013541666666666667 0.020833333333333332
1 0.9171875 0.22777777777777777 0.0140625 0.025
1 0.9171875 0.2152777777777778 0.013541666666666667 0.018055555555555554
1 0.9208333333333333 0.20694444444444443 0.011979166666666667 0.013194444444444444
3 0.9223958333333333 0.19305555555555556 0.011979166666666667 0.017361111111111112
1 0.9192708333333334 0.16527777777777777 0.011458333333333333 0.009722222222222222
1 0.9505208333333334 0.16111111111111112 0.00625 0.011111111111111112
1 0.946875 0.14097222222222222 0.007291666666666667 0.0125
1 0.9583333333333334 0.13333333333333333 0.005729166666666666 0.011111111111111112
1 0.95625 0.11666666666666667 0.005208333333333333 0.007638888888888889
1 0.8322916666666667 0.25069444444444444 0.0078125 0.017361111111111112
1 0.8776041666666666 0.1736111111111111 0.015625 0.013194444444444444