1 0.475 0.8402777777777778 0.07552083333333333 0.21180555555555555
3 0.7505208333333333 0.8388888888888889 0.10625 0.18194444444444444
1 0.5776041666666667 0.5215277777777778 0.052083333333333336 0.07430555555555556
3 0.6338541666666667 0.5291666666666667 0.058854166666666666 0.0798611111111111
3 0.6052083333333333 0.44375 0.04479166666666667 0.059722222222222225
1 0.5703125 0.375 0.04010416666666667 0.05
1 0.47291666666666665 0.31180555555555556 0.025 0.03680555555555556
3 0.4192708333333333 0.34652777777777777 0.0546875 0.03263888888888889
1 0.4744791666666667 0.23958333333333334 0.013020833333333334 0.01597222222222222
3 0.5229166666666667 0.24305555555555555 0.015104166666666667 0.02013888888888889
1 0.5171875 0.23125 0.013020833333333334 0.01597222222222222
3 0.5072916666666667 0.21041666666666667 0.0140625 0.022916666666666665
3 0.4895833333333333 0.19722222222222222 0.009375 0.014583333333333334
3 0.5104166666666666 0.19027777777777777 0.009895833333333333 0.013888888888888888
3 0.5307291666666667 0.18958333333333333 0.009375 0.0125
3 0.5119791666666667 0.15694444444444444 0.0140625 0.008333333333333333
1 0.4739583333333333 0.21388888888888888 0.011979166666666667 0.018055555555555554
1 0.47708333333333336 0.20833333333333334 0.009375 0.013888888888888888
1 0.47708333333333336 0.19791666666666666 0.0109375 0.014583333333333334
1 0.5015625 0.20972222222222223 0.010416666666666666 0.013888888888888888
1 0.5244791666666667 0.2125 0.013020833333333334 0.016666666666666666
1 0.5375 0.2111111111111111 0.013541666666666667 0.014583333333333334
1 0.53125 0.1986111111111111 0.009895833333333333 0.011111111111111112
1 0.5036458333333333 0.19930555555555557 0.009375 0.011111111111111112
1 0.5182291666666666 0.19791666666666666 0.009895833333333333 0.0125
1 0.46197916666666666 0.2 0.010416666666666666 0.011805555555555555
1 0.4484375 0.275 0.04739583333333333 0.021527777777777778
1 0.4354166666666667 0.38055555555555554 0.057291666666666664 0.03819444444444445