3 0.4395833333333333 0.35138888888888886 0.027604166666666666 0.027083333333333334
1 0.5666666666666667 0.37777777777777777 0.017708333333333333 0.03333333333333333
1 0.6151041666666667 0.4951388888888889 0.0265625 0.04236111111111111
3 0.5994791666666667 0.5305555555555556 0.025520833333333333 0.04791666666666667
1 0.7114583333333333 0.7104166666666667 0.0546875 0.059027777777777776
1 0.5265625 0.17916666666666667 0.011458333333333333 0.021527777777777778
3 0.48020833333333335 0.19236111111111112 0.009375 0.021527777777777778
1 0.46770833333333334 0.19583333333333333 0.009895833333333333 0.01875
3 0.46041666666666664 0.08333333333333333 0.011458333333333333 0.013888888888888888
3 0.5036458333333333 0.03888888888888889 0.0078125 0.009027777777777777
3 0.5083333333333333 0.05555555555555555 0.0067708333333333336 0.011111111111111112
1 0.834375 0.28055555555555556 0.020833333333333332 0.021527777777777778