1 0.06197916666666667 0.20555555555555555 0.084375 0.05347222222222222
1 0.15364583333333334 0.22152777777777777 0.084375 0.05416666666666667
1 0.134375 0.2673611111111111 0.09583333333333334 0.05416666666666667
1 0.07083333333333333 0.30833333333333335 0.11197916666666667 0.058333333333333334
1 0.18697916666666667 0.31805555555555554 0.115625 0.06111111111111111
1 0.0171875 0.2659722222222222 0.034375 0.041666666666666664
1 0.3067708333333333 0.22777777777777777 0.05625 0.05347222222222222
1 0.359375 0.21597222222222223 0.0515625 0.05347222222222222
1 0.4166666666666667 0.2534722222222222 0.0140625 0.049305555555555554
1 0.4234375 0.11875 0.0515625 0.030555555555555555
1 0.45677083333333335 0.10555555555555556 0.025 0.03819444444444445
1 0.44895833333333335 0.07916666666666666 0.0234375 0.03263888888888889
1 0.48333333333333334 0.19305555555555556 0.0359375 0.059722222222222225
0 0.5020833333333333 0.13402777777777777 0.059895833333333336 0.10972222222222222
1 0.5244791666666667 0.07916666666666666 0.015625 0.022916666666666665
1 0.5604166666666667 0.07777777777777778 0.022395833333333334 0.03611111111111111
1 0.5390625 0.06597222222222222 0.022916666666666665 0.03333333333333333
1 0.5427083333333333 0.04791666666666667 0.019791666666666666 0.022222222222222223
1 0.5427083333333333 0.035416666666666666 0.0140625 0.02013888888888889
1 0.5901041666666667 0.09444444444444444 0.05260416666666667 0.027777777777777776
0 0.634375 0.08125 0.03697916666666667 0.059722222222222225
1 0.665625 0.06666666666666667 0.0171875 0.020833333333333332
1 0.6677083333333333 0.08611111111111111 0.021354166666666667 0.025694444444444443
1 0.6744791666666666 0.11458333333333333 0.0234375 0.02638888888888889
1 0.6833333333333333 0.13472222222222222 0.024479166666666666 0.03333333333333333
1 0.69375 0.15902777777777777 0.029166666666666667 0.041666666666666664
1 0.7083333333333334 0.1986111111111111 0.0328125 0.043055555555555555
1 0.7244791666666667 0.25416666666666665 0.0421875 0.05555555555555555
3 0.19375 0.9006944444444445 0.20729166666666668 0.19166666666666668