0 0.2125 0.6659722222222222 0.052083333333333336 0.075
1 0.4578125 0.33402777777777776 0.005729166666666666 0.007638888888888889
1 0.5333333333333333 0.32083333333333336 0.005208333333333333 0.005555555555555556
1 0.4869791666666667 0.2965277777777778 0.0020833333333333333 0.003472222222222222
3 0.6453125 0.5736111111111111 0.03229166666666667 0.01875
1 0.9692708333333333 0.6263888888888889 0.028645833333333332 0.022916666666666665
1 0.9505208333333334 0.6319444444444444 0.0234375 0.02361111111111111
1 0.9145833333333333 0.6340277777777777 0.03229166666666667 0.022916666666666665
1 0.853125 0.6388888888888888 0.027604166666666666 0.02847222222222222
1 0.8822916666666667 0.7131944444444445 0.040625 0.029861111111111113
1 0.83125 0.6416666666666667 0.025 0.02847222222222222
1 0.809375 0.6388888888888888 0.025520833333333333 0.03263888888888889
1 0.7619791666666667 0.6451388888888889 0.015625 0.02361111111111111
1 0.6541666666666667 0.5854166666666667 0.025520833333333333 0.015277777777777777
1 0.7104166666666667 0.5652777777777778 0.019270833333333334 0.010416666666666666
1 0.7046875 0.5541666666666667 0.019270833333333334 0.015277777777777777
1 0.7020833333333333 0.54375 0.025520833333333333 0.015277777777777777
1 0.6802083333333333 0.5145833333333333 0.020833333333333332 0.015277777777777777
1 0.675 0.5083333333333333 0.0171875 0.010416666666666666
1 0.671875 0.5020833333333333 0.022395833333333334 0.0125
1 0.6895833333333333 0.5263888888888889 0.027604166666666666 0.011111111111111112
1 0.6416666666666667 0.5638888888888889 0.027604166666666666 0.015277777777777777
3 0.2598958333333333 0.4131944444444444 0.020833333333333332 0.013194444444444444
1 0.2734375 0.4083333333333333 0.0140625 0.010416666666666666
1 0.25625 0.41805555555555557 0.01875 0.009722222222222222
1 0.24739583333333334 0.3611111111111111 0.013020833333333334 0.008333333333333333
2 0.25885416666666666 0.35694444444444445 0.0109375 0.011111111111111112
3 0.36666666666666664 0.31180555555555556 0.008333333333333333 0.006944444444444444
1 0.7265625 0.3215277777777778 0.0109375 0.006944444444444444
1 0.7390625 0.32222222222222224 0.0078125 0.005555555555555556
1 0.8822916666666667 0.31875 0.013020833333333334 0.010416666666666666
1 0.5890625 0.32916666666666666 0.016666666666666666 0.008333333333333333
1 0.5927083333333333 0.325 0.009375 0.008333333333333333