1 0.3875 0.6111111111111112 0.025 0.06736111111111111
2 0.44375 0.7736111111111111 0.044270833333333336 0.1284722222222222
2 0.6322916666666667 0.4354166666666667 0.03802083333333333 0.14722222222222223
1 0.5494791666666666 0.37430555555555556 0.020833333333333332 0.06111111111111111
3 0.496875 0.3368055555555556 0.019270833333333334 0.05694444444444444
1 0.43854166666666666 0.3951388888888889 0.024479166666666666 0.052083333333333336
1 0.55625 0.19444444444444445 0.019270833333333334 0.04791666666666667
1 0.5848958333333333 0.04513888888888889 0.017708333333333333 0.034027777777777775
3 0.5671875 0.12986111111111112 0.021354166666666667 0.052083333333333336
1 0.521875 0.14722222222222223 0.017708333333333333 0.04583333333333333
0 0.46197916666666666 0.1951388888888889 0.025520833333333333 0.07708333333333334
1 0.39895833333333336 0.21736111111111112 0.019270833333333334 0.041666666666666664
1 0.4734375 0.11736111111111111 0.019791666666666666 0.03680555555555556
1 0.37604166666666666 0.09652777777777778 0.019270833333333334 0.03333333333333333
1 0.4869791666666667 0.022916666666666665 0.019791666666666666 0.035416666666666666
1 0.5333333333333333 0.013888888888888888 0.017708333333333333 0.027777777777777776
2 0.4244791666666667 0.018055555555555554 0.03229166666666667 0.03611111111111111
2 0.1140625 0.7520833333333333 0.05 0.11527777777777778
0 0.05260416666666667 0.9395833333333333 0.0765625 0.11805555555555555
0 0.050520833333333334 0.8173611111111111 0.07135416666666666 0.20555555555555555
1 0.32760416666666664 0.06388888888888888 0.030208333333333334 0.02638888888888889