1 0.2265625 0.7611111111111111 0.03854166666666667 0.06388888888888888
1 0.22135416666666666 0.6958333333333333 0.03229166666666667 0.04791666666666667
1 0.25052083333333336 0.6194444444444445 0.026041666666666668 0.0375
3 0.22552083333333334 0.6402777777777777 0.025520833333333333 0.050694444444444445
2 0.21510416666666668 0.5986111111111111 0.035416666666666666 0.07430555555555556
0 0.26145833333333335 0.5701388888888889 0.0359375 0.07291666666666667
1 0.21822916666666667 0.5604166666666667 0.01875 0.022222222222222223
1 0.24375 0.5506944444444445 0.017708333333333333 0.025
1 0.24739583333333334 0.5263888888888889 0.018229166666666668 0.022222222222222223
1 0.24583333333333332 0.5131944444444444 0.015104166666666667 0.016666666666666666
1 0.24322916666666666 0.5020833333333333 0.015104166666666667 0.018055555555555554
2 0.21875 0.5145833333333333 0.026041666666666668 0.07013888888888889
2 0.2171875 0.4638888888888889 0.01875 0.041666666666666664
2 0.2703125 0.4284722222222222 0.0109375 0.01875
2 0.21822916666666667 0.41944444444444445 0.011979166666666667 0.02013888888888889
1 0.24895833333333334 0.42083333333333334 0.0078125 0.008333333333333333
1 0.2375 0.45625 0.0078125 0.013888888888888888
1 0.9666666666666667 0.7395833333333334 0.06197916666666667 0.05277777777777778
1 0.6979166666666666 0.6708333333333333 0.049479166666666664 0.029861111111111113
1 0.6791666666666667 0.6590277777777778 0.04114583333333333 0.027083333333333334
1 0.6041666666666666 0.53125 0.03229166666666667 0.01875
1 0.6307291666666667 0.5534722222222223 0.034375 0.020833333333333332
3 0.55 0.5180555555555556 0.017708333333333333 0.022222222222222223
1 0.4817708333333333 0.4875 0.0171875 0.01597222222222222
3 0.45729166666666665 0.4548611111111111 0.019270833333333334 0.013194444444444444
1 0.4359375 0.4479166666666667 0.0171875 0.009722222222222222
3 0.44166666666666665 0.45208333333333334 0.011979166666666667 0.013194444444444444
3 0.4473958333333333 0.4652777777777778 0.014583333333333334 0.014583333333333334
1 0.4203125 0.4756944444444444 0.022916666666666665 0.013888888888888888
1 0.35885416666666664 0.4097222222222222 0.0067708333333333336 0.006944444444444444
1 0.4703125 0.5083333333333333 0.028645833333333332 0.0125
1 0.4713541666666667 0.5152777777777777 0.030208333333333334 0.016666666666666666
1 0.47708333333333336 0.5194444444444445 0.027083333333333334 0.018055555555555554
1 0.4875 0.5236111111111111 0.027083333333333334 0.019444444444444445
1 0.5088541666666667 0.5402777777777777 0.027604166666666666 0.013194444444444444
1 0.515625 0.5430555555555555 0.026041666666666668 0.013194444444444444
3 0.5302083333333333 0.5493055555555556 0.028645833333333332 0.018055555555555554