1 0.0875 0.12013888888888889 0.009375 0.013888888888888888
1 0.0890625 0.15833333333333333 0.009895833333333333 0.016666666666666666
3 0.07552083333333333 0.14166666666666666 0.008333333333333333 0.021527777777777778
2 0.11510416666666666 0.12430555555555556 0.016666666666666666 0.025694444444444443
1 0.06302083333333333 0.19375 0.01875 0.021527777777777778
1 0.3223958333333333 0.6027777777777777 0.01875 0.03333333333333333
3 0.3494791666666667 0.7354166666666667 0.0328125 0.044444444444444446
0 0.40520833333333334 0.21666666666666667 0.041666666666666664 0.044444444444444446
1 0.49270833333333336 0.4701388888888889 0.022395833333333334 0.01875
1 0.6109375 0.41597222222222224 0.019791666666666666 0.02013888888888889
3 0.6380208333333334 0.044444444444444446 0.007291666666666667 0.0125
3 0.684375 0.010416666666666666 0.008333333333333333 0.010416666666666666
3 0.7098958333333333 0.027083333333333334 0.0078125 0.011111111111111112
3 0.8166666666666667 0.18472222222222223 0.013541666666666667 0.013888888888888888
1 0.8005208333333333 0.09166666666666666 0.011979166666666667 0.013888888888888888
1 0.865625 0.16319444444444445 0.0140625 0.01875
3 0.8380208333333333 0.13055555555555556 0.013020833333333334 0.02013888888888889
0 0.9786458333333333 0.22152777777777777 0.041666666666666664 0.034027777777777775
0 0.984375 0.20277777777777778 0.03125 0.03333333333333333
0 0.9911458333333333 0.1840277777777778 0.017708333333333333 0.03194444444444444
2 0.7645833333333333 0.027777777777777776 0.016666666666666666 0.015277777777777777
2 0.7677083333333333 0.025694444444444443 0.013541666666666667 0.015277777777777777
3 0.8348958333333333 0.05625 0.011458333333333333 0.013888888888888888
2 0.7953125 0.07361111111111111 0.015104166666666667 0.02013888888888889
2 0.8515625 0.06875 0.0171875 0.018055555555555554
3 0.8385416666666666 0.004861111111111111 0.009895833333333333 0.007638888888888889
3 0.86875 0.006944444444444444 0.0078125 0.00625
0 0.9135416666666667 0.010416666666666666 0.0171875 0.0125