3 0.04375 0.9006944444444445 0.05416666666666667 0.027777777777777776
1 0.121875 0.8847222222222222 0.052083333333333336 0.03263888888888889
3 0.22239583333333332 0.9472222222222222 0.028645833333333332 0.075
1 0.30104166666666665 0.9006944444444445 0.049479166666666664 0.03611111111111111
1 0.29322916666666665 0.9375 0.04791666666666667 0.03333333333333333
3 0.2911458333333333 0.9743055555555555 0.050520833333333334 0.034027777777777775
1 0.32864583333333336 0.71875 0.022916666666666665 0.059027777777777776
1 0.35052083333333334 0.5291666666666667 0.022916666666666665 0.06180555555555556
1 0.36875 0.48125 0.04583333333333333 0.02638888888888889
1 0.3729166666666667 0.41944444444444445 0.04739583333333333 0.025694444444444443
1 0.3770833333333333 0.3888888888888889 0.044270833333333336 0.027777777777777776
2 0.4791666666666667 0.33958333333333335 0.0265625 0.08472222222222223
1 0.5057291666666667 0.4340277777777778 0.019791666666666666 0.05416666666666667
1 0.4427083333333333 0.7 0.024479166666666666 0.06666666666666667
3 0.48333333333333334 0.6590277777777778 0.0265625 0.06666666666666667
1 0.3984375 0.2263888888888889 0.0421875 0.029861111111111113
2 0.40729166666666666 0.1875 0.05572916666666667 0.04375
3 0.40572916666666664 0.1284722222222222 0.04583333333333333 0.02638888888888889
1 0.5265625 0.16527777777777777 0.01875 0.052083333333333336
2 0.5421875 0.02638888888888889 0.019791666666666666 0.052083333333333336
1 0.44479166666666664 0.03888888888888889 0.017708333333333333 0.05625
1 0.3776041666666667 0.03194444444444444 0.04010416666666667 0.03125
1 0.3848958333333333 0.007638888888888889 0.04010416666666667 0.015277777777777777
1 0.5895833333333333 0.9868055555555556 0.04635416666666667 0.02638888888888889
1 0.5947916666666667 0.9416666666666667 0.04583333333333333 0.04375
1 0.6083333333333333 0.7375 0.04635416666666667 0.025694444444444443
1 0.6083333333333333 0.7055555555555556 0.044270833333333336 0.029861111111111113
3 0.6484375 0.6520833333333333 0.019270833333333334 0.050694444444444445
1 0.6161458333333333 0.5125 0.04375 0.030555555555555555
1 0.6229166666666667 0.48541666666666666 0.04583333333333333 0.029861111111111113
1 0.6197916666666666 0.45555555555555555 0.04375 0.02638888888888889
3 0.6260416666666667 0.4222222222222222 0.0421875 0.02847222222222222
1 0.7098958333333333 0.40555555555555556 0.0359375 0.034027777777777775
1 0.6265625 0.3902777777777778 0.042708333333333334 0.02847222222222222
1 0.6265625 0.3611111111111111 0.042708333333333334 0.025694444444444443
1 0.725 0.31319444444444444 0.042708333333333334 0.02638888888888889
1 0.6307291666666667 0.2777777777777778 0.04739583333333333 0.029861111111111113
2 0.6442708333333333 0.07916666666666666 0.042708333333333334 0.03819444444444445