1 0.20520833333333333 0.27708333333333335 0.025520833333333333 0.02638888888888889
1 0.1875 0.30625 0.029166666666666667 0.02361111111111111
1 0.17916666666666667 0.3263888888888889 0.0328125 0.022916666666666665
3 0.15989583333333332 0.36180555555555555 0.03333333333333333 0.025
1 0.12864583333333332 0.8479166666666667 0.03697916666666667 0.034027777777777775
1 0.1234375 0.8951388888888889 0.036458333333333336 0.03263888888888889
1 0.10729166666666666 0.9201388888888888 0.0359375 0.03263888888888889
1 0.0734375 0.8951388888888889 0.036458333333333336 0.034027777777777775
1 0.028645833333333332 0.8673611111111111 0.0359375 0.030555555555555555
1 0.052083333333333336 0.9159722222222222 0.034375 0.035416666666666666
1 0.42291666666666666 0.5388888888888889 0.022916666666666665 0.035416666666666666