1 0.45416666666666666 0.6222222222222222 0.016666666666666666 0.020833333333333332
1 0.47604166666666664 0.6201388888888889 0.013541666666666667 0.022222222222222223
1 0.5708333333333333 0.6479166666666667 0.009375 0.02638888888888889
1 0.5776041666666667 0.69375 0.0109375 0.027777777777777776
1 0.5885416666666666 0.7451388888888889 0.015625 0.029861111111111113
1 0.5984375 0.7916666666666666 0.01875 0.025
1 0.4515625 0.7569444444444444 0.0140625 0.029861111111111113
1 0.46197916666666666 0.5909722222222222 0.017708333333333333 0.01597222222222222
1 0.4479166666666667 0.6465277777777778 0.01875 0.01875
1 0.4171875 0.9819444444444444 0.015625 0.03611111111111111
1 0.4432291666666667 0.7916666666666666 0.0109375 0.029861111111111113
3 0.45625 0.7916666666666666 0.0109375 0.027777777777777776
1 0.36875 0.7333333333333333 0.013020833333333334 0.030555555555555555
3 0.4140625 0.90625 0.0234375 0.022222222222222223
3 0.3776041666666667 0.9173611111111111 0.030729166666666665 0.02361111111111111
3 0.38697916666666665 0.6493055555555556 0.022395833333333334 0.017361111111111112
1 0.47239583333333335 0.5673611111111111 0.0109375 0.02013888888888889
2 0.49270833333333336 0.6215277777777778 0.019270833333333334 0.04652777777777778
2 0.46927083333333336 0.6430555555555556 0.011458333333333333 0.020833333333333332
2 0.4708333333333333 0.6284722222222222 0.013020833333333334 0.017361111111111112
2 0.49895833333333334 0.5618055555555556 0.027604166666666666 0.022916666666666665
2 0.47552083333333334 0.5493055555555556 0.015625 0.02638888888888889
2 0.47604166666666664 0.5305555555555556 0.00625 0.015277777777777777
1 0.4270833333333333 0.56875 0.015625 0.014583333333333334
1 0.48802083333333335 0.5069444444444444 0.008333333333333333 0.017361111111111112
1 0.484375 0.53125 0.008333333333333333 0.018055555555555554
3 0.4583333333333333 0.4638888888888889 0.00625 0.015277777777777777
2 0.5348958333333333 0.45069444444444445 0.024479166666666666 0.01597222222222222
2 0.5348958333333333 0.42777777777777776 0.022916666666666665 0.01597222222222222
1 0.34270833333333334 0.6305555555555555 0.019791666666666666 0.017361111111111112
1 0.33229166666666665 0.7402777777777778 0.022395833333333334 0.018055555555555554
1 0.2984375 0.9520833333333333 0.025520833333333333 0.025
1 0.2869791666666667 0.9868055555555556 0.025520833333333333 0.015277777777777777
2 0.4739583333333333 0.9138888888888889 0.03333333333333333 0.10208333333333333
2 0.7328125 0.9673611111111111 0.019791666666666666 0.05416666666666667
1 0.7276041666666667 0.9097222222222222 0.011458333333333333 0.03819444444444445
2 0.7807291666666667 0.7493055555555556 0.06302083333333333 0.07777777777777778
1 0.5984375 0.5 0.0078125 0.020833333333333332
1 0.5958333333333333 0.46875 0.007291666666666667 0.020833333333333332
2 0.6052083333333333 0.42569444444444443 0.015625 0.04027777777777778
2 0.6088541666666667 0.3680555555555556 0.017708333333333333 0.044444444444444446
2 0.6333333333333333 0.3034722222222222 0.013541666666666667 0.03263888888888889
2 0.7322916666666667 0.23819444444444443 0.0078125 0.015277777777777777
2 0.6572916666666667 0.1673611111111111 0.0109375 0.025694444444444443
2 0.6916666666666667 0.003472222222222222 0.00625 0.006944444444444444
3 0.6864583333333333 0.05694444444444444 0.004166666666666667 0.007638888888888889
1 0.6322916666666667 0.017361111111111112 0.009375 0.004861111111111111
1 0.6333333333333333 0.013888888888888888 0.0078125 0.004861111111111111
1 0.5520833333333334 0.29930555555555555 0.008333333333333333 0.010416666666666666
1 0.5234375 0.28680555555555554 0.015104166666666667 0.007638888888888889
1 0.5666666666666667 0.24375 0.0109375 0.009722222222222222
1 0.571875 0.23055555555555557 0.011979166666666667 0.009722222222222222
1 0.5578125 0.20694444444444443 0.005729166666666666 0.009722222222222222
1 0.5489583333333333 0.20833333333333334 0.005208333333333333 0.009722222222222222
1 0.546875 0.3125 0.0109375 0.009722222222222222
1 0.5255208333333333 0.27708333333333335 0.011979166666666667 0.005555555555555556
1 0.5578125 0.25763888888888886 0.0140625 0.006944444444444444
1 0.559375 0.25069444444444444 0.013020833333333334 0.006944444444444444
1 0.5432291666666667 0.32916666666666666 0.015104166666666667 0.006944444444444444