1 0.6916666666666667 0.9208333333333333 0.07708333333333334 0.15833333333333333
1 0.6760416666666667 0.7777777777777778 0.05260416666666667 0.09583333333333334
1 0.6661458333333333 0.6631944444444444 0.050520833333333334 0.11666666666666667
1 0.6515625 0.5861111111111111 0.040625 0.06041666666666667
1 0.6479166666666667 0.5298611111111111 0.0265625 0.04513888888888889
1 0.48385416666666664 0.74375 0.0546875 0.10902777777777778
1 0.5369791666666667 0.5638888888888889 0.0328125 0.06319444444444444
1 0.54375 0.5097222222222222 0.0296875 0.04861111111111111
1 0.5515625 0.46875 0.028645833333333332 0.043055555555555555
1 0.5901041666666667 0.4513888888888889 0.019791666666666666 0.03888888888888889
1 0.6421875 0.4840277777777778 0.026041666666666668 0.035416666666666666
1 0.6364583333333333 0.44930555555555557 0.020833333333333332 0.034722222222222224
1 0.634375 0.4215277777777778 0.01875 0.027777777777777776
1 0.6338541666666667 0.4013888888888889 0.017708333333333333 0.021527777777777778
1 0.6286458333333333 0.3701388888888889 0.015104166666666667 0.021527777777777778
1 0.625 0.3423611111111111 0.011458333333333333 0.016666666666666666
1 0.5567708333333333 0.43194444444444446 0.019270833333333334 0.04097222222222222
1 0.559375 0.40902777777777777 0.01875 0.02361111111111111
1 0.5671875 0.38958333333333334 0.01875 0.029166666666666667
1 0.5692708333333333 0.3625 0.011458333333333333 0.02361111111111111
1 0.428125 0.43333333333333335 0.05677083333333333 0.027777777777777776
1 0.20989583333333334 0.5423611111111111 0.04583333333333333 0.05694444444444444
1 0.4828125 0.35347222222222224 0.0375 0.02013888888888889
2 0.7927083333333333 0.2590277777777778 0.019270833333333334 0.011805555555555555