1 0.5729166666666666 0.6520833333333333 0.022916666666666665 0.10694444444444444
1 0.5328125 0.6361111111111111 0.027083333333333334 0.09166666666666666
1 0.46197916666666666 0.9388888888888889 0.03697916666666667 0.11666666666666667
1 0.46145833333333336 0.7409722222222223 0.030208333333333334 0.09652777777777778
1 0.47708333333333336 0.5548611111111111 0.025520833333333333 0.07083333333333333
1 0.44947916666666665 0.41944444444444445 0.020833333333333332 0.07013888888888889
1 0.4744791666666667 0.1736111111111111 0.0171875 0.05347222222222222
1 0.5088541666666667 0.08333333333333333 0.015104166666666667 0.03680555555555556
1 0.41770833333333335 0.1 0.013020833333333334 0.027777777777777776
1 0.40208333333333335 0.09444444444444444 0.0140625 0.034027777777777775
1 0.41875 0.049305555555555554 0.011458333333333333 0.030555555555555555
0 0.3671875 0.12152777777777778 0.01875 0.05555555555555555
0 0.34739583333333335 0.10138888888888889 0.024479166666666666 0.0763888888888889
0 0.35833333333333334 0.0375 0.019270833333333334 0.05486111111111111
0 0.378125 0.027777777777777776 0.019270833333333334 0.05555555555555555
1 0.3734375 0.07916666666666666 0.009375 0.02638888888888889