1 0.2921875 0.4236111111111111 0.022916666666666665 0.018055555555555554
1 0.628125 0.42569444444444443 0.0234375 0.01875
3 0.8395833333333333 0.4083333333333333 0.03229166666666667 0.02013888888888889
1 0.921875 0.4388888888888889 0.020833333333333332 0.02013888888888889
0 0.6333333333333333 0.45555555555555555 0.059895833333333336 0.035416666666666666
1 0.32135416666666666 0.8104166666666667 0.024479166666666666 0.01875
3 0.3223958333333333 0.7402777777777778 0.013020833333333334 0.05486111111111111
3 0.30104166666666665 0.7305555555555555 0.0109375 0.044444444444444446
1 0.3260416666666667 0.6895833333333333 0.0109375 0.03194444444444444
1 0.8598958333333333 0.7770833333333333 0.015625 0.01875
1 0.8625 0.9173611111111111 0.022395833333333334 0.02013888888888889
1 0.8583333333333333 0.8958333333333334 0.022916666666666665 0.02013888888888889