1 0.5661458333333333 0.8993055555555556 0.125 0.0798611111111111
1 0.571875 0.7493055555555556 0.08333333333333333 0.049305555555555554
1 0.5739583333333333 0.7104166666666667 0.07395833333333333 0.04583333333333333
1 0.565625 0.6763888888888889 0.0625 0.034027777777777775
1 0.5651041666666666 0.6458333333333334 0.046875 0.027083333333333334
1 0.56875 0.6270833333333333 0.0453125 0.02013888888888889
1 0.571875 0.6034722222222222 0.0171875 0.02013888888888889
1 0.8953125 0.9527777777777777 0.19114583333333332 0.09375
1 0.8203125 0.8270833333333333 0.1234375 0.07847222222222222
1 0.7927083333333333 0.7944444444444444 0.10260416666666666 0.04791666666666667
1 0.7208333333333333 0.6972222222222222 0.07447916666666667 0.034027777777777775
1 0.7098958333333333 0.6847222222222222 0.06302083333333333 0.03125
1 0.6885416666666667 0.6541666666666667 0.049479166666666664 0.025694444444444443
1 0.66875 0.6277777777777778 0.0484375 0.03125
1 0.6453125 0.5951388888888889 0.0328125 0.018055555555555554
2 0.27708333333333335 0.6215277777777778 0.0921875 0.06388888888888888
1 0.3828125 0.5805555555555556 0.0140625 0.010416666666666666
1 0.378125 0.5673611111111111 0.022395833333333334 0.011805555555555555
1 0.39427083333333335 0.5618055555555556 0.0171875 0.011111111111111112
1 0.6411458333333333 0.5875 0.03125 0.013888888888888888
1 0.63125 0.5805555555555556 0.025 0.009722222222222222
1 0.6307291666666667 0.575 0.022916666666666665 0.011111111111111112
1 0.628125 0.5701388888888889 0.022916666666666665 0.011805555555555555
1 0.625 0.5666666666666667 0.025520833333333333 0.010416666666666666
1 0.5677083333333334 0.5680555555555555 0.018229166666666668 0.011805555555555555
1 0.6109375 0.5555555555555556 0.0171875 0.006944444444444444
1 0.45625 0.5270833333333333 0.009375 0.004861111111111111
1 0.4713541666666667 0.525 0.00625 0.005555555555555556
1 0.478125 0.525 0.00625 0.00625
1 0.5255208333333333 0.525 0.008333333333333333 0.005555555555555556
1 0.6322916666666667 0.5527777777777778 0.011979166666666667 0.009027777777777777