1 0.33697916666666666 0.38263888888888886 0.017708333333333333 0.04583333333333333
1 0.33125 0.49444444444444446 0.0171875 0.044444444444444446
1 0.3255208333333333 0.5583333333333333 0.015625 0.04652777777777778
1 0.321875 0.6604166666666667 0.015104166666666667 0.04097222222222222
1 0.590625 0.5673611111111111 0.028645833333333332 0.025694444444444443
1 0.5921875 0.5944444444444444 0.030208333333333334 0.020833333333333332
2 0.5994791666666667 0.3736111111111111 0.015625 0.03888888888888889
2 0.6885416666666667 0.42986111111111114 0.03854166666666667 0.025694444444444443
2 0.5729166666666666 0.9395833333333333 0.03697916666666667 0.029861111111111113
1 0.5729166666666666 0.9 0.03125 0.025
1 0.5677083333333334 0.96875 0.03125 0.02847222222222222
1 0.6677083333333333 0.9729166666666667 0.0328125 0.025694444444444443
0 0.9463541666666667 0.10069444444444445 0.07552083333333333 0.04652777777777778