3 0.6942708333333333 0.9125 0.05625 0.12777777777777777
3 0.88125 0.9784722222222222 0.08385416666666666 0.043055555555555555
1 0.8854166666666666 0.9229166666666667 0.1359375 0.11388888888888889
1 0.8255208333333334 0.8173611111111111 0.1109375 0.06944444444444445
1 0.965625 0.8027777777777778 0.06875 0.0625
1 0.6276041666666666 0.7881944444444444 0.015104166666666667 0.04236111111111111
1 0.6505208333333333 0.6256944444444444 0.041666666666666664 0.06041666666666667
3 0.5713541666666667 0.6208333333333333 0.03125 0.06319444444444444
3 0.32395833333333335 0.4444444444444444 0.042708333333333334 0.029861111111111113
1 0.31927083333333334 0.43194444444444446 0.03802083333333333 0.019444444444444445
1 0.3307291666666667 0.425 0.03802083333333333 0.01875
1 0.284375 0.44166666666666665 0.03125 0.022222222222222223