2 0.08020833333333334 0.7791666666666667 0.08489583333333334 0.15208333333333332
3 0.215625 0.9125 0.041666666666666664 0.10416666666666667
1 0.26197916666666665 0.6472222222222223 0.03125 0.07847222222222222
1 0.1515625 0.6111111111111112 0.03697916666666667 0.07013888888888889
1 0.1734375 0.5409722222222222 0.0359375 0.05694444444444444
1 0.19375 0.48333333333333334 0.03125 0.04791666666666667
3 0.290625 0.3638888888888889 0.028645833333333332 0.0625
1 0.24895833333333334 0.15069444444444444 0.03229166666666667 0.027777777777777776
2 0.21145833333333333 0.15069444444444444 0.0359375 0.041666666666666664
1 0.35052083333333334 0.0625 0.015104166666666667 0.024305555555555556
0 0.34479166666666666 0.022916666666666665 0.027083333333333334 0.04583333333333333
1 0.50625 0.04791666666666667 0.019270833333333334 0.034027777777777775
1 0.6364583333333333 0.18472222222222223 0.022916666666666665 0.05486111111111111
1 0.628125 0.011111111111111112 0.019270833333333334 0.021527777777777778
1 0.7088541666666667 0.31319444444444444 0.036458333333333336 0.07361111111111111