1 0.27708333333333335 0.8819444444444444 0.14010416666666667 0.2361111111111111
1 0.3984375 0.6138888888888889 0.1015625 0.1701388888888889
1 0.6604166666666667 0.6965277777777777 0.0921875 0.1736111111111111
1 0.6958333333333333 0.5493055555555556 0.06875 0.12361111111111112
3 0.8609375 0.5145833333333333 0.065625 0.12222222222222222
1 0.7166666666666667 0.42986111111111114 0.050520833333333334 0.09444444444444444
1 0.4973958333333333 0.44513888888888886 0.07239583333333334 0.11319444444444444
1 0.6416666666666667 0.4215277777777778 0.065625 0.10972222222222222
1 0.5515625 0.33958333333333335 0.057291666666666664 0.08888888888888889
1 0.5833333333333334 0.28055555555555556 0.049479166666666664 0.07361111111111111
1 0.7291666666666666 0.34930555555555554 0.05260416666666667 0.0763888888888889
1 0.6677083333333333 0.3423611111111111 0.058333333333333334 0.09444444444444444
1 0.7463541666666667 0.26875 0.03854166666666667 0.06597222222222222
1 0.6911458333333333 0.2673611111111111 0.04479166666666667 0.07222222222222222
1 0.6052083333333333 0.23055555555555557 0.042708333333333334 0.06319444444444444
1 0.6296875 0.19027777777777777 0.03802083333333333 0.04583333333333333
1 0.85 0.3055555555555556 0.04583333333333333 0.07013888888888889
1 0.8447916666666667 0.2465277777777778 0.0421875 0.058333333333333334
1 0.8442708333333333 0.19444444444444445 0.034375 0.04375
1 0.7723958333333333 0.16944444444444445 0.03229166666666667 0.04583333333333333
3 0.6609375 0.11388888888888889 0.03229166666666667 0.04652777777777778
1 0.6765625 0.09791666666666667 0.022916666666666665 0.03819444444444445
1 0.8458333333333333 0.15208333333333332 0.027604166666666666 0.035416666666666666
1 0.7604166666666666 0.06527777777777778 0.0265625 0.029861111111111113
1 0.85 0.07708333333333334 0.021354166666666667 0.03263888888888889
1 0.7677083333333333 0.08888888888888889 0.028645833333333332 0.03680555555555556
1 0.7916666666666666 0.06805555555555555 0.024479166666666666 0.03125
1 0.7598958333333333 0.050694444444444445 0.0234375 0.02361111111111111
1 0.7854166666666667 0.04027777777777778 0.030729166666666665 0.034027777777777775
1 0.7140625 0.029861111111111113 0.022395833333333334 0.03263888888888889
1 0.8296875 0.022222222222222223 0.029166666666666667 0.03333333333333333
1 0.6682291666666667 0.06597222222222222 0.04791666666666667 0.03125
1 0.6229166666666667 0.050694444444444445 0.027083333333333334 0.03680555555555556
1 0.8526041666666667 0.1125 0.025520833333333333 0.049305555555555554