1 0.4171875 0.41041666666666665 0.009895833333333333 0.013194444444444444
2 0.421875 0.49722222222222223 0.030729166666666665 0.04583333333333333
1 0.6432291666666666 0.6583333333333333 0.04791666666666667 0.04583333333333333
1 0.5067708333333333 0.5854166666666667 0.025 0.027777777777777776
1 0.596875 0.5548611111111111 0.036458333333333336 0.03333333333333333
1 0.6291666666666667 0.5513888888888889 0.03229166666666667 0.030555555555555555
1 0.6114583333333333 0.5236111111111111 0.0328125 0.027777777777777776
1 0.47760416666666666 0.5069444444444444 0.022916666666666665 0.022916666666666665
1 0.4703125 0.4736111111111111 0.017708333333333333 0.020833333333333332
1 0.4557291666666667 0.41944444444444445 0.011458333333333333 0.0125
1 0.5114583333333333 0.4 0.011458333333333333 0.011111111111111112
1 0.46145833333333336 0.4361111111111111 0.013020833333333334 0.013194444444444444
1 0.4630208333333333 0.4479166666666667 0.015625 0.01875
1 0.46979166666666666 0.45694444444444443 0.01875 0.01875
2 0.5364583333333334 0.4263888888888889 0.019791666666666666 0.022916666666666665
1 0.5734375 0.4597222222222222 0.022916666666666665 0.017361111111111112
1 0.5979166666666667 0.46111111111111114 0.01875 0.01597222222222222
1 0.5572916666666666 0.45625 0.022916666666666665 0.017361111111111112
1 0.5473958333333333 0.4465277777777778 0.021354166666666667 0.0125
1 0.6203125 0.4965277777777778 0.036458333333333336 0.022222222222222223
1 0.6583333333333333 0.4888888888888889 0.044270833333333336 0.020833333333333332
1 0.6203125 0.4597222222222222 0.022395833333333334 0.02013888888888889
1 0.6453125 0.46111111111111114 0.019270833333333334 0.018055555555555554
1 0.66875 0.4583333333333333 0.019791666666666666 0.02013888888888889
1 0.7046875 0.4826388888888889 0.040625 0.02013888888888889
1 0.9244791666666666 0.575 0.042708333333333334 0.03819444444444445
1 0.9619791666666667 0.5777777777777777 0.027604166666666666 0.04027777777777778