1 0.5255208333333333 0.8069444444444445 0.024479166666666666 0.09652777777777778
1 0.6125 0.7972222222222223 0.030729166666666665 0.09652777777777778
1 0.6421875 0.7340277777777777 0.028645833333333332 0.09027777777777778
1 0.5666666666666667 0.7458333333333333 0.030208333333333334 0.1
1 0.6291666666666667 0.6090277777777777 0.027604166666666666 0.07847222222222222
1 0.5625 0.6479166666666667 0.0234375 0.08472222222222223
1 0.6171875 0.5041666666666667 0.022916666666666665 0.07013888888888889
1 0.5838541666666667 0.5055555555555555 0.0234375 0.07222222222222222
1 0.60625 0.42569444444444443 0.019791666666666666 0.05486111111111111
1 0.578125 0.42986111111111114 0.019270833333333334 0.06319444444444444
1 0.5473958333333333 0.44513888888888886 0.020833333333333332 0.06111111111111111
1 0.5994791666666667 0.35833333333333334 0.020833333333333332 0.05694444444444444
1 0.56875 0.35138888888888886 0.020833333333333332 0.06111111111111111
1 0.5427083333333333 0.34791666666666665 0.01875 0.05555555555555555
1 0.515625 0.3597222222222222 0.0171875 0.05694444444444444
1 0.5916666666666667 0.28541666666666665 0.019270833333333334 0.050694444444444445
1 0.5651041666666666 0.2875 0.01875 0.052083333333333336
1 0.5369791666666667 0.26666666666666666 0.019791666666666666 0.06111111111111111
1 0.5072916666666667 0.23333333333333334 0.017708333333333333 0.050694444444444445
1 0.5833333333333334 0.21944444444444444 0.01875 0.04791666666666667
1 0.5583333333333333 0.21597222222222223 0.019270833333333334 0.04791666666666667
1 0.5744791666666667 0.14791666666666667 0.016666666666666666 0.041666666666666664
1 0.5526041666666667 0.15625 0.0171875 0.04583333333333333
1 0.5473958333333333 0.10069444444444445 0.0171875 0.03958333333333333
1 0.5255208333333333 0.10694444444444444 0.015625 0.044444444444444446
1 0.5333333333333333 0.21666666666666667 0.0171875 0.04722222222222222
3 0.5302083333333333 0.16944444444444445 0.016666666666666666 0.04722222222222222
3 0.5541666666666667 0.5215277777777778 0.022395833333333334 0.08402777777777778
2 0.596875 0.61875 0.03229166666666667 0.13055555555555556
0 0.49166666666666664 0.4652777777777778 0.03802083333333333 0.17916666666666667