3 0.3765625 0.9277777777777778 0.0359375 0.10694444444444444
2 0.4479166666666667 0.8722222222222222 0.044270833333333336 0.15208333333333332
1 0.5125 0.8673611111111111 0.0421875 0.11527777777777778
1 0.5052083333333334 0.7305555555555555 0.03854166666666667 0.10069444444444445
1 0.4390625 0.7298611111111111 0.034375 0.09236111111111112
2 0.3765625 0.7722222222222223 0.03333333333333333 0.11319444444444444
1 0.38333333333333336 0.6368055555555555 0.0328125 0.0798611111111111
1 0.49270833333333336 0.6055555555555555 0.03125 0.07708333333333334
3 0.43020833333333336 0.5847222222222223 0.0265625 0.07430555555555556
1 0.4276041666666667 0.46597222222222223 0.0265625 0.06666666666666667
1 0.47239583333333335 0.3819444444444444 0.024479166666666666 0.05347222222222222
1 0.4088541666666667 0.35833333333333334 0.025 0.05347222222222222
1 0.4666666666666667 0.32916666666666666 0.022395833333333334 0.04652777777777778
1 0.45989583333333334 0.28125 0.019270833333333334 0.04097222222222222
1 0.4546875 0.2263888888888889 0.019270833333333334 0.04027777777777778
3 0.2760416666666667 0.5430555555555555 0.03229166666666667 0.07430555555555556
1 0.30104166666666665 0.3402777777777778 0.0265625 0.04861111111111111
1 0.4401041666666667 0.04791666666666667 0.015104166666666667 0.02638888888888889
1 0.4791666666666667 0.07013888888888889 0.013541666666666667 0.01875
3 0.4901041666666667 0.0375 0.0140625 0.022222222222222223
2 0.46510416666666665 0.022222222222222223 0.0171875 0.034027777777777775
3 0.04583333333333333 0.9166666666666666 0.08020833333333334 0.08888888888888889
1 0.09635416666666667 0.7916666666666666 0.07552083333333333 0.049305555555555554
1 0.11822916666666666 0.7444444444444445 0.0734375 0.04791666666666667
1 0.13697916666666668 0.7048611111111112 0.06354166666666666 0.04375
1 0.1484375 0.6715277777777777 0.0609375 0.04027777777777778
1 0.16979166666666667 0.6319444444444444 0.050520833333333334 0.04097222222222222
1 0.053125 0.6354166666666666 0.0390625 0.07708333333333334
1 0.09270833333333334 0.5930555555555556 0.04739583333333333 0.08125
2 0.8265625 0.5784722222222223 0.06875 0.06180555555555556
1 0.7208333333333333 0.4166666666666667 0.04010416666666667 0.050694444444444445
1 0.6515625 0.36875 0.03229166666666667 0.044444444444444446
2 0.66875 0.34652777777777777 0.034895833333333334 0.05347222222222222
1 0.5947916666666667 0.3236111111111111 0.03125 0.04375
1 0.6458333333333334 0.30277777777777776 0.022395833333333334 0.03819444444444445
3 0.6244791666666667 0.27291666666666664 0.019791666666666666 0.03680555555555556
2 0.6302083333333334 0.2298611111111111 0.025520833333333333 0.03611111111111111
2 0.6552083333333333 0.2298611111111111 0.024479166666666666 0.03888888888888889
3 0.5880208333333333 0.15902777777777777 0.027083333333333334 0.02847222222222222
2 0.6125 0.1486111111111111 0.040625 0.02847222222222222
2 0.5895833333333333 0.11458333333333333 0.022395833333333334 0.029861111111111113
2 0.521875 0.19166666666666668 0.034895833333333334 0.10208333333333333
3 0.5734375 0.10833333333333334 0.016666666666666666 0.025694444444444443
2 0.5895833333333333 0.08125 0.022395833333333334 0.03333333333333333
2 0.5546875 0.06041666666666667 0.025 0.043055555555555555
1 0.5223958333333333 0.07291666666666667 0.0171875 0.025694444444444443
1 0.5348958333333333 0.006944444444444444 0.013541666666666667 0.013888888888888888
1 0.746875 0.15 0.029166666666666667 0.022222222222222223