1 0.31197916666666664 0.9326388888888889 0.16302083333333334 0.11527777777777778
1 0.28489583333333335 0.8395833333333333 0.15260416666666668 0.125
1 0.29739583333333336 0.7208333333333333 0.1421875 0.1125
1 0.2234375 0.08194444444444444 0.115625 0.06458333333333334
1 0.20885416666666667 0.034027777777777775 0.11666666666666667 0.06736111111111111
1 0.5708333333333333 0.4673611111111111 0.12760416666666666 0.09930555555555555
1 0.5572916666666666 0.3784722222222222 0.1234375 0.09652777777777778
1 0.5333333333333333 0.3013888888888889 0.11875 0.08888888888888889
3 0.4901041666666667 0.12986111111111112 0.1 0.08958333333333333
1 0.48802083333333335 0.06944444444444445 0.10833333333333334 0.07777777777777778
3 0.4609375 0.027083333333333334 0.11979166666666667 0.05416666666666667
1 0.6661458333333333 0.7083333333333334 0.1421875 0.10555555555555556