1 0.6072916666666667 0.18055555555555555 0.041666666666666664 0.059722222222222225
1 0.5291666666666667 0.04652777777777778 0.019791666666666666 0.03819444444444445
3 0.5682291666666667 0.04583333333333333 0.029166666666666667 0.04791666666666667
3 0.5572916666666666 0.017361111111111112 0.0265625 0.03125
0 0.8078125 0.08472222222222223 0.04010416666666667 0.10277777777777777
1 0.7927083333333333 0.20902777777777778 0.030729166666666665 0.06180555555555556
1 0.8442708333333333 0.25625 0.041666666666666664 0.07013888888888889
3 0.7838541666666666 0.3645833333333333 0.04479166666666667 0.11319444444444444
1 0.8973958333333333 0.21458333333333332 0.034895833333333334 0.07152777777777777
1 0.9630208333333333 0.26319444444444445 0.04739583333333333 0.07916666666666666
1 0.9494791666666667 0.2 0.0390625 0.05555555555555555
3 0.9494791666666667 0.14652777777777778 0.0390625 0.04791666666666667
1 0.8958333333333334 0.14166666666666666 0.034895833333333334 0.058333333333333334
1 0.9276041666666667 0.12430555555555556 0.025520833333333333 0.04861111111111111
1 0.9395833333333333 0.08680555555555555 0.03333333333333333 0.043055555555555555
1 0.8875 0.08333333333333333 0.025 0.043055555555555555
1 0.8526041666666667 0.08888888888888889 0.027604166666666666 0.050694444444444445
1 0.8520833333333333 0.04722222222222222 0.025520833333333333 0.03888888888888889
1 0.8526041666666667 0.01597222222222222 0.024479166666666666 0.030555555555555555
1 0.8854166666666666 0.052083333333333336 0.030729166666666665 0.03819444444444445
1 0.8833333333333333 0.027083333333333334 0.025520833333333333 0.029861111111111113
1 0.8880208333333334 0.009027777777777777 0.022916666666666665 0.018055555555555554
1 0.9208333333333333 0.015277777777777777 0.030729166666666665 0.022916666666666665
1 0.921875 0.035416666666666666 0.03333333333333333 0.03819444444444445
1 0.9255208333333333 0.059722222222222225 0.03229166666666667 0.030555555555555555
3 0.85 0.5416666666666666 0.0671875 0.15694444444444444
1 0.9645833333333333 0.5868055555555556 0.07083333333333333 0.14097222222222222