1 0.3802083333333333 0.39652777777777776 0.0265625 0.035416666666666666
1 0.5088541666666667 0.3159722222222222 0.036458333333333336 0.02013888888888889
1 0.5052083333333334 0.3277777777777778 0.0359375 0.01875
1 0.5015625 0.34375 0.0359375 0.01875
1 0.596875 0.2881944444444444 0.015104166666666667 0.022222222222222223
1 0.6046875 0.2652777777777778 0.015104166666666667 0.018055555555555554
2 0.5770833333333333 0.25625 0.015625 0.03263888888888889
2 0.5869791666666667 0.21805555555555556 0.019270833333333334 0.04027777777777778
1 0.6151041666666667 0.22291666666666668 0.0140625 0.020833333333333332
1 0.36041666666666666 0.08888888888888889 0.017708333333333333 0.009722222222222222
1 0.3255208333333333 0.09166666666666666 0.013541666666666667 0.0125
2 0.37083333333333335 0.041666666666666664 0.027083333333333334 0.0125
2 0.9578125 0.37430555555555556 0.04583333333333333 0.0763888888888889
1 0.7177083333333333 0.005555555555555556 0.007291666666666667 0.007638888888888889
1 0.715625 0.06875 0.007291666666666667 0.015277777777777777