1 0.5026041666666666 0.18472222222222223 0.0020833333333333333 0.003472222222222222
1 0.5026041666666666 0.19583333333333333 0.0026041666666666665 0.002777777777777778
2 0.5083333333333333 0.19236111111111112 0.0036458333333333334 0.009722222222222222
2 0.5109375 0.2 0.004166666666666667 0.009722222222222222
1 0.5072916666666667 0.1986111111111111 0.0036458333333333334 0.004861111111111111
0 0.5234375 0.19166666666666668 0.004166666666666667 0.007638888888888889
1 0.3296875 0.8145833333333333 0.0265625 0.050694444444444445
2 0.3703125 0.5263888888888889 0.04479166666666667 0.09513888888888888
1 0.5973958333333333 0.5548611111111111 0.027083333333333334 0.01597222222222222
1 0.6255208333333333 0.6388888888888888 0.020833333333333332 0.027777777777777776
1 0.6427083333333333 0.63125 0.0234375 0.02847222222222222
1 0.6880208333333333 0.5201388888888889 0.022395833333333334 0.01597222222222222
1 0.6984375 0.5298611111111111 0.019791666666666666 0.013194444444444444
1 0.68125 0.5125 0.022395833333333334 0.013194444444444444
1 0.6744791666666666 0.5041666666666667 0.022916666666666665 0.014583333333333334
1 0.6651041666666667 0.4965277777777778 0.019270833333333334 0.0125
1 0.6723958333333333 0.4791666666666667 0.017708333333333333 0.015277777777777777
1 0.6020833333333333 0.5145833333333333 0.019791666666666666 0.01597222222222222
1 0.6026041666666667 0.5048611111111111 0.017708333333333333 0.011111111111111112
1 0.5994791666666667 0.4965277777777778 0.017708333333333333 0.010416666666666666
3 0.6552083333333333 0.6208333333333333 0.022395833333333334 0.030555555555555555
1 0.8166666666666667 0.8777777777777778 0.036458333333333336 0.03680555555555556
1 0.8552083333333333 0.8534722222222222 0.03854166666666667 0.035416666666666666
3 0.7255208333333333 0.8951388888888889 0.04010416666666667 0.04027777777777778
2 0.6765625 0.4513888888888889 0.027083333333333334 0.02847222222222222