1 0.5979166666666667 0.8763888888888889 0.1609375 0.24722222222222223
3 0.396875 0.4875 0.08541666666666667 0.11319444444444444
1 0.47760416666666666 0.4354166666666667 0.04010416666666667 0.06111111111111111
3 0.1265625 0.3909722222222222 0.08229166666666667 0.022222222222222223
1 0.21041666666666667 0.3875 0.03697916666666667 0.019444444444444445
1 0.2953125 0.275 0.01875 0.024305555555555556
1 0.26875 0.2611111111111111 0.01875 0.016666666666666666
3 0.30833333333333335 0.22708333333333333 0.0125 0.018055555555555554
1 0.30104166666666665 0.23402777777777778 0.016666666666666666 0.02013888888888889
1 0.2916666666666667 0.24444444444444444 0.017708333333333333 0.01597222222222222
3 0.2796875 0.25277777777777777 0.0203125 0.020833333333333332
3 0.3255208333333333 0.25277777777777777 0.016145833333333335 0.0125
3 0.3416666666666667 0.24305555555555555 0.016666666666666666 0.020833333333333332
3 0.321875 0.3055555555555556 0.03854166666666667 0.034027777777777775
1 0.3880208333333333 0.35833333333333334 0.034895833333333334 0.04652777777777778
1 0.4640625 0.36180555555555555 0.03333333333333333 0.05694444444444444
1 0.4239583333333333 0.3416666666666667 0.04739583333333333 0.03263888888888889
3 0.43802083333333336 0.30833333333333335 0.019791666666666666 0.034722222222222224
3 0.6890625 0.35347222222222224 0.05416666666666667 0.049305555555555554
3 0.7973958333333333 0.34791666666666665 0.05416666666666667 0.04513888888888889
3 0.7864583333333334 0.325 0.046875 0.034027777777777775
3 0.8114583333333333 0.3388888888888889 0.043229166666666666 0.04513888888888889
3 0.8104166666666667 0.29930555555555555 0.0453125 0.034027777777777775
3 0.7286458333333333 0.29097222222222224 0.023958333333333335 0.03263888888888889
2 0.6015625 0.35347222222222224 0.059895833333333336 0.04236111111111111
1 0.3140625 0.22430555555555556 0.013541666666666667 0.014583333333333334
1 0.321875 0.21805555555555556 0.0125 0.015277777777777777
1 0.32760416666666664 0.21388888888888888 0.0109375 0.010416666666666666
3 0.33697916666666666 0.20347222222222222 0.0109375 0.015277777777777777