1 0.14166666666666666 0.8138888888888889 0.06770833333333333 0.15347222222222223
0 0.1796875 0.9486111111111111 0.07083333333333333 0.10277777777777777
1 0.11458333333333333 0.008333333333333333 0.035416666666666666 0.016666666666666666
1 0.016666666666666666 0.36875 0.03333333333333333 0.08125
1 0.2125 0.008333333333333333 0.022395833333333334 0.01597222222222222
1 0.11510416666666666 0.027777777777777776 0.03802083333333333 0.020833333333333332
1 0.07916666666666666 0.1909722222222222 0.0421875 0.05625
1 0.030208333333333334 0.30277777777777776 0.04635416666666667 0.06875
1 0.19635416666666666 0.4236111111111111 0.034375 0.06458333333333334
0 0.18385416666666668 0.6493055555555556 0.08802083333333334 0.16666666666666666
1 0.22447916666666667 0.0763888888888889 0.027604166666666666 0.03333333333333333
1 0.2125 0.025694444444444443 0.022395833333333334 0.022916666666666665
2 0.12447916666666667 0.07361111111111111 0.027083333333333334 0.03263888888888889
1 0.09791666666666667 0.1375 0.0328125 0.04861111111111111
1 0.059375 0.23680555555555555 0.034375 0.05625
0 0.4947916666666667 0.017361111111111112 0.0140625 0.025
0 0.5567708333333333 0.9729166666666667 0.011979166666666667 0.04652777777777778
0 0.5427083333333333 0.9340277777777778 0.015104166666666667 0.049305555555555554