1 0.4505208333333333 0.009722222222222222 0.036458333333333336 0.019444444444444445
1 0.4984375 0.011111111111111112 0.03697916666666667 0.022222222222222223
3 0.36822916666666666 0.17083333333333334 0.049479166666666664 0.03333333333333333
1 0.45625 0.8743055555555556 0.07083333333333333 0.05138888888888889
1 0.453125 0.7680555555555556 0.075 0.04652777777777778
1 0.4427083333333333 0.7222222222222222 0.05416666666666667 0.044444444444444446
1 0.46458333333333335 0.6159722222222223 0.05625 0.04027777777777778
1 0.47552083333333334 0.5763888888888888 0.0671875 0.035416666666666666
3 0.4484375 0.53125 0.058333333333333334 0.03333333333333333
3 0.42239583333333336 0.4756944444444444 0.027083333333333334 0.07916666666666666
3 0.36770833333333336 0.43472222222222223 0.0265625 0.058333333333333334
1 0.47239583333333335 0.47847222222222224 0.06197916666666667 0.03333333333333333
1 0.48125 0.4236111111111111 0.05416666666666667 0.043055555555555555
3 0.48333333333333334 0.38263888888888886 0.0609375 0.04027777777777778
1 0.47291666666666665 0.35208333333333336 0.05416666666666667 0.03819444444444445
1 0.4765625 0.31666666666666665 0.05625 0.03680555555555556
1 0.4744791666666667 0.2902777777777778 0.05572916666666667 0.03333333333333333
1 0.4666666666666667 0.23402777777777778 0.05 0.030555555555555555
3 0.46510416666666665 0.25625 0.0421875 0.034027777777777775
1 0.46197916666666666 0.2076388888888889 0.04583333333333333 0.03263888888888889
1 0.47239583333333335 0.12777777777777777 0.04479166666666667 0.02847222222222222
3 0.4734375 0.17777777777777778 0.03802083333333333 0.030555555555555555
3 0.4765625 0.1597222222222222 0.03802083333333333 0.030555555555555555
1 0.4703125 0.0875 0.0421875 0.02638888888888889
1 0.4864583333333333 0.04861111111111111 0.04010416666666667 0.025
1 0.5369791666666667 0.04861111111111111 0.04375 0.02638888888888889
1 0.5859375 0.05347222222222222 0.036458333333333336 0.027777777777777776
1 0.6010416666666667 0.022222222222222223 0.03802083333333333 0.027777777777777776
1 0.6447916666666667 0.029861111111111113 0.03697916666666667 0.027777777777777776
1 0.6776041666666667 0.06736111111111111 0.03697916666666667 0.025
2 0.6958333333333333 0.02847222222222222 0.057291666666666664 0.04583333333333333
1 0.93125 0.2534722222222222 0.036458333333333336 0.04652777777777778
2 0.9677083333333333 0.027083333333333334 0.05520833333333333 0.035416666666666666
2 0.9796875 0.10972222222222222 0.040625 0.03611111111111111
2 0.9833333333333333 0.13541666666666666 0.0328125 0.03819444444444445
3 0.978125 0.09444444444444444 0.0421875 0.02847222222222222