1 0.39114583333333336 0.48541666666666666 0.016666666666666666 0.034027777777777775
1 0.3572916666666667 0.49236111111111114 0.017708333333333333 0.04027777777777778
3 0.5151041666666667 0.09930555555555555 0.008333333333333333 0.025694444444444443
1 0.525 0.05 0.0171875 0.016666666666666666
3 0.5869791666666667 0.013888888888888888 0.017708333333333333 0.02013888888888889
0 0.4083333333333333 0.07361111111111111 0.017708333333333333 0.06111111111111111
1 0.578125 0.3902777777777778 0.0265625 0.029166666666666667
1 0.5786458333333333 0.37430555555555556 0.028645833333333332 0.025694444444444443
3 0.5791666666666667 0.35208333333333336 0.027604166666666666 0.02638888888888889
1 0.5708333333333333 0.3326388888888889 0.024479166666666666 0.022916666666666665
3 0.5723958333333333 0.3145833333333333 0.030729166666666665 0.03333333333333333
1 0.6557291666666667 0.4409722222222222 0.034375 0.02638888888888889