1 0.9552083333333333 0.36041666666666666 0.08020833333333334 0.07361111111111111
1 0.6 0.4326388888888889 0.11875 0.07430555555555556
1 0.34322916666666664 0.19236111111111112 0.03229166666666667 0.03611111111111111
1 0.26927083333333335 0.8263888888888888 0.07708333333333334 0.15833333333333333
1 0.14583333333333334 0.7701388888888889 0.08854166666666667 0.1673611111111111
1 0.04479166666666667 0.8180555555555555 0.0859375 0.2
1 0.028125 0.5333333333333333 0.05625 0.11597222222222223
1 0.0609375 0.375 0.0609375 0.0798611111111111
1 0.2526041666666667 0.41180555555555554 0.05416666666666667 0.08263888888888889
1 0.1765625 0.30486111111111114 0.05625 0.05694444444444444
1 0.403125 0.3263888888888889 0.0765625 0.05625
1 0.4635416666666667 0.28402777777777777 0.05416666666666667 0.052083333333333336
1 0.3859375 0.2659722222222222 0.0421875 0.05625
0 0.2552083333333333 0.24305555555555555 0.058333333333333334 0.13402777777777777
1 0.3723958333333333 0.00625 0.027604166666666666 0.0125
1 0.16979166666666667 0.1111111111111111 0.022916666666666665 0.029861111111111113
1 0.12760416666666666 0.15486111111111112 0.027083333333333334 0.03333333333333333
1 0.0984375 0.14722222222222223 0.029166666666666667 0.03888888888888889
1 0.06822916666666666 0.14097222222222222 0.030729166666666665 0.03263888888888889
1 0.08177083333333333 0.11388888888888889 0.0265625 0.027777777777777776
1 0.0875 0.09583333333333334 0.0265625 0.027777777777777776
1 0.10260416666666666 0.07152777777777777 0.022395833333333334 0.025
2 0.12864583333333332 0.0625 0.019791666666666666 0.027777777777777776
1 0.018229166666666668 0.19652777777777777 0.036458333333333336 0.03333333333333333
1 0.1859375 0.019444444444444445 0.01875 0.025694444444444443
1 0.14322916666666666 0.03125 0.016666666666666666 0.020833333333333332
1 0.15625 0.01597222222222222 0.016666666666666666 0.022916666666666665
1 0.14010416666666667 0.010416666666666666 0.016666666666666666 0.020833333333333332
0 0.11770833333333333 0.022222222222222223 0.0328125 0.04375