1 0.4953125 0.6 0.011979166666666667 0.009722222222222222
1 0.4947916666666667 0.5930555555555556 0.011979166666666667 0.007638888888888889
1 0.49375 0.5881944444444445 0.011458333333333333 0.008333333333333333
1 0.4921875 0.5798611111111112 0.013020833333333334 0.009722222222222222
1 0.49166666666666664 0.575 0.011979166666666667 0.008333333333333333
1 0.48802083333333335 0.5701388888888889 0.011458333333333333 0.008333333333333333
1 0.4864583333333333 0.5659722222222222 0.013020833333333334 0.007638888888888889
1 0.4859375 0.5583333333333333 0.013541666666666667 0.006944444444444444
1 0.484375 0.5534722222222223 0.009895833333333333 0.010416666666666666
1 0.4744791666666667 0.5138888888888888 0.011458333333333333 0.008333333333333333
1 0.4744791666666667 0.5083333333333333 0.008333333333333333 0.004861111111111111
1 0.4713541666666667 0.5034722222222222 0.011458333333333333 0.005555555555555556
1 0.471875 0.4986111111111111 0.009375 0.006944444444444444
1 0.46979166666666666 0.49444444444444446 0.008333333333333333 0.006944444444444444
1 0.46875 0.49027777777777776 0.011458333333333333 0.006944444444444444
1 0.465625 0.48541666666666666 0.009895833333333333 0.006944444444444444
1 0.4666666666666667 0.48125 0.0078125 0.005555555555555556
1 0.4578125 0.48680555555555555 0.005729166666666666 0.008333333333333333
2 0.5088541666666667 0.5104166666666666 0.0109375 0.02638888888888889
2 0.496875 0.4722222222222222 0.011979166666666667 0.03125
2 0.7130208333333333 0.5055555555555555 0.0265625 0.015277777777777777
2 0.6859375 0.48541666666666666 0.021354166666666667 0.03125
2 0.7869791666666667 0.5819444444444445 0.030208333333333334 0.02847222222222222
2 0.6083333333333333 0.5840277777777778 0.0140625 0.011111111111111112
2 0.4947916666666667 0.4215277777777778 0.005208333333333333 0.0125
2 0.5307291666666667 0.3159722222222222 0.005729166666666666 0.008333333333333333
2 0.5244791666666667 0.25416666666666665 0.004166666666666667 0.009722222222222222
2 0.5348958333333333 0.27152777777777776 0.008333333333333333 0.007638888888888889
2 0.5276041666666667 0.24375 0.004166666666666667 0.007638888888888889
2 0.5307291666666667 0.2298611111111111 0.004166666666666667 0.006944444444444444
1 0.50625 0.48125 0.00625 0.010416666666666666
1 0.4828125 0.3888888888888889 0.004166666666666667 0.010416666666666666
1 0.6338541666666667 0.5881944444444445 0.0078125 0.0125
1 0.640625 0.5888888888888889 0.008333333333333333 0.011111111111111112
1 0.6463541666666667 0.5868055555555556 0.008333333333333333 0.011111111111111112
1 0.6546875 0.5854166666666667 0.0078125 0.013194444444444444
1 0.6609375 0.5847222222222223 0.0078125 0.013194444444444444
1 0.66875 0.5840277777777778 0.009375 0.013194444444444444
1 0.6744791666666666 0.5826388888888889 0.009375 0.013194444444444444
1 0.68125 0.5826388888888889 0.00625 0.010416666666666666
1 0.6447916666666667 0.48680555555555555 0.00625 0.008333333333333333
1 0.634375 0.45208333333333334 0.005729166666666666 0.008333333333333333
1 0.65625 0.48541666666666666 0.007291666666666667 0.009722222222222222
1 0.5255208333333333 0.23680555555555555 0.0020833333333333333 0.003472222222222222