1 0.08489583333333334 0.13055555555555556 0.007291666666666667 0.018055555555555554
1 0.08854166666666667 0.10902777777777778 0.007291666666666667 0.02013888888888889
1 0.28072916666666664 0.1361111111111111 0.008333333333333333 0.015277777777777777
0 0.2994791666666667 0.08402777777777778 0.011979166666666667 0.027777777777777776
1 0.18854166666666666 0.42291666666666666 0.022916666666666665 0.018055555555555554
3 0.16302083333333334 0.4597222222222222 0.019270833333333334 0.02638888888888889
3 0.0234375 0.4395833333333333 0.025520833333333333 0.016666666666666666
2 0.0265625 0.41944444444444445 0.03125 0.024305555555555556
1 0.025520833333333333 0.45416666666666666 0.0265625 0.015277777777777777
1 0.103125 0.46111111111111114 0.020833333333333332 0.01875
1 0.11510416666666666 0.4409722222222222 0.024479166666666666 0.01875
0 0.09166666666666666 0.41875 0.034375 0.022916666666666665
0 0.15885416666666666 0.5194444444444445 0.019270833333333334 0.052083333333333336
0 0.09166666666666666 0.6291666666666667 0.044270833333333336 0.09652777777777778
3 0.09010416666666667 0.5847222222222223 0.020833333333333332 0.035416666666666666
3 0.06197916666666667 0.6111111111111112 0.025520833333333333 0.044444444444444446
1 0.07239583333333334 0.7027777777777777 0.021354166666666667 0.03819444444444445
1 0.04114583333333333 0.6722222222222223 0.022395833333333334 0.03958333333333333
1 0.025520833333333333 0.7118055555555556 0.020833333333333332 0.027777777777777776
1 0.04010416666666667 0.8013888888888889 0.024479166666666666 0.044444444444444446
1 0.05625 0.7465277777777778 0.019791666666666666 0.03680555555555556
2 0.027604166666666666 0.6506944444444445 0.05520833333333333 0.12569444444444444
2 0.029166666666666667 0.75625 0.05625 0.1625
2 0.296875 0.275 0.017708333333333333 0.044444444444444446
2 0.25677083333333334 0.35 0.020833333333333332 0.04791666666666667
0 0.2734375 0.3090277777777778 0.0171875 0.03680555555555556
1 0.27447916666666666 0.34930555555555554 0.013541666666666667 0.022916666666666665
1 0.3463541666666667 0.5006944444444444 0.022916666666666665 0.01875
3 0.3255208333333333 0.5354166666666667 0.028645833333333332 0.025694444444444443
1 0.4609375 0.5666666666666667 0.022395833333333334 0.016666666666666666
1 0.4671875 0.5479166666666667 0.021354166666666667 0.022916666666666665
1 0.5401041666666667 0.47638888888888886 0.0234375 0.024305555555555556
1 0.5604166666666667 0.58125 0.027604166666666666 0.027777777777777776
2 0.6244791666666667 0.4888888888888889 0.05416666666666667 0.04791666666666667
2 0.6322916666666667 0.5659722222222222 0.04010416666666667 0.03333333333333333
1 0.7911458333333333 0.6159722222222223 0.030729166666666665 0.021527777777777778
2 0.7177083333333333 0.4409722222222222 0.0328125 0.06736111111111111
1 0.8151041666666666 0.4388888888888889 0.015104166666666667 0.027777777777777776
3 0.8447916666666667 0.6069444444444444 0.019270833333333334 0.044444444444444446
3 0.7260416666666667 0.12916666666666668 0.00625 0.02013888888888889
1 0.6802083333333333 0.16180555555555556 0.013541666666666667 0.011111111111111112
1 0.6822916666666666 0.15555555555555556 0.008333333333333333 0.00625
1 0.6802083333333333 0.15069444444444444 0.015625 0.0125
1 0.6807291666666667 0.14305555555555555 0.011458333333333333 0.009027777777777777
1 0.68125 0.13819444444444445 0.0109375 0.007638888888888889
1 0.6817708333333333 0.13333333333333333 0.011979166666666667 0.007638888888888889
1 0.6817708333333333 0.12361111111111112 0.013541666666666667 0.009027777777777777
1 0.6833333333333333 0.11736111111111111 0.011979166666666667 0.009027777777777777
1 0.6833333333333333 0.11180555555555556 0.013020833333333334 0.007638888888888889
1 0.6838541666666667 0.10486111111111111 0.0109375 0.009027777777777777
1 0.6848958333333334 0.09791666666666667 0.0109375 0.007638888888888889
1 0.6817708333333333 0.07430555555555556 0.011979166666666667 0.009027777777777777
1 0.6828125 0.06805555555555555 0.011458333333333333 0.009027777777777777
1 0.6828125 0.06388888888888888 0.013020833333333334 0.009027777777777777
1 0.7057291666666666 0.08541666666666667 0.005729166666666666 0.013888888888888888
2 0.78125 0.28194444444444444 0.01875 0.058333333333333334
0 0.8286458333333333 0.09722222222222222 0.013020833333333334 0.05486111111111111
3 0.8916666666666667 0.8 0.0265625 0.05694444444444444