1 0.278125 0.13402777777777777 0.022395833333333334 0.01597222222222222
1 0.3651041666666667 0.10277777777777777 0.0265625 0.01875
1 0.3375 0.12361111111111112 0.0265625 0.018055555555555554
1 0.44427083333333334 0.09930555555555555 0.034375 0.018055555555555554
1 0.6015625 0.014583333333333334 0.013541666666666667 0.029166666666666667
1 0.6203125 0.034027777777777775 0.013541666666666667 0.03611111111111111
1 0.6703125 0.06458333333333334 0.013541666666666667 0.03333333333333333
1 0.690625 0.06319444444444444 0.0171875 0.03819444444444445
1 0.709375 0.05416666666666667 0.015625 0.03819444444444445
3 0.7239583333333334 0.049305555555555554 0.016666666666666666 0.04097222222222222
1 0.7572916666666667 0.04236111111111111 0.011979166666666667 0.03680555555555556
1 0.76875 0.029861111111111113 0.015104166666666667 0.034027777777777775
2 0.6786458333333333 0.15625 0.0359375 0.02847222222222222
1 0.7026041666666667 0.14791666666666667 0.015104166666666667 0.035416666666666666
1 0.7177083333333333 0.14305555555555555 0.016666666666666666 0.03680555555555556
1 0.73125 0.14097222222222222 0.011458333333333333 0.02847222222222222
1 0.8229166666666666 0.034027777777777775 0.022916666666666665 0.02013888888888889
1 0.8427083333333333 0.04027777777777778 0.020833333333333332 0.030555555555555555
1 0.8619791666666666 0.04513888888888889 0.025520833333333333 0.02361111111111111
1 0.7552083333333334 0.12013888888888889 0.027604166666666666 0.01875
2 0.7625 0.13472222222222222 0.034895833333333334 0.029861111111111113
1 0.8677083333333333 0.10138888888888889 0.025520833333333333 0.025694444444444443
1 0.875 0.11736111111111111 0.027083333333333334 0.022916666666666665
1 0.8859375 0.1527777777777778 0.027604166666666666 0.02361111111111111
1 0.8057291666666667 0.2013888888888889 0.013020833333333334 0.035416666666666666
1 0.8723958333333334 0.40208333333333335 0.027083333333333334 0.015277777777777777
1 0.9223958333333333 0.4340277777777778 0.022916666666666665 0.022222222222222223
1 0.8302083333333333 0.38819444444444445 0.0140625 0.035416666666666666
2 0.8244791666666667 0.33541666666666664 0.021354166666666667 0.03888888888888889
3 0.8359375 0.43680555555555556 0.013020833333333334 0.03125
2 0.8505208333333333 0.5451388888888888 0.025520833333333333 0.050694444444444445
2 0.8989583333333333 0.5486111111111112 0.027604166666666666 0.020833333333333332
2 0.90625 0.5888888888888889 0.030729166666666665 0.018055555555555554
3 0.9072916666666667 0.6097222222222223 0.025 0.01875
3 0.9166666666666666 0.6305555555555555 0.028645833333333332 0.022916666666666665
1 0.9177083333333333 0.6513888888888889 0.029166666666666667 0.017361111111111112
1 0.9192708333333334 0.6722222222222223 0.028645833333333332 0.02013888888888889
1 0.8635416666666667 0.6902777777777778 0.0171875 0.035416666666666666
1 0.8572916666666667 0.2659722222222222 0.01875 0.035416666666666666
1 0.8625 0.23125 0.027604166666666666 0.02361111111111111
1 0.8083333333333333 0.2423611111111111 0.0140625 0.03125
1 0.9359375 0.7451388888888889 0.020833333333333332 0.02013888888888889
1 0.9385416666666667 0.7666666666666667 0.025520833333333333 0.01875
1 0.9442708333333333 0.8034722222222223 0.03125 0.022916666666666665
1 0.9484375 0.8229166666666666 0.029166666666666667 0.020833333333333332
1 0.9484375 0.8444444444444444 0.028645833333333332 0.01875
1 0.9541666666666667 0.8631944444444445 0.03229166666666667 0.01875
1 0.7098958333333333 0.9513888888888888 0.015104166666666667 0.04027777777777778
1 0.6739583333333333 0.95625 0.016666666666666666 0.04375
1 0.7348958333333333 0.8513888888888889 0.028645833333333332 0.030555555555555555
1 0.721875 0.8104166666666667 0.013541666666666667 0.03611111111111111
2 0.6994791666666667 0.8263888888888888 0.01875 0.050694444444444445
1 0.6932291666666667 0.7583333333333333 0.013541666666666667 0.04097222222222222
3 0.6723958333333333 0.5284722222222222 0.013020833333333334 0.03263888888888889
3 0.6734375 0.4583333333333333 0.015625 0.044444444444444446
1 0.6416666666666667 0.3701388888888889 0.011458333333333333 0.02847222222222222
3 0.63125 0.28888888888888886 0.011979166666666667 0.03819444444444445
1 0.6453125 0.25416666666666665 0.013541666666666667 0.03611111111111111
1 0.6614583333333334 0.21597222222222223 0.0140625 0.03680555555555556