1 0.215625 0.19027777777777777 0.0026041666666666665 0.007638888888888889
3 0.21666666666666667 0.23055555555555557 0.004166666666666667 0.009027777777777777
2 0.18333333333333332 0.24930555555555556 0.016666666666666666 0.013888888888888888
0 0.16979166666666667 0.26319444444444445 0.030208333333333334 0.01875
1 0.21458333333333332 0.2534722222222222 0.0036458333333333334 0.007638888888888889
1 0.2203125 0.2534722222222222 0.0036458333333333334 0.007638888888888889
1 0.24583333333333332 0.2423611111111111 0.008333333333333333 0.007638888888888889
3 0.2625 0.2423611111111111 0.009375 0.007638888888888889
0 0.24010416666666667 0.24930555555555556 0.015104166666666667 0.013888888888888888
1 0.22916666666666666 0.26180555555555557 0.005729166666666666 0.009027777777777777
1 0.228125 0.275 0.0036458333333333334 0.009027777777777777
3 0.2203125 0.26944444444444443 0.0036458333333333334 0.009027777777777777
3 0.2203125 0.2833333333333333 0.005208333333333333 0.007638888888888889
3 0.23020833333333332 0.2902777777777778 0.004166666666666667 0.00625
1 0.22291666666666668 0.2965277777777778 0.004166666666666667 0.009027777777777777
1 0.23072916666666668 0.3034722222222222 0.004166666666666667 0.007638888888888889
1 0.24270833333333333 0.3159722222222222 0.005729166666666666 0.010416666666666666
3 0.21822916666666667 0.3104166666666667 0.005208333333333333 0.011111111111111112
3 0.23177083333333334 0.3125 0.0036458333333333334 0.009027777777777777
3 0.23229166666666667 0.3229166666666667 0.0026041666666666665 0.009027777777777777
1 0.23333333333333334 0.3326388888888889 0.005729166666666666 0.010416666666666666
0 0.24375 0.33125 0.005729166666666666 0.02013888888888889
0 0.253125 0.3402777777777778 0.009375 0.03333333333333333
0 0.21458333333333332 0.33958333333333335 0.0109375 0.03194444444444444
0 0.22552083333333334 0.34652777777777777 0.005729166666666666 0.02013888888888889
3 0.21875 0.36041666666666666 0.005208333333333333 0.010416666666666666
0 0.2604166666666667 0.38819444444444445 0.009375 0.035416666666666666
1 0.246875 0.36944444444444446 0.005208333333333333 0.0125
3 0.2515625 0.40694444444444444 0.005729166666666666 0.013888888888888888
0 0.22239583333333332 0.39444444444444443 0.016666666666666666 0.022916666666666665
3 0.19635416666666666 0.4152777777777778 0.013020833333333334 0.013888888888888888
0 0.21510416666666668 0.44722222222222224 0.00625 0.021527777777777778
1 0.2234375 0.4395833333333333 0.005729166666666666 0.011111111111111112
1 0.22447916666666667 0.4513888888888889 0.005729166666666666 0.011111111111111112
3 0.22447916666666667 0.46041666666666664 0.00625 0.015277777777777777
3 0.22447916666666667 0.4756944444444444 0.005729166666666666 0.015277777777777777
1 0.24375 0.4423611111111111 0.00625 0.011111111111111112
1 0.2359375 0.44513888888888886 0.005729166666666666 0.011111111111111112
1 0.23802083333333332 0.4548611111111111 0.005729166666666666 0.011111111111111112
0 0.2453125 0.45416666666666666 0.0078125 0.022916666666666665
0 0.25 0.4708333333333333 0.008333333333333333 0.022916666666666665
3 0.26145833333333335 0.47152777777777777 0.007291666666666667 0.01875
1 0.28229166666666666 0.47708333333333336 0.0078125 0.0125
1 0.29791666666666666 0.5104166666666666 0.009895833333333333 0.015277777777777777
3 0.31666666666666665 0.5347222222222222 0.009375 0.021527777777777778
1 0.24166666666666667 0.48333333333333334 0.005729166666666666 0.0125
1 0.24427083333333333 0.4951388888888889 0.005729166666666666 0.0125
1 0.253125 0.49375 0.00625 0.0125
1 0.24635416666666668 0.5118055555555555 0.007291666666666667 0.013888888888888888
1 0.2520833333333333 0.53125 0.007291666666666667 0.013888888888888888
1 0.25677083333333334 0.5520833333333334 0.0078125 0.015277777777777777
1 0.26875 0.5541666666666667 0.008333333333333333 0.013888888888888888
3 0.265625 0.5791666666666667 0.009895833333333333 0.01875
0 0.2864583333333333 0.5625 0.013020833333333334 0.03194444444444444
0 0.3046875 0.6076388888888888 0.015104166666666667 0.030555555555555555
0 0.21666666666666667 0.625 0.0140625 0.05486111111111111
1 0.1265625 0.5104166666666666 0.017708333333333333 0.015277777777777777
1 0.12916666666666668 0.5201388888888889 0.016666666666666666 0.0125
1 0.13020833333333334 0.5256944444444445 0.015104166666666667 0.015277777777777777
3 0.13177083333333334 0.5493055555555556 0.017708333333333333 0.02013888888888889
1 0.2734375 0.6041666666666666 0.009895833333333333 0.015277777777777777
1 0.2859375 0.6333333333333333 0.011458333333333333 0.018055555555555554
1 0.2947916666666667 0.6618055555555555 0.011458333333333333 0.01875
3 0.30833333333333335 0.6493055555555556 0.011458333333333333 0.021527777777777778
3 0.31979166666666664 0.7034722222222223 0.013020833333333334 0.021527777777777778
1 0.36666666666666664 0.725 0.015104166666666667 0.024305555555555556
1 0.36302083333333335 0.7805555555555556 0.015104166666666667 0.022916666666666665
1 0.41302083333333334 0.6583333333333333 0.0140625 0.018055555555555554
1 0.41041666666666665 0.7215277777777778 0.0078125 0.02638888888888889
1 0.403125 0.8493055555555555 0.016666666666666666 0.025694444444444443
0 0.43697916666666664 0.8270833333333333 0.040625 0.08402777777777778
1 0.51875 0.9770833333333333 0.020833333333333332 0.035416666666666666
1 0.2390625 0.9743055555555555 0.0234375 0.029166666666666667
0 0.16979166666666667 0.8680555555555556 0.011979166666666667 0.043055555555555555
0 0.203125 0.8326388888888889 0.017708333333333333 0.05555555555555555
0 0.21614583333333334 0.8333333333333334 0.011979166666666667 0.049305555555555554
0 0.2109375 0.7326388888888888 0.017708333333333333 0.0625
0 0.2234375 0.7208333333333333 0.011458333333333333 0.043055555555555555
0 0.25833333333333336 0.70625 0.04583333333333333 0.03680555555555556
0 0.2598958333333333 0.7194444444444444 0.036458333333333336 0.030555555555555555
0 0.2526041666666667 0.7326388888888888 0.04791666666666667 0.034027777777777775
0 0.2552083333333333 0.7493055555555556 0.04479166666666667 0.03958333333333333
0 0.2598958333333333 0.7638888888888888 0.04479166666666667 0.03819444444444445
0 0.25833333333333336 0.7763888888888889 0.04739583333333333 0.030555555555555555
0 0.2682291666666667 0.7972222222222223 0.027604166666666666 0.025694444444444443
0 0.26197916666666665 0.8076388888888889 0.034375 0.029166666666666667
0 0.259375 0.8229166666666666 0.0515625 0.03194444444444444
0 0.25833333333333336 0.8395833333333333 0.050520833333333334 0.03194444444444444
0 0.26197916666666665 0.8597222222222223 0.04479166666666667 0.034027777777777775
1 0.6088541666666667 0.7006944444444444 0.019270833333333334 0.015277777777777777
3 0.6791666666666667 0.6868055555555556 0.0171875 0.0125
1 0.7458333333333333 0.6652777777777777 0.017708333333333333 0.013888888888888888
0 0.7390625 0.7451388888888889 0.0484375 0.04791666666666667
3 0.8333333333333334 0.6506944444444445 0.017708333333333333 0.016666666666666666
1 0.8317708333333333 0.6631944444444444 0.016666666666666666 0.011111111111111112
1 0.978125 0.63125 0.016666666666666666 0.013888888888888888
0 0.9885416666666667 0.6409722222222223 0.022916666666666665 0.022916666666666665
1 0.9552083333333333 0.6458333333333334 0.016666666666666666 0.0125
0 0.90625 0.6965277777777777 0.052083333333333336 0.04027777777777778
3 0.9755208333333333 0.7472222222222222 0.019791666666666666 0.02013888888888889
3 0.9260416666666667 0.7534722222222222 0.019270833333333334 0.016666666666666666
0 0.9572916666666667 0.8027777777777778 0.03229166666666667 0.034027777777777775
1 0.9005208333333333 0.7972222222222223 0.022916666666666665 0.018055555555555554
3 0.8927083333333333 0.8347222222222223 0.022916666666666665 0.025694444444444443
1 0.7395833333333334 0.9277777777777778 0.020833333333333332 0.02013888888888889