1 0.4484375 0.8993055555555556 0.06302083333333333 0.1125
1 0.5119791666666667 0.6569444444444444 0.03802083333333333 0.06319444444444444
1 0.5447916666666667 0.5333333333333333 0.025 0.03680555555555556
1 0.634375 0.4888888888888889 0.0203125 0.025
3 0.7958333333333333 0.41875 0.03125 0.01875
3 0.6265625 0.29444444444444445 0.008854166666666666 0.014583333333333334
1 0.6223958333333334 0.3034722222222222 0.009895833333333333 0.010416666666666666
2 0.6182291666666667 0.3111111111111111 0.011458333333333333 0.014583333333333334
2 0.6140625 0.325 0.013541666666666667 0.018055555555555554
2 0.609375 0.33819444444444446 0.009375 0.01597222222222222
3 0.6182291666666667 0.34305555555555556 0.007291666666666667 0.017361111111111112
1 0.6098958333333333 0.35 0.0109375 0.009027777777777777
1 0.5984375 0.35694444444444445 0.0125 0.02361111111111111
2 0.6015625 0.37777777777777777 0.01875 0.035416666666666666
1 0.5880208333333333 0.3770833333333333 0.0067708333333333336 0.014583333333333334
2 0.5833333333333334 0.3861111111111111 0.011979166666666667 0.025
1 0.609375 0.39375 0.009895833333333333 0.013194444444444444
1 0.6125 0.40625 0.0125 0.0125
1 0.6390625 0.3125 0.0067708333333333336 0.011111111111111112
1 0.6270833333333333 0.3125 0.0067708333333333336 0.009027777777777777
1 0.6625 0.32430555555555557 0.014583333333333334 0.008333333333333333
1 0.6791666666666667 0.325 0.011979166666666667 0.011111111111111112
0 0.65 0.30416666666666664 0.0067708333333333336 0.013888888888888888
1 0.64375 0.3 0.0067708333333333336 0.007638888888888889
0 0.6385416666666667 0.2833333333333333 0.009375 0.009722222222222222
1 0.6338541666666667 0.2763888888888889 0.00625 0.005555555555555556
1 0.68125 0.30069444444444443 0.013020833333333334 0.004861111111111111
1 0.05416666666666667 0.6090277777777777 0.058333333333333334 0.03194444444444444
1 0.153125 0.5625 0.03177083333333333 0.029861111111111113
1 0.0375 0.7625 0.06354166666666666 0.058333333333333334
1 0.06979166666666667 0.7395833333333334 0.06302083333333333 0.050694444444444445
1 0.10677083333333333 0.7194444444444444 0.07916666666666666 0.05694444444444444
1 0.1328125 0.6951388888888889 0.06875 0.05555555555555555
1 0.190625 0.6430555555555556 0.06197916666666667 0.03333333333333333
1 0.0265625 0.6680555555555555 0.05 0.059027777777777776
1 0.23802083333333332 0.5923611111111111 0.058854166666666666 0.03680555555555556
1 0.25729166666666664 0.5770833333333333 0.0484375 0.029861111111111113
1 0.290625 0.55625 0.03802083333333333 0.02847222222222222
1 0.30520833333333336 0.5409722222222222 0.043229166666666666 0.027777777777777776
1 0.3338541666666667 0.5138888888888888 0.041666666666666664 0.020833333333333332
1 0.32395833333333335 0.5243055555555556 0.03802083333333333 0.02361111111111111
1 0.34791666666666665 0.4986111111111111 0.0421875 0.02361111111111111
1 0.3609375 0.48819444444444443 0.0390625 0.02013888888888889
1 0.36822916666666666 0.4826388888888889 0.035416666666666666 0.019444444444444445
1 0.3776041666666667 0.46944444444444444 0.03125 0.025