1 0.5880208333333333 0.8159722222222222 0.05572916666666667 0.13541666666666666
1 0.503125 0.5173611111111112 0.04635416666666667 0.13402777777777777
1 0.3776041666666667 0.4513888888888889 0.04635416666666667 0.12361111111111112
1 0.4515625 0.46458333333333335 0.041666666666666664 0.11805555555555555
1 0.45729166666666665 0.28194444444444444 0.041666666666666664 0.12222222222222222
1 0.5244791666666667 0.33125 0.044270833333333336 0.12986111111111112
1 0.5859375 0.28888888888888886 0.04010416666666667 0.13541666666666666
1 0.5338541666666666 0.12986111111111112 0.040625 0.11458333333333333
3 0.47760416666666666 0.12222222222222222 0.036458333333333336 0.11875
1 0.6802083333333333 0.9638888888888889 0.07083333333333333 0.07222222222222222
1 0.5572916666666666 0.5729166666666666 0.03802083333333333 0.14166666666666666