1 0.5213541666666667 0.5256944444444445 0.10885416666666667 0.10486111111111111
3 0.603125 0.8659722222222223 0.08072916666666667 0.2534722222222222
2 0.6864583333333333 0.6833333333333333 0.19739583333333333 0.24513888888888888
3 0.6583333333333333 0.5520833333333334 0.10260416666666666 0.075
1 0.8036458333333333 0.5215277777777778 0.13385416666666666 0.08055555555555556
3 0.7609375 0.38125 0.10104166666666667 0.07430555555555556
1 0.5911458333333334 0.41180555555555554 0.1015625 0.0625
1 0.45677083333333335 0.37430555555555556 0.07135416666666666 0.0798611111111111
1 0.25104166666666666 0.5194444444444445 0.058854166666666666 0.12777777777777777
1 0.27447916666666666 0.38472222222222224 0.04479166666666667 0.09166666666666666
1 0.2838541666666667 0.26875 0.03854166666666667 0.07708333333333334
3 0.29375 0.16319444444444445 0.03697916666666667 0.06319444444444444
1 0.9583333333333334 0.5159722222222223 0.0828125 0.075
1 0.9677083333333333 0.3416666666666667 0.06458333333333334 0.06944444444444445
1 0.9598958333333333 0.19166666666666668 0.06927083333333334 0.04513888888888889
1 0.7104166666666667 0.21736111111111112 0.0734375 0.04097222222222222
1 0.6505208333333333 0.24930555555555556 0.08125 0.05416666666666667
3 0.6411458333333333 0.32569444444444445 0.07708333333333334 0.06458333333333334
3 0.6192708333333333 0.2 0.071875 0.06736111111111111
1 0.4942708333333333 0.12430555555555556 0.0328125 0.058333333333333334
1 0.5713541666666667 0.059722222222222225 0.058333333333333334 0.035416666666666666
1 0.9552083333333333 0.12777777777777777 0.06875 0.04236111111111111
1 0.921875 0.08680555555555555 0.06041666666666667 0.04027777777777778
1 0.8984375 0.06458333333333334 0.06302083333333333 0.0375