3 0.42916666666666664 0.03125 0.027083333333333334 0.0625
3 0.4166666666666667 0.10625 0.027604166666666666 0.07361111111111111
3 0.4109375 0.17847222222222223 0.027083333333333334 0.07152777777777777
3 0.5322916666666667 0.07222222222222222 0.0234375 0.08263888888888889
3 0.39010416666666664 0.31805555555555554 0.04114583333333333 0.10833333333333334
1 0.5135416666666667 0.2534722222222222 0.027604166666666666 0.09166666666666666
3 0.37395833333333334 0.4305555555555556 0.035416666666666666 0.10208333333333333
2 0.48541666666666666 0.8076388888888889 0.1140625 0.15208333333333332
2 0.4203125 0.9486111111111111 0.05677083333333333 0.09930555555555555
1 0.303125 0.9055555555555556 0.05416666666666667 0.16111111111111112
3 0.328125 0.7465277777777778 0.040625 0.11041666666666666
1 0.3489583333333333 0.6083333333333333 0.04375 0.12638888888888888