1 0.4005208333333333 0.8763888888888889 0.03333333333333333 0.06597222222222222
1 0.37916666666666665 0.7194444444444444 0.033854166666666664 0.06805555555555555
1 0.3802083333333333 0.6402777777777777 0.0421875 0.04097222222222222
1 0.4703125 0.56875 0.026041666666666668 0.05
1 0.5114583333333333 0.45902777777777776 0.0234375 0.04791666666666667
1 0.5354166666666667 0.3840277777777778 0.019270833333333334 0.04097222222222222
3 0.56875 0.2847222222222222 0.015104166666666667 0.03333333333333333
1 0.5046875 0.2701388888888889 0.0265625 0.02013888888888889
1 0.5135416666666667 0.2604166666666667 0.025520833333333333 0.021527777777777778
1 0.5291666666666667 0.21944444444444444 0.026041666666666668 0.022916666666666665
3 0.54375 0.18333333333333332 0.0203125 0.022222222222222223
1 0.5489583333333333 0.17916666666666667 0.016666666666666666 0.019444444444444445
3 0.6041666666666666 0.13541666666666666 0.022916666666666665 0.02013888888888889
1 0.553125 0.1486111111111111 0.021354166666666667 0.017361111111111112
1 0.5333333333333333 0.14375 0.016145833333333335 0.01875
3 0.5026041666666666 0.1375 0.0234375 0.02013888888888889
1 0.4583333333333333 0.10833333333333334 0.01875 0.01597222222222222
1 0.0859375 0.21875 0.025 0.022916666666666665
1 0.16927083333333334 0.15486111111111112 0.019791666666666666 0.02013888888888889
3 0.18645833333333334 0.1388888888888889 0.018229166666666668 0.025694444444444443
3 0.2046875 0.12638888888888888 0.017708333333333333 0.024305555555555556
2 0.21927083333333333 0.1111111111111111 0.022916666666666665 0.03333333333333333
1 0.18020833333333333 0.03333333333333333 0.014583333333333334 0.013194444444444444
1 0.19166666666666668 0.014583333333333334 0.015625 0.011805555555555555
1 0.17552083333333332 0.011805555555555555 0.010416666666666666 0.013194444444444444
1 0.19166666666666668 0.007638888888888889 0.013541666666666667 0.013888888888888888
1 0.2171875 0.011805555555555555 0.0109375 0.011805555555555555
1 0.22239583333333332 0.014583333333333334 0.0109375 0.011111111111111112
1 0.41354166666666664 0.0798611111111111 0.016666666666666666 0.014583333333333334
1 0.359375 0.010416666666666666 0.011979166666666667 0.016666666666666666
1 0.3692708333333333 0.004861111111111111 0.011458333333333333 0.009722222222222222
3 0.38125 0.035416666666666666 0.0109375 0.014583333333333334
3 0.38697916666666665 0.02847222222222222 0.014583333333333334 0.017361111111111112
1 0.6869791666666667 0.021527777777777778 0.009375 0.011805555555555555
1 0.6885416666666667 0.011805555555555555 0.008333333333333333 0.011805555555555555