1 0.15052083333333333 0.44166666666666665 0.019270833333333334 0.022916666666666665
1 0.12447916666666667 0.4111111111111111 0.022395833333333334 0.02013888888888889
1 0.5677083333333334 0.8694444444444445 0.015625 0.058333333333333334
1 0.5697916666666667 0.7138888888888889 0.013541666666666667 0.03958333333333333
1 0.49947916666666664 0.5701388888888889 0.011979166666666667 0.02638888888888889
1 0.5734375 0.5576388888888889 0.011458333333333333 0.03194444444444444
1 0.5447916666666667 0.4173611111111111 0.009375 0.022916666666666665
1 0.5348958333333333 0.34375 0.0078125 0.015277777777777777
1 0.5359375 0.2652777777777778 0.009375 0.018055555555555554
3 0.5421875 0.21875 0.007291666666666667 0.01875
1 0.5947916666666667 0.17916666666666667 0.007291666666666667 0.015277777777777777
1 0.5510416666666667 0.12152777777777778 0.00625 0.013888888888888888
1 0.5604166666666667 0.11458333333333333 0.00625 0.011111111111111112
1 0.55625 0.08402777777777778 0.005729166666666666 0.0125
3 0.5973958333333333 0.0763888888888889 0.005729166666666666 0.018055555555555554
3 0.5963541666666666 0.05625 0.005729166666666666 0.013888888888888888
0 0.5927083333333333 0.022222222222222223 0.0078125 0.021527777777777778
0 0.5901041666666667 0.008333333333333333 0.005729166666666666 0.016666666666666666