1 0.35833333333333334 0.5236111111111111 0.06614583333333333 0.03680555555555556
3 0.4484375 0.5236111111111111 0.057291666666666664 0.03888888888888889
1 0.6588541666666666 0.5347222222222222 0.06302083333333333 0.03888888888888889
1 0.8229166666666666 0.5375 0.05677083333333333 0.03680555555555556
1 0.8744791666666667 0.4048611111111111 0.084375 0.04097222222222222
1 0.66875 0.43194444444444446 0.0828125 0.035416666666666666
1 0.5739583333333333 0.175 0.05260416666666667 0.03194444444444444
1 0.6619791666666667 0.175 0.05 0.027083333333333334
1 0.6645833333333333 0.1111111111111111 0.022916666666666665 0.050694444444444445
1 0.7807291666666667 0.11180555555555556 0.04895833333333333 0.02847222222222222
1 0.7807291666666667 0.08819444444444445 0.05 0.02638888888888889
1 0.008854166666666666 0.14652777777777778 0.017708333333333333 0.02638888888888889