1 0.1046875 0.2326388888888889 0.027604166666666666 0.01875
1 0.1765625 0.25625 0.029166666666666667 0.02013888888888889
0 0.3203125 0.23958333333333334 0.075 0.058333333333333334
0 0.3880208333333333 0.24375 0.0265625 0.043055555555555555
0 0.5697916666666667 0.11736111111111111 0.030208333333333334 0.03958333333333333
0 0.6072916666666667 0.10277777777777777 0.0359375 0.03819444444444445
3 0.4395833333333333 0.15138888888888888 0.015104166666666667 0.016666666666666666
1 0.5984375 0.15902777777777777 0.013541666666666667 0.013888888888888888
1 0.6541666666666667 0.10208333333333333 0.0109375 0.011111111111111112
1 0.6703125 0.0875 0.009375 0.010416666666666666
1 0.678125 0.07916666666666666 0.009375 0.011111111111111112
3 0.6890625 0.07847222222222222 0.007291666666666667 0.010416666666666666
1 0.6645833333333333 0.10208333333333333 0.0109375 0.013888888888888888
0 0.7661458333333333 0.008333333333333333 0.013541666666666667 0.016666666666666666
1 0.7994791666666666 0.00625 0.00625 0.007638888888888889
3 0.7380208333333333 0.08333333333333333 0.009375 0.013888888888888888
1 0.715625 0.09722222222222222 0.008333333333333333 0.013888888888888888
3 0.6859375 0.10694444444444444 0.009895833333333333 0.013888888888888888
1 0.6666666666666666 0.13125 0.0109375 0.011111111111111112
1 0.6807291666666667 0.1361111111111111 0.011458333333333333 0.015277777777777777
0 0.6432291666666666 0.14583333333333334 0.016666666666666666 0.025694444444444443
0 0.8 0.03263888888888889 0.011458333333333333 0.02638888888888889
0 0.8015625 0.10833333333333334 0.011458333333333333 0.03680555555555556
0 0.9692708333333333 0.09305555555555556 0.024479166666666666 0.03958333333333333
0 0.7953125 0.13472222222222222 0.020833333333333332 0.04583333333333333
1 0.9963541666666667 0.14305555555555555 0.007291666666666667 0.018055555555555554
0 0.7916666666666666 0.28680555555555554 0.050520833333333334 0.04027777777777778
0 0.6375 0.2826388888888889 0.08645833333333333 0.06736111111111111
3 0.6276041666666666 0.17083333333333334 0.013020833333333334 0.016666666666666666
1 0.6052083333333333 0.2 0.013020833333333334 0.013888888888888888
1 0.5739583333333333 0.2465277777777778 0.015104166666666667 0.016666666666666666
1 0.5927083333333333 0.26875 0.027083333333333334 0.02013888888888889
1 0.4557291666666667 0.24375 0.0171875 0.015277777777777777
1 0.4786458333333333 0.2777777777777778 0.03125 0.02013888888888889
3 0.4796875 0.25763888888888886 0.027604166666666666 0.02013888888888889
1 0.69375 0.4111111111111111 0.011458333333333333 0.027777777777777776
1 0.6041666666666666 0.37777777777777777 0.015625 0.034027777777777775
1 0.5734375 0.375 0.0140625 0.03680555555555556
3 0.5375 0.4125 0.016666666666666666 0.03819444444444445
2 0.48541666666666666 0.3888888888888889 0.025 0.052083333333333336
3 0.34739583333333335 0.38333333333333336 0.019791666666666666 0.027777777777777776
3 0.46979166666666666 0.44166666666666665 0.017708333333333333 0.03333333333333333
1 0.3953125 0.475 0.019270833333333334 0.03194444444444444
1 0.5213541666666667 0.5173611111111112 0.01875 0.041666666666666664
1 0.5791666666666667 0.5708333333333333 0.0171875 0.04583333333333333
1 0.6583333333333333 0.6930555555555555 0.019270833333333334 0.05555555555555555
3 0.7375 0.7777777777777778 0.022395833333333334 0.0763888888888889
3 0.6140625 0.7347222222222223 0.021354166666666667 0.07083333333333333
1 0.5432291666666667 0.7006944444444444 0.020833333333333332 0.06111111111111111
3 0.4791666666666667 0.5506944444444445 0.019270833333333334 0.043055555555555555
1 0.3885416666666667 0.8972222222222223 0.025520833333333333 0.08402777777777778
1 0.8895833333333333 0.9513888888888888 0.029166666666666667 0.08472222222222223
2 0.9494791666666667 0.9527777777777777 0.04375 0.09166666666666666