1 0.134375 0.5638888888888889 0.024479166666666666 0.04722222222222222
1 0.5979166666666667 0.6041666666666666 0.0171875 0.043055555555555555
0 0.5505208333333333 0.3715277777777778 0.019270833333333334 0.08611111111111111
1 0.6817708333333333 0.44027777777777777 0.016666666666666666 0.03819444444444445
1 0.5572916666666666 0.275 0.009895833333333333 0.021527777777777778
1 0.5359375 0.0625 0.008333333333333333 0.013888888888888888
1 0.515625 0.03125 0.007291666666666667 0.011111111111111112
2 0.48125 0.011111111111111112 0.021354166666666667 0.021527777777777778
1 0.9348958333333334 0.7652777777777777 0.0328125 0.04791666666666667
2 0.8036458333333333 0.7875 0.04583333333333333 0.11805555555555555
2 0.7776041666666667 0.6833333333333333 0.025 0.06458333333333334
3 0.35833333333333334 0.24930555555555556 0.013541666666666667 0.021527777777777778