1 0.9723958333333333 0.9368055555555556 0.052083333333333336 0.12638888888888888
1 0.5161458333333333 0.7208333333333333 0.16510416666666666 0.09513888888888888
1 0.08177083333333333 0.6506944444444445 0.15520833333333334 0.09236111111111112
1 0.0578125 0.22777777777777777 0.0359375 0.05555555555555555
1 0.1046875 0.22013888888888888 0.0390625 0.043055555555555555
1 0.07760416666666667 0.2611111111111111 0.06770833333333333 0.034027777777777775
1 0.28072916666666664 0.23402777777777778 0.06979166666666667 0.03680555555555556
1 0.26927083333333335 0.17222222222222222 0.0359375 0.03333333333333333
1 0.30416666666666664 0.1673611111111111 0.027604166666666666 0.030555555555555555
1 0.3609375 0.1486111111111111 0.022395833333333334 0.03263888888888889
1 0.4244791666666667 0.025694444444444443 0.0328125 0.030555555555555555
1 0.3229166666666667 0.20347222222222222 0.057291666666666664 0.025
1 0.3776041666666667 0.1326388888888889 0.027083333333333334 0.02013888888888889
1 0.3890625 0.12430555555555556 0.04739583333333333 0.022222222222222223
1 0.3890625 0.11458333333333333 0.04791666666666667 0.017361111111111112
1 0.3984375 0.10208333333333333 0.030729166666666665 0.01875
1 0.46979166666666666 0.13958333333333334 0.024479166666666666 0.04097222222222222
1 0.4666666666666667 0.11041666666666666 0.017708333333333333 0.01875
1 0.4609375 0.09444444444444444 0.01875 0.025694444444444443
1 0.4552083333333333 0.07222222222222222 0.0171875 0.017361111111111112
1 0.45 0.05486111111111111 0.0140625 0.025694444444444443
1 0.5348958333333333 0.10069444444444445 0.019791666666666666 0.02361111111111111
1 0.5223958333333333 0.08680555555555555 0.015104166666666667 0.02361111111111111
1 0.7479166666666667 0.12083333333333333 0.025520833333333333 0.03263888888888889
1 0.734375 0.1597222222222222 0.028645833333333332 0.03333333333333333
1 0.6229166666666667 0.18680555555555556 0.0640625 0.03611111111111111
1 0.6755208333333333 0.2048611111111111 0.04791666666666667 0.03263888888888889
1 0.6197916666666666 0.2513888888888889 0.08489583333333334 0.03263888888888889
1 0.5114583333333333 0.29930555555555555 0.09010416666666667 0.04097222222222222
1 0.6447916666666667 0.3034722222222222 0.09427083333333333 0.04652777777777778
1 0.7973958333333333 0.3277777777777778 0.11927083333333334 0.044444444444444446
1 0.9333333333333333 0.2076388888888889 0.0890625 0.03819444444444445
1 0.9916666666666667 0.059722222222222225 0.015625 0.027777777777777776
1 0.9859375 0.14166666666666666 0.0265625 0.043055555555555555
3 0.6901041666666666 0.7243055555555555 0.13333333333333333 0.12083333333333333
3 0.5046875 0.9284722222222223 0.11770833333333333 0.14305555555555555
3 0.019791666666666666 0.2326388888888889 0.03854166666666667 0.05694444444444444
3 0.16197916666666667 0.24930555555555556 0.0671875 0.04375
3 0.3307291666666667 0.15138888888888888 0.0484375 0.034027777777777775
3 0.6973958333333333 0.10277777777777777 0.03333333333333333 0.04027777777777778
0 0.6442708333333333 0.09027777777777778 0.0640625 0.07222222222222222
1 0.3416666666666667 0.26319444444444445 0.06875 0.043055555555555555