1 0.3385416666666667 0.8659722222222223 0.06875 0.13819444444444445
3 0.5661458333333333 0.8347222222222223 0.07239583333333334 0.11041666666666666
1 0.3958333333333333 0.5930555555555556 0.043229166666666666 0.06458333333333334
1 0.3625 0.5166666666666667 0.025 0.043055555555555555
1 0.484375 0.5395833333333333 0.03958333333333333 0.04375
1 0.3875 0.4152777777777778 0.021354166666666667 0.03680555555555556
1 0.37604166666666666 0.3638888888888889 0.013020833333333334 0.020833333333333332
2 0.05 0.8569444444444444 0.09739583333333333 0.12638888888888888
1 0.48020833333333335 0.30416666666666664 0.021354166666666667 0.011805555555555555
2 0.4119791666666667 0.3215277777777778 0.013541666666666667 0.018055555555555554
2 0.39114583333333336 0.3125 0.022395833333333334 0.01597222222222222
1 0.4276041666666667 0.30694444444444446 0.017708333333333333 0.010416666666666666
1 0.43854166666666666 0.30069444444444443 0.017708333333333333 0.011805555555555555
2 0.36666666666666664 0.2881944444444444 0.009375 0.018055555555555554
1 0.3921875 0.2986111111111111 0.008333333333333333 0.009027777777777777
1 0.403125 0.2965277777777778 0.011979166666666667 0.0125
1 0.3854166666666667 0.2923611111111111 0.008333333333333333 0.009722222222222222
2 0.3776041666666667 0.28680555555555554 0.013020833333333334 0.01875
1 0.403125 0.2833333333333333 0.008854166666666666 0.007638888888888889
1 0.3770833333333333 0.27708333333333335 0.022916666666666665 0.006944444444444444
3 0.39739583333333334 0.25416666666666665 0.0078125 0.011805555555555555
1 0.4119791666666667 0.2590277777777778 0.0125 0.007638888888888889
1 0.4010416666666667 0.2611111111111111 0.0067708333333333336 0.004861111111111111
2 0.3776041666666667 0.23472222222222222 0.00625 0.011111111111111112
1 0.39114583333333336 0.24513888888888888 0.0046875 0.006944444444444444
1 0.38125 0.24861111111111112 0.00625 0.006944444444444444
1 0.38177083333333334 0.2708333333333333 0.00625 0.008333333333333333
1 0.3796875 0.27291666666666664 0.005208333333333333 0.009027777777777777
1 0.425 0.25972222222222224 0.009375 0.007638888888888889
3 0.05677083333333333 0.5111111111111111 0.058854166666666666 0.025694444444444443
1 0.09114583333333333 0.48194444444444445 0.04479166666666667 0.025
1 0.10885416666666667 0.46805555555555556 0.049479166666666664 0.02361111111111111
1 0.11614583333333334 0.4548611111111111 0.0359375 0.01875
1 0.1296875 0.4423611111111111 0.040625 0.013888888888888888
1 0.07239583333333334 0.425 0.0296875 0.025694444444444443
1 0.090625 0.4 0.027083333333333334 0.025694444444444443
1 0.08125 0.38680555555555557 0.036458333333333336 0.016666666666666666
1 0.12239583333333333 0.37083333333333335 0.028645833333333332 0.017361111111111112
1 0.19375 0.3229166666666667 0.01875 0.016666666666666666
1 0.23802083333333332 0.3368055555555556 0.040625 0.03125