0 0.36354166666666665 0.9152777777777777 0.024479166666666666 0.11319444444444444
1 0.37916666666666665 0.775 0.011979166666666667 0.03680555555555556
1 0.3932291666666667 0.6444444444444445 0.0109375 0.03333333333333333
3 0.4046875 0.5541666666666667 0.011979166666666667 0.03194444444444444
3 0.47604166666666664 0.31666666666666665 0.016666666666666666 0.029166666666666667
2 0.4973958333333333 0.9229166666666667 0.022395833333333334 0.07847222222222222
0 0.5145833333333333 0.8145833333333333 0.025 0.10902777777777778
1 0.5130208333333334 0.9604166666666667 0.0140625 0.04027777777777778
1 0.5234375 0.8854166666666666 0.015104166666666667 0.049305555555555554
1 0.5322916666666667 0.7833333333333333 0.013020833333333334 0.044444444444444446
0 0.5338541666666666 0.7256944444444444 0.017708333333333333 0.06111111111111111
3 0.5453125 0.6763888888888889 0.0109375 0.03819444444444445
1 0.5390625 0.6479166666666667 0.0109375 0.029166666666666667
1 0.54375 0.6125 0.011979166666666667 0.034027777777777775
1 0.546875 0.5701388888888889 0.0109375 0.029166666666666667
1 0.5791666666666667 0.5951388888888889 0.009895833333333333 0.03819444444444445
1 0.6171875 0.5180555555555556 0.011458333333333333 0.034027777777777775
1 0.5578125 0.5597222222222222 0.009895833333333333 0.027777777777777776
1 0.5484375 0.5361111111111111 0.011458333333333333 0.03194444444444444
3 0.5515625 0.5013888888888889 0.009895833333333333 0.030555555555555555
1 0.5619791666666667 0.5111111111111111 0.008333333333333333 0.024305555555555556
2 0.5640625 0.46805555555555556 0.013020833333333334 0.05347222222222222
1 0.5645833333333333 0.4215277777777778 0.009375 0.025694444444444443
1 0.6072916666666667 0.42569444444444443 0.009895833333333333 0.02638888888888889
1 0.5989583333333334 0.3993055555555556 0.0109375 0.029166666666666667
2 0.5744791666666667 0.3861111111111111 0.011979166666666667 0.03680555555555556
0 0.5765625 0.3277777777777778 0.015104166666666667 0.0625
3 0.584375 0.28194444444444444 0.008333333333333333 0.02013888888888889
2 0.5885416666666666 0.23125 0.009895833333333333 0.030555555555555555
1 0.6166666666666667 0.21875 0.007291666666666667 0.024305555555555556
1 0.5942708333333333 0.16111111111111112 0.007291666666666667 0.018055555555555554
2 0.6302083333333334 0.11736111111111111 0.009895833333333333 0.052083333333333336
1 0.5953125 0.12291666666666666 0.00625 0.015277777777777777
3 0.5947916666666667 0.08958333333333333 0.00625 0.016666666666666666
1 0.5916666666666667 0.04722222222222222 0.005729166666666666 0.015277777777777777
1 0.6145833333333334 0.044444444444444446 0.00625 0.018055555555555554
1 0.6666666666666666 0.06527777777777778 0.0109375 0.013888888888888888
1 0.68125 0.058333333333333334 0.008333333333333333 0.0125
1 0.7078125 0.2902777777777778 0.0140625 0.01875
1 0.7375 0.27361111111111114 0.016666666666666666 0.016666666666666666