1 0.47291666666666665 0.8152777777777778 0.05416666666666667 0.03958333333333333
1 0.4234375 0.6493055555555556 0.019270833333333334 0.06458333333333334
1 0.40208333333333335 0.45 0.021354166666666667 0.06736111111111111
1 0.46510416666666665 0.6270833333333333 0.0484375 0.035416666666666666
1 0.46770833333333334 0.5479166666666667 0.04010416666666667 0.035416666666666666
1 0.46145833333333336 0.46944444444444444 0.042708333333333334 0.03333333333333333
1 0.46510416666666665 0.5055555555555555 0.04739583333333333 0.034027777777777775
1 0.46145833333333336 0.42986111111111114 0.041666666666666664 0.03194444444444444
1 0.4630208333333333 0.35208333333333336 0.04479166666666667 0.034027777777777775
1 0.4640625 0.39166666666666666 0.03854166666666667 0.034027777777777775
3 0.4640625 0.6729166666666667 0.05 0.03958333333333333
3 0.4666666666666667 0.7159722222222222 0.0484375 0.04027777777777778
3 0.46458333333333335 0.7652777777777777 0.050520833333333334 0.043055555555555555
1 0.3619791666666667 0.41180555555555554 0.017708333333333333 0.07013888888888889
3 0.3578125 0.4847222222222222 0.01875 0.07361111111111111
3 0.1046875 0.31875 0.040625 0.030555555555555555