3 0.39166666666666666 0.09305555555555556 0.034375 0.025694444444444443
1 0.39010416666666664 0.12013888888888889 0.03333333333333333 0.022916666666666665
3 0.38385416666666666 0.1875 0.034895833333333334 0.022916666666666665
1 0.4010416666666667 0.2798611111111111 0.030729166666666665 0.022916666666666665
1 0.490625 0.3125 0.030208333333333334 0.030555555555555555
1 0.49947916666666664 0.3326388888888889 0.0265625 0.02847222222222222
1 0.5098958333333333 0.35347222222222224 0.028645833333333332 0.02847222222222222
3 0.5432291666666667 0.4270833333333333 0.029166666666666667 0.03333333333333333
1 0.5723958333333333 0.48680555555555555 0.028645833333333332 0.03125
3 0.4578125 0.4354166666666667 0.027083333333333334 0.027777777777777776
1 0.47552083333333334 0.4791666666666667 0.030208333333333334 0.030555555555555555
1 0.6109375 0.5722222222222222 0.029166666666666667 0.03263888888888889
3 0.06666666666666667 0.5277777777777778 0.030208333333333334 0.025694444444444443
3 0.07760416666666667 0.5444444444444444 0.03333333333333333 0.03263888888888889
1 0.16666666666666666 0.525 0.034375 0.02847222222222222
3 0.18802083333333333 0.5631944444444444 0.028645833333333332 0.030555555555555555
3 0.12239583333333333 0.6402777777777777 0.03333333333333333 0.030555555555555555
1 0.10625 0.5993055555555555 0.036458333333333336 0.034027777777777775
1 0.1328125 0.6645833333333333 0.034375 0.034027777777777775
3 0.22604166666666667 0.6458333333333334 0.030729166666666665 0.03263888888888889
2 0.2359375 0.6673611111111111 0.03229166666666667 0.03125
1 0.15416666666666667 0.7027777777777777 0.03333333333333333 0.03263888888888889
1 0.16458333333333333 0.7236111111111111 0.03333333333333333 0.03333333333333333
3 0.07604166666666666 0.6791666666666667 0.034895833333333334 0.034027777777777775
1 0.1 0.71875 0.03125 0.030555555555555555
3 0.17916666666666667 0.7597222222222222 0.034375 0.03680555555555556
3 0.1890625 0.7805555555555556 0.030729166666666665 0.03333333333333333
3 0.19635416666666666 0.8013888888888889 0.04010416666666667 0.04097222222222222
1 0.22552083333333334 0.8631944444444445 0.034895833333333334 0.035416666666666666
2 0.24322916666666666 0.9097222222222222 0.049479166666666664 0.05347222222222222
1 0.384375 0.9875 0.030208333333333334 0.025
1 0.3729166666666667 0.9722222222222222 0.028645833333333332 0.03263888888888889
1 0.3572916666666667 0.9388888888888889 0.030729166666666665 0.034027777777777775
1 0.29010416666666666 0.78125 0.030208333333333334 0.029861111111111113
1 0.28072916666666664 0.7625 0.03125 0.029861111111111113
1 0.26979166666666665 0.7402777777777778 0.03125 0.034027777777777775
3 0.3072916666666667 0.81875 0.027083333333333334 0.02847222222222222
3 0.2989583333333333 0.8 0.0265625 0.02847222222222222
3 0.26197916666666665 0.71875 0.0265625 0.02847222222222222
3 0.2515625 0.7006944444444444 0.029166666666666667 0.03125
1 0.6432291666666666 0.8159722222222222 0.022395833333333334 0.027777777777777776
1 0.7052083333333333 0.8854166666666666 0.029166666666666667 0.018055555555555554
3 0.7072916666666667 0.6326388888888889 0.015625 0.04097222222222222
1 0.5479166666666667 0.6430555555555556 0.025520833333333333 0.029861111111111113
3 0.9885416666666667 0.034722222222222224 0.0171875 0.03888888888888889
1 0.9473958333333333 0.1388888888888889 0.019270833333333334 0.034027777777777775
1 0.9401041666666666 0.20972222222222223 0.027083333333333334 0.027777777777777776
3 0.9697916666666667 0.4173611111111111 0.015625 0.03819444444444445
1 0.965625 0.4965277777777778 0.0140625 0.034027777777777775
1 0.9645833333333333 0.5368055555555555 0.015104166666666667 0.04027777777777778
3 0.9875 0.5402777777777777 0.025 0.014583333333333334
3 0.9119791666666667 0.8534722222222222 0.0265625 0.03125
1 0.9114583333333334 0.8243055555555555 0.025520833333333333 0.03125
1 0.9151041666666667 0.7513888888888889 0.025 0.02847222222222222
1 0.95 0.7548611111111111 0.0140625 0.03888888888888889
3 0.5276041666666667 0.3951388888888889 0.0234375 0.025