1 0.5723958333333333 0.55 0.0026041666666666665 0.002777777777777778
1 0.5567708333333333 0.5548611111111111 0.0020833333333333333 0.002777777777777778
1 0.5583333333333333 0.5645833333333333 0.0026041666666666665 0.003472222222222222
1 0.5786458333333333 0.5555555555555556 0.0026041666666666665 0.002777777777777778
1 0.5958333333333333 0.5840277777777778 0.004166666666666667 0.004861111111111111
1 0.5880208333333333 0.5875 0.0036458333333333334 0.005555555555555556
1 0.584375 0.5951388888888889 0.004166666666666667 0.005555555555555556
1 0.5989583333333334 0.5708333333333333 0.0036458333333333334 0.002777777777777778
1 0.5234375 0.6326388888888889 0.007291666666666667 0.007638888888888889
1 0.5729166666666666 0.6798611111111111 0.008333333333333333 0.011111111111111112
1 0.5859375 0.6916666666666667 0.009895833333333333 0.0125
1 0.4125 0.8944444444444445 0.030729166666666665 0.04652777777777778
1 0.4348958333333333 0.9354166666666667 0.03125 0.05555555555555555
1 0.4817708333333333 0.9368055555555556 0.027604166666666666 0.05138888888888889
1 0.49583333333333335 0.8868055555555555 0.0234375 0.041666666666666664
1 0.46822916666666664 0.8805555555555555 0.0234375 0.03888888888888889
1 0.39739583333333334 0.8631944444444445 0.027604166666666666 0.03263888888888889
1 0.4234375 0.8270833333333333 0.022916666666666665 0.03333333333333333
1 0.4427083333333333 0.8354166666666667 0.022916666666666665 0.03333333333333333
2 0.48125 0.8090277777777778 0.0359375 0.07916666666666666
1 0.46197916666666666 0.7986111111111112 0.01875 0.027777777777777776
1 0.44427083333333334 0.7923611111111111 0.019791666666666666 0.02847222222222222
1 0.4578125 0.7701388888888889 0.0171875 0.022222222222222223
1 0.47552083333333334 0.7673611111111112 0.0140625 0.020833333333333332
2 0.5088541666666667 0.7569444444444444 0.03229166666666667 0.05694444444444444
2 0.4947916666666667 0.7236111111111111 0.0265625 0.05416666666666667