1 0.2625 0.7388888888888889 0.1109375 0.06180555555555556
1 0.26666666666666666 0.6847222222222222 0.09427083333333333 0.059027777777777776
1 0.27760416666666665 0.6375 0.09375 0.05625
1 0.28854166666666664 0.5520833333333334 0.06875 0.04652777777777778
1 0.2916666666666667 0.3368055555555556 0.0328125 0.06111111111111111
1 0.3265625 0.33125 0.030729166666666665 0.059027777777777776
1 0.3619791666666667 0.33194444444444443 0.029166666666666667 0.06180555555555556
1 0.24010416666666667 0.32916666666666666 0.034895833333333334 0.059722222222222225
1 0.2526041666666667 0.40694444444444444 0.057291666666666664 0.043055555555555555
1 0.340625 0.10694444444444444 0.04583333333333333 0.03819444444444445
3 0.29375 0.44722222222222224 0.034895833333333334 0.06388888888888888
3 0.346875 0.3861111111111111 0.07083333333333333 0.06388888888888888
1 0.43125 0.7166666666666667 0.042708333333333334 0.11875
1 0.45625 0.5965277777777778 0.041666666666666664 0.11805555555555555
1 0.4322916666666667 0.5131944444444444 0.03333333333333333 0.08402777777777778
1 0.44114583333333335 0.43472222222222223 0.03229166666666667 0.075
1 0.43854166666666666 0.36666666666666664 0.028645833333333332 0.06111111111111111
1 0.4401041666666667 0.30694444444444446 0.027604166666666666 0.059722222222222225
1 0.43802083333333336 0.25277777777777777 0.0234375 0.050694444444444445
1 0.44166666666666665 0.2125 0.020833333333333332 0.04791666666666667
3 0.43802083333333336 0.16875 0.027604166666666666 0.04583333333333333
3 0.42083333333333334 0.14305555555555555 0.028645833333333332 0.04097222222222222
1 0.39739583333333334 0.059722222222222225 0.0421875 0.02847222222222222
2 0.3614583333333333 0.04652777777777778 0.057291666666666664 0.03333333333333333
1 0.5359375 0.15833333333333333 0.024479166666666666 0.03611111111111111
1 0.56875 0.13541666666666666 0.041666666666666664 0.07222222222222222
1 0.65 0.06111111111111111 0.03854166666666667 0.02361111111111111
1 0.54375 0.2847222222222222 0.024479166666666666 0.05347222222222222
1 0.5526041666666667 0.34444444444444444 0.03229166666666667 0.05625
1 0.5630208333333333 0.4048611111111111 0.03229166666666667 0.06111111111111111
1 0.5765625 0.48333333333333334 0.0328125 0.06736111111111111
1 0.5859375 0.5673611111111111 0.0421875 0.0875
1 0.5984375 0.6673611111111111 0.04635416666666667 0.10208333333333333
1 0.6041666666666666 0.7888888888888889 0.04791666666666667 0.12638888888888888
1 0.6369791666666667 0.9493055555555555 0.06197916666666667 0.10069444444444445
1 0.7177083333333333 0.08055555555555556 0.034895833333333334 0.022222222222222223
1 0.8161458333333333 0.08680555555555555 0.040625 0.027777777777777776
3 0.840625 0.13680555555555557 0.05 0.035416666666666666
3 0.8541666666666666 0.15347222222222223 0.040625 0.025694444444444443
3 0.8567708333333334 0.16875 0.050520833333333334 0.025
3 0.9203125 0.011805555555555555 0.03333333333333333 0.02361111111111111
1 0.9677083333333333 0.14305555555555555 0.050520833333333334 0.030555555555555555
1 0.9776041666666667 0.15416666666666667 0.04479166666666667 0.02847222222222222
1 0.9765625 0.15347222222222223 0.04479166666666667 0.02847222222222222
1 0.21614583333333334 0.33194444444444443 0.0265625 0.052083333333333336