1 0.44947916666666665 0.8541666666666666 0.016666666666666666 0.04791666666666667
1 0.4244791666666667 0.8715277777777778 0.017708333333333333 0.0625
1 0.51875 0.8784722222222222 0.015104166666666667 0.059722222222222225
1 0.5401041666666667 0.775 0.017708333333333333 0.05486111111111111
1 0.45625 0.6361111111111111 0.0140625 0.044444444444444446
1 0.5015625 0.6472222222222223 0.015625 0.04583333333333333
1 0.4973958333333333 0.26180555555555557 0.0078125 0.021527777777777778
1 0.4984375 0.31180555555555556 0.009375 0.021527777777777778
1 0.45416666666666666 0.3145833333333333 0.0078125 0.018055555555555554
1 0.4390625 0.3138888888888889 0.008333333333333333 0.021527777777777778
1 0.4671875 0.2743055555555556 0.007291666666666667 0.018055555555555554
1 0.4557291666666667 0.2652777777777778 0.008333333333333333 0.018055555555555554
1 0.5098958333333333 0.23125 0.0078125 0.018055555555555554
1 0.5208333333333334 0.21388888888888888 0.007291666666666667 0.01875
1 0.4973958333333333 0.2111111111111111 0.00625 0.01875
1 0.5072916666666667 0.1736111111111111 0.007291666666666667 0.018055555555555554
1 0.4708333333333333 0.22013888888888888 0.005729166666666666 0.016666666666666666
1 0.459375 0.21597222222222223 0.005729166666666666 0.015277777777777777
1 0.4473958333333333 0.21388888888888888 0.00625 0.016666666666666666
1 0.5104166666666666 0.3416666666666667 0.009375 0.027777777777777776
1 0.4713541666666667 0.025694444444444443 0.004166666666666667 0.010416666666666666
1 0.471875 0.03958333333333333 0.005208333333333333 0.0125
1 0.46510416666666665 0.05 0.005208333333333333 0.009027777777777777
1 0.46979166666666666 0.06111111111111111 0.005208333333333333 0.010416666666666666
1 0.4666666666666667 0.10694444444444444 0.0036458333333333334 0.011111111111111112
1 0.4671875 0.09375 0.004166666666666667 0.0125
1 0.49270833333333336 0.07847222222222222 0.005729166666666666 0.015277777777777777
1 0.49375 0.10625 0.007291666666666667 0.013888888888888888
1 0.49947916666666664 0.027083333333333334 0.005208333333333333 0.011111111111111112
1 0.5109375 0.07013888888888889 0.005208333333333333 0.0125
1 0.4744791666666667 0.12222222222222222 0.005729166666666666 0.013888888888888888
3 0.49635416666666665 0.16666666666666666 0.005729166666666666 0.01875
3 0.4708333333333333 0.17569444444444443 0.007291666666666667 0.01875
3 0.4609375 0.1673611111111111 0.0078125 0.02013888888888889
3 0.4505208333333333 0.35833333333333334 0.009895833333333333 0.024305555555555556
3 0.4953125 0.40208333333333335 0.009375 0.035416666666666666
3 0.49166666666666664 0.058333333333333334 0.005729166666666666 0.015277777777777777
3 0.490625 0.035416666666666666 0.005729166666666666 0.015277777777777777
3 0.5041666666666667 0.11388888888888889 0.007291666666666667 0.021527777777777778
3 0.46770833333333334 0.07083333333333333 0.005208333333333333 0.0125
3 0.5255208333333333 0.3388888888888889 0.009375 0.035416666666666666
3 0.46145833333333336 0.5347222222222222 0.013020833333333334 0.03194444444444444
1 0.440625 0.5631944444444444 0.013020833333333334 0.035416666666666666
1 0.4348958333333333 0.6743055555555556 0.011979166666666667 0.03680555555555556
1 0.40520833333333334 0.7305555555555555 0.011979166666666667 0.03680555555555556
1 0.4401041666666667 0.9715277777777778 0.017708333333333333 0.05486111111111111
3 0.4484375 0.46944444444444444 0.013020833333333334 0.03333333333333333
1 0.43385416666666665 0.41041666666666665 0.011979166666666667 0.024305555555555556
3 0.44166666666666665 0.28055555555555556 0.008333333333333333 0.02013888888888889
0 0.503125 0.07916666666666666 0.0078125 0.024305555555555556
3 0.5005208333333333 0.04375 0.005208333333333333 0.013888888888888888
0 0.45729166666666665 0.07291666666666667 0.0078125 0.029166666666666667
3 0.4708333333333333 0.07847222222222222 0.005208333333333333 0.0125
3 0.4661458333333333 0.12083333333333333 0.005208333333333333 0.015277777777777777
1 0.46197916666666666 0.022222222222222223 0.005208333333333333 0.013888888888888888
1 0.4901041666666667 0.02361111111111111 0.005208333333333333 0.011111111111111112
1 0.47239583333333335 0.011111111111111112 0.005729166666666666 0.0125
3 0.0390625 0.4263888888888889 0.0265625 0.027777777777777776
0 0.0859375 0.34652777777777777 0.0328125 0.05555555555555555
3 0.165625 0.21805555555555556 0.013020833333333334 0.025694444444444443
2 0.11875 0.30486111111111114 0.025520833333333333 0.034027777777777775
2 0.08229166666666667 0.30486111111111114 0.022395833333333334 0.041666666666666664