3 0.7822916666666667 0.8993055555555556 0.16510416666666666 0.20069444444444445
1 0.9296875 0.8291666666666667 0.140625 0.19722222222222222
1 0.22552083333333334 0.9215277777777777 0.11979166666666667 0.15694444444444444
1 0.44479166666666664 0.90625 0.19375 0.1875
3 0.31875 0.7944444444444444 0.14583333333333334 0.22847222222222222
1 0.2953125 0.6618055555555555 0.1609375 0.12222222222222222
3 0.20625 0.49444444444444446 0.12864583333333332 0.09305555555555556
1 0.16875 0.46597222222222223 0.13489583333333333 0.0798611111111111
1 0.16302083333333334 0.42291666666666666 0.12552083333333333 0.07222222222222222
1 0.15572916666666667 0.3909722222222222 0.11145833333333334 0.06180555555555556
1 0.17239583333333333 0.3506944444444444 0.0484375 0.05555555555555555
1 0.2682291666666667 0.38472222222222224 0.059375 0.07013888888888889
0 0.21354166666666666 0.27569444444444446 0.10833333333333334 0.14791666666666667
3 0.15 0.3020833333333333 0.05260416666666667 0.07013888888888889
3 0.10416666666666667 0.2763888888888889 0.04791666666666667 0.049305555555555554
3 0.08958333333333333 0.23819444444444443 0.0421875 0.03819444444444445
1 0.0375 0.2465277777777778 0.036458333333333336 0.041666666666666664
1 0.036458333333333336 0.21458333333333332 0.0328125 0.03819444444444445
1 0.07447916666666667 0.2125 0.03333333333333333 0.04375
1 0.06145833333333333 0.16875 0.030208333333333334 0.03819444444444445
1 0.0546875 0.15 0.027604166666666666 0.03125
3 0.041666666666666664 0.13541666666666666 0.028645833333333332 0.03125
3 0.03125 0.09305555555555556 0.025520833333333333 0.02847222222222222
1 0.022395833333333334 0.07916666666666666 0.015104166666666667 0.017361111111111112
1 0.017708333333333333 0.07152777777777777 0.013541666666666667 0.017361111111111112
1 0.1125 0.1701388888888889 0.0265625 0.03125
1 0.1 0.15555555555555556 0.024479166666666666 0.029861111111111113
1 0.08958333333333333 0.1388888888888889 0.0234375 0.027777777777777776
1 0.0796875 0.12777777777777777 0.020833333333333332 0.02638888888888889
3 0.0609375 0.09652777777777778 0.021354166666666667 0.02361111111111111
3 0.05364583333333333 0.08611111111111111 0.01875 0.022222222222222223
3 0.044270833333333336 0.07777777777777778 0.0171875 0.022222222222222223
1 0.03802083333333333 0.06875 0.013541666666666667 0.018055555555555554
3 0.0234375 0.04027777777777778 0.015104166666666667 0.020833333333333332
3 0.6057291666666667 0.6166666666666667 0.12291666666666666 0.15555555555555556
1 0.43385416666666665 0.44930555555555557 0.07760416666666667 0.0875
1 0.5255208333333333 0.44583333333333336 0.08697916666666666 0.08958333333333333
3 0.6703125 0.3763888888888889 0.0609375 0.049305555555555554
3 0.5463541666666667 0.3527777777777778 0.06875 0.058333333333333334
1 0.5776041666666667 0.30972222222222223 0.05625 0.04375
1 0.49947916666666664 0.2659722222222222 0.052083333333333336 0.03611111111111111
1 0.38697916666666665 0.3263888888888889 0.0609375 0.05625
3 0.4453125 0.23194444444444445 0.04375 0.03680555555555556
1 0.3984375 0.20069444444444445 0.041666666666666664 0.03125
1 0.26875 0.1736111111111111 0.034375 0.027777777777777776
1 0.23333333333333334 0.13541666666666666 0.019270833333333334 0.022222222222222223
1 0.3458333333333333 0.16805555555555557 0.030208333333333334 0.027777777777777776
1 0.32447916666666665 0.15486111111111112 0.029166666666666667 0.027777777777777776
1 0.3046875 0.14166666666666666 0.0234375 0.022916666666666665
3 0.2875 0.12777777777777777 0.0234375 0.02638888888888889
3 0.26458333333333334 0.11597222222222223 0.0234375 0.022916666666666665
3 0.2390625 0.09791666666666667 0.022395833333333334 0.02361111111111111
3 0.2 0.08472222222222223 0.028645833333333332 0.017361111111111112
1 0.16666666666666666 0.0763888888888889 0.016666666666666666 0.018055555555555554
1 0.2109375 0.06597222222222222 0.019270833333333334 0.014583333333333334
1 0.17552083333333332 0.059722222222222225 0.017708333333333333 0.014583333333333334
1 0.15416666666666667 0.04791666666666667 0.011458333333333333 0.013194444444444444
1 0.8864583333333333 0.4548611111111111 0.030208333333333334 0.04861111111111111
1 0.875 0.5409722222222222 0.11145833333333334 0.09722222222222222
1 0.2791666666666667 0.2263888888888889 0.03802083333333333 0.04583333333333333
3 0.12447916666666667 0.01875 0.019791666666666666 0.01875
1 0.16302083333333334 0.24305555555555555 0.034375 0.05138888888888889