1 0.29739583333333336 0.8222222222222222 0.15625 0.22777777777777777
1 0.6348958333333333 0.6951388888888889 0.15833333333333333 0.19652777777777777
1 0.42916666666666664 0.48125 0.11770833333333333 0.14027777777777778
1 0.65625 0.3840277777777778 0.09947916666666666 0.09305555555555556
1 0.28072916666666664 0.3388888888888889 0.0984375 0.10694444444444444
1 0.13333333333333333 0.17222222222222222 0.07135416666666666 0.07916666666666666
1 0.06875 0.025 0.0515625 0.04652777777777778
1 0.13125 0.034027777777777775 0.0515625 0.04375
1 0.2515625 0.07569444444444444 0.06302083333333333 0.052083333333333336
3 0.1109375 0.06666666666666667 0.049479166666666664 0.05694444444444444
3 0.4270833333333333 0.12916666666666668 0.06302083333333333 0.075
1 0.2984375 0.049305555555555554 0.06197916666666667 0.06180555555555556
1 0.3177083333333333 0.11736111111111111 0.06510416666666667 0.058333333333333334
3 0.2604166666666667 0.022222222222222223 0.04479166666666667 0.04375
0 0.3302083333333333 0.20347222222222222 0.18489583333333334 0.20833333333333334
1 0.45989583333333334 0.225 0.08645833333333333 0.08541666666666667
1 0.5333333333333333 0.29444444444444445 0.09479166666666666 0.08402777777777778
1 0.709375 0.17847222222222223 0.07135416666666666 0.06597222222222222
1 0.6734375 0.15486111111111112 0.07135416666666666 0.07361111111111111
1 0.63125 0.13819444444444445 0.06302083333333333 0.059027777777777776
1 0.5598958333333334 0.10486111111111111 0.05260416666666667 0.059027777777777776
3 0.6109375 0.11458333333333333 0.05364583333333333 0.06319444444444444
3 0.5255208333333333 0.0875 0.07708333333333334 0.07013888888888889
1 0.48333333333333334 0.06875 0.057291666666666664 0.043055555555555555
1 0.45625 0.052083333333333336 0.05520833333333333 0.04791666666666667
1 0.425 0.044444444444444446 0.05572916666666667 0.04375
1 0.37135416666666665 0.01597222222222222 0.06145833333333333 0.03194444444444444