2 0.007291666666666667 0.06944444444444445 0.014583333333333334 0.03333333333333333
2 0.0234375 0.09166666666666666 0.016666666666666666 0.03333333333333333
2 0.11614583333333334 0.1798611111111111 0.0234375 0.041666666666666664
2 0.07447916666666667 0.2076388888888889 0.01875 0.034027777777777775
0 0.0546875 0.11805555555555555 0.0265625 0.05555555555555555
0 0.046875 0.1673611111111111 0.030729166666666665 0.05555555555555555
1 0.09739583333333333 0.14444444444444443 0.0109375 0.018055555555555554
1 0.0921875 0.21041666666666667 0.013020833333333334 0.02013888888888889
1 0.14479166666666668 0.24305555555555555 0.015104166666666667 0.03194444444444444
1 0.1203125 0.21666666666666667 0.015104166666666667 0.021527777777777778
1 0.10052083333333334 0.1875 0.013541666666666667 0.02638888888888889
1 0.2875 0.38819444444444445 0.022395833333333334 0.03819444444444445
1 0.36822916666666666 0.45 0.025 0.03680555555555556
1 0.2947916666666667 0.16944444444444445 0.022916666666666665 0.01875
1 0.35625 0.25833333333333336 0.013541666666666667 0.02638888888888889
1 0.37864583333333335 0.26319444444444445 0.015625 0.029166666666666667
1 0.40729166666666666 0.21388888888888888 0.013020833333333334 0.024305555555555556
1 0.3546875 0.17083333333333334 0.013541666666666667 0.021527777777777778
1 0.3765625 0.1638888888888889 0.013020833333333334 0.02013888888888889
1 0.4708333333333333 0.5041666666666667 0.025 0.03958333333333333
1 0.4354166666666667 0.4263888888888889 0.0265625 0.043055555555555555
1 0.3890625 0.4076388888888889 0.025520833333333333 0.03819444444444445
1 0.42135416666666664 0.16180555555555556 0.011458333333333333 0.029166666666666667
1 0.365625 0.11736111111111111 0.011458333333333333 0.021527777777777778
1 0.28020833333333334 0.2590277777777778 0.016666666666666666 0.030555555555555555
1 0.22083333333333333 0.19583333333333333 0.0140625 0.021527777777777778
1 0.5411458333333333 0.6923611111111111 0.04479166666666667 0.06458333333333334
1 0.603125 0.6215277777777778 0.040625 0.06597222222222222
1 0.3802083333333333 0.06180555555555556 0.008333333333333333 0.024305555555555556
1 0.478125 0.14444444444444443 0.009375 0.02013888888888889
1 0.3953125 0.050694444444444445 0.009375 0.022916666666666665
1 0.2916666666666667 0.15763888888888888 0.019791666666666666 0.018055555555555554
1 0.5661458333333333 0.3333333333333333 0.015104166666666667 0.02638888888888889
1 0.5911458333333334 0.33125 0.013541666666666667 0.030555555555555555
1 0.5479166666666667 0.25555555555555554 0.013020833333333334 0.02638888888888889
1 0.559375 0.25 0.013020833333333334 0.030555555555555555
1 0.571875 0.2520833333333333 0.013541666666666667 0.029166666666666667
1 0.5833333333333334 0.25277777777777777 0.0140625 0.025694444444444443
1 0.5963541666666666 0.25 0.0140625 0.022916666666666665
1 0.6098958333333333 0.25 0.015104166666666667 0.027777777777777776
1 0.6208333333333333 0.24722222222222223 0.013541666666666667 0.025694444444444443
1 0.6354166666666666 0.24722222222222223 0.015104166666666667 0.03333333333333333
1 0.696875 0.3284722222222222 0.015104166666666667 0.027777777777777776
1 0.6697916666666667 0.3298611111111111 0.015104166666666667 0.022916666666666665
1 0.6677083333333333 0.2798611111111111 0.024479166666666666 0.024305555555555556
1 0.6239583333333333 0.29791666666666666 0.027604166666666666 0.022916666666666665
1 0.6984375 0.2972222222222222 0.022395833333333334 0.022916666666666665
1 0.7223958333333333 0.225 0.013020833333333334 0.024305555555555556
1 0.7369791666666666 0.20972222222222223 0.015625 0.022916666666666665
1 0.75625 0.2222222222222222 0.016666666666666666 0.027777777777777776
1 0.8109375 0.18472222222222223 0.015625 0.02638888888888889
1 0.8505208333333333 0.2673611111111111 0.016666666666666666 0.02638888888888889
1 0.884375 0.30069444444444443 0.01875 0.025694444444444443
1 0.86875 0.31805555555555554 0.017708333333333333 0.029166666666666667
1 0.8489583333333334 0.3819444444444444 0.019270833333333334 0.03333333333333333
1 0.8765625 0.3819444444444444 0.022395833333333334 0.04027777777777778
1 0.8276041666666667 0.4270833333333333 0.020833333333333332 0.034027777777777775
1 0.8708333333333333 0.42986111111111114 0.017708333333333333 0.03333333333333333
1 0.9015625 0.4270833333333333 0.022916666666666665 0.029166666666666667
1 0.89375 0.38263888888888886 0.01875 0.03958333333333333
1 0.90625 0.36041666666666666 0.020833333333333332 0.030555555555555555
1 0.9234375 0.3597222222222222 0.021354166666666667 0.03194444444444444
1 0.9380208333333333 0.3597222222222222 0.019791666666666666 0.03194444444444444
1 0.8786458333333333 0.3576388888888889 0.0171875 0.027777777777777776
1 0.8666666666666667 0.3597222222222222 0.015104166666666667 0.02638888888888889
1 0.8510416666666667 0.36180555555555555 0.020833333333333332 0.027777777777777776
1 0.8380208333333333 0.3611111111111111 0.0171875 0.034027777777777775
1 0.8234375 0.38125 0.015625 0.041666666666666664
1 0.8052083333333333 0.3840277777777778 0.009895833333333333 0.034027777777777775
1 0.8177083333333334 0.32083333333333336 0.016666666666666666 0.025694444444444443
1 0.83125 0.3229166666666667 0.016666666666666666 0.029166666666666667
1 0.8442708333333333 0.3215277777777778 0.0171875 0.03194444444444444
1 0.81875 0.3013888888888889 0.015625 0.021527777777777778
1 0.8348958333333333 0.30069444444444443 0.015104166666666667 0.02013888888888889
1 0.8442708333333333 0.30069444444444443 0.01875 0.027777777777777776
1 0.8583333333333333 0.3013888888888889 0.015104166666666667 0.02638888888888889
1 0.6317708333333333 0.33055555555555555 0.013541666666666667 0.03194444444444444
1 0.6651041666666667 0.2625 0.024479166666666666 0.018055555555555554
1 0.6973958333333333 0.28541666666666665 0.017708333333333333 0.015277777777777777
1 0.6619791666666667 0.25416666666666665 0.024479166666666666 0.02638888888888889
1 0.6604166666666667 0.24583333333333332 0.0234375 0.02638888888888889
1 0.6895833333333333 0.25416666666666665 0.022395833333333334 0.01875
1 0.6890625 0.2652777777777778 0.025520833333333333 0.02013888888888889
1 0.6786458333333333 0.23472222222222222 0.019791666666666666 0.018055555555555554
1 0.7140625 0.2111111111111111 0.011979166666666667 0.016666666666666666
1 0.7328125 0.25277777777777777 0.013020833333333334 0.027777777777777776
1 0.7880208333333333 0.26666666666666666 0.013020833333333334 0.025694444444444443
1 0.6567708333333333 0.21736111111111112 0.020833333333333332 0.021527777777777778
1 0.6755208333333333 0.22361111111111112 0.025 0.018055555555555554
3 0.7119791666666667 0.3263888888888889 0.019270833333333334 0.035416666666666666
3 0.6458333333333334 0.325 0.015625 0.03333333333333333
3 0.6203125 0.2861111111111111 0.0265625 0.021527777777777778
3 0.8895833333333333 0.42777777777777776 0.020833333333333332 0.03819444444444445
3 0.8619791666666666 0.26180555555555557 0.016666666666666666 0.03194444444444444
3 0.8015625 0.26458333333333334 0.015104166666666667 0.02638888888888889
3 0.7776041666666667 0.26458333333333334 0.011458333333333333 0.02638888888888889
3 0.7645833333333333 0.2638888888888889 0.016666666666666666 0.03333333333333333
3 0.7536458333333333 0.2673611111111111 0.015625 0.034027777777777775
3 0.8125 0.22083333333333333 0.016666666666666666 0.030555555555555555
3 0.8234375 0.2222222222222222 0.016666666666666666 0.030555555555555555
3 0.8348958333333333 0.22013888888888888 0.0140625 0.029166666666666667
3 0.8463541666666666 0.21875 0.015625 0.034027777777777775
3 0.7041666666666667 0.18194444444444444 0.013541666666666667 0.03194444444444444
3 0.7395833333333334 0.2659722222222222 0.015104166666666667 0.03194444444444444
1 0.7526041666666666 0.3 0.015104166666666667 0.029166666666666667
1 0.7661458333333333 0.30069444444444443 0.015104166666666667 0.022916666666666665
3 0.5848958333333333 0.23680555555555555 0.015104166666666667 0.024305555555555556
1 0.571875 0.2361111111111111 0.013541666666666667 0.022916666666666665
1 0.553125 0.23541666666666666 0.017708333333333333 0.021527777777777778
3 0.5421875 0.48055555555555557 0.03125 0.059722222222222225
2 0.6083333333333333 0.35 0.020833333333333332 0.06597222222222222
2 0.6395833333333333 0.34791666666666665 0.020833333333333332 0.06111111111111111
2 0.70625 0.3472222222222222 0.022395833333333334 0.05694444444444444
2 0.8307291666666666 0.13680555555555557 0.021354166666666667 0.03333333333333333
2 0.6015625 0.42569444444444443 0.021354166666666667 0.05694444444444444
2 0.6567708333333333 0.34652777777777777 0.022395833333333334 0.058333333333333334
2 0.6203125 0.42777777777777776 0.020833333333333332 0.04583333333333333
2 0.6385416666666667 0.42986111111111114 0.022916666666666665 0.052083333333333336
2 0.6557291666666667 0.42777777777777776 0.024479166666666666 0.058333333333333334
2 0.6729166666666667 0.4236111111111111 0.027083333333333334 0.0763888888888889
2 0.6927083333333334 0.4284722222222222 0.0265625 0.07708333333333334
2 0.7291666666666666 0.4215277777777778 0.030729166666666665 0.05555555555555555
2 0.6447916666666667 0.20555555555555555 0.04010416666666667 0.035416666666666666
2 0.6432291666666666 0.19652777777777777 0.03333333333333333 0.03333333333333333
2 0.6395833333333333 0.18888888888888888 0.029166666666666667 0.027777777777777776
2 0.6390625 0.18055555555555555 0.034895833333333334 0.02638888888888889
2 0.6364583333333333 0.15833333333333333 0.03854166666666667 0.03819444444444445
2 0.6390625 0.17430555555555555 0.03697916666666667 0.03680555555555556
2 0.6416666666666667 0.15694444444444444 0.04375 0.034027777777777775
2 0.8458333333333333 0.13958333333333334 0.022395833333333334 0.043055555555555555
0 0.7197916666666667 0.15763888888888888 0.0234375 0.05555555555555555
0 0.7765625 0.15833333333333333 0.030208333333333334 0.05347222222222222
0 0.7348958333333333 0.15763888888888888 0.025 0.050694444444444445
0 0.7911458333333333 0.1597222222222222 0.029166666666666667 0.050694444444444445
0 0.8520833333333333 0.1673611111111111 0.0328125 0.06597222222222222
0 0.48802083333333335 0.015277777777777777 0.009895833333333333 0.022916666666666665
0 0.4869791666666667 0.02638888888888889 0.011979166666666667 0.027777777777777776
0 0.4984375 0.029166666666666667 0.0109375 0.027777777777777776
0 0.49947916666666664 0.018055555555555554 0.011458333333333333 0.022916666666666665
0 0.49895833333333334 0.010416666666666666 0.0078125 0.02013888888888889
0 0.4786458333333333 0.020833333333333332 0.009895833333333333 0.029166666666666667
0 0.48489583333333336 0.04652777777777778 0.011979166666666667 0.034027777777777775
0 0.4947916666666667 0.04861111111111111 0.013541666666666667 0.03194444444444444
0 0.43020833333333336 0.03333333333333333 0.013020833333333334 0.041666666666666664
1 0.45416666666666666 0.05486111111111111 0.008333333333333333 0.01875
0 0.45625 0.013888888888888888 0.013020833333333334 0.027777777777777776
2 0.44583333333333336 0.2833333333333333 0.030729166666666665 0.06597222222222222
2 0.5817708333333333 0.6673611111111111 0.06354166666666666 0.10416666666666667
3 0.39479166666666665 0.33055555555555555 0.017708333333333333 0.03958333333333333
3 0.35833333333333334 0.6951388888888889 0.034375 0.05486111111111111
3 0.39375 0.5076388888888889 0.030208333333333334 0.050694444444444445
2 0.37395833333333334 0.19166666666666668 0.016666666666666666 0.04583333333333333
1 0.5541666666666667 0.3034722222222222 0.0265625 0.025694444444444443
1 0.5416666666666666 0.3326388888888889 0.013541666666666667 0.03333333333333333
3 0.8026041666666667 0.22291666666666668 0.015625 0.03680555555555556
3 0.8244791666666667 0.11458333333333333 0.0140625 0.021527777777777778
1 0.7885416666666667 0.08402777777777778 0.008333333333333333 0.0125
1 0.7989583333333333 0.08541666666666667 0.0078125 0.013888888888888888
1 0.8041666666666667 0.09236111111111112 0.011979166666666667 0.015277777777777777
0 0.8619791666666666 0.5152777777777777 0.09635416666666667 0.06111111111111111
3 0.21354166666666666 0.18125 0.0140625 0.02013888888888889
1 0.23072916666666668 0.35347222222222224 0.025520833333333333 0.03194444444444444