2 0.5822916666666667 0.9590277777777778 0.11666666666666667 0.08194444444444444
1 0.6041666666666666 0.83125 0.07708333333333334 0.06666666666666667
1 0.6286458333333333 0.7701388888888889 0.08697916666666666 0.07430555555555556
2 0.6401041666666667 0.7083333333333334 0.09427083333333333 0.0798611111111111
1 0.68125 0.6479166666666667 0.07552083333333333 0.075
1 0.7421875 0.6131944444444445 0.08697916666666666 0.07222222222222222
2 0.6854166666666667 0.5284722222222222 0.0734375 0.049305555555555554
1 0.5005208333333333 0.6930555555555555 0.05 0.09930555555555555
1 0.5229166666666667 0.5340277777777778 0.04583333333333333 0.09791666666666667
1 0.5927083333333333 0.39791666666666664 0.0515625 0.09166666666666666
1 0.575 0.2986111111111111 0.07135416666666666 0.058333333333333334
1 0.596875 0.20972222222222223 0.040625 0.08472222222222223
1 0.6473958333333333 0.20555555555555555 0.03802083333333333 0.07222222222222222
1 0.6713541666666667 0.10277777777777777 0.041666666666666664 0.08402777777777778
2 0.6291666666666667 0.08819444444444445 0.041666666666666664 0.09027777777777778
2 0.30416666666666664 0.39375 0.08072916666666667 0.06180555555555556
1 0.3390625 0.35694444444444445 0.06197916666666667 0.05555555555555555
1 0.35 0.31319444444444444 0.07135416666666666 0.050694444444444445
1 0.37447916666666664 0.25069444444444444 0.07708333333333334 0.052083333333333336
1 0.3578125 0.19305555555555556 0.0671875 0.06458333333333334
1 0.3390625 0.10208333333333333 0.0671875 0.05555555555555555
1 0.3546875 0.043055555555555555 0.06770833333333333 0.06180555555555556
1 0.46145833333333336 0.35347222222222224 0.0484375 0.08958333333333333
1 0.4895833333333333 0.2777777777777778 0.04479166666666667 0.08402777777777778
1 0.5166666666666667 0.20694444444444443 0.04479166666666667 0.08541666666666667
1 0.54375 0.13402777777777777 0.044270833333333336 0.08194444444444444
1 0.5677083333333334 0.06597222222222222 0.04375 0.08125
1 0.5890625 0.019444444444444445 0.03854166666666667 0.03888888888888889
2 0.5255208333333333 0.2388888888888889 0.19947916666666668 0.47708333333333336
1 0.30416666666666664 0.7506944444444444 0.057291666666666664 0.11041666666666666
1 0.23541666666666666 0.3173611111111111 0.04791666666666667 0.09027777777777778