1 0.090625 0.7986111111111112 0.027083333333333334 0.06736111111111111
2 0.3854166666666667 0.9625 0.03229166666666667 0.07222222222222222
1 0.41875 0.9402777777777778 0.025520833333333333 0.06597222222222222
1 0.5239583333333333 0.8125 0.029166666666666667 0.07361111111111111
3 0.8854166666666666 0.7965277777777777 0.03802083333333333 0.06736111111111111
3 0.7447916666666666 0.5868055555555556 0.0328125 0.05486111111111111
2 0.6083333333333333 0.7715277777777778 0.03333333333333333 0.06597222222222222
0 0.7927083333333333 0.425 0.09791666666666667 0.10902777777777778
1 0.490625 0.6763888888888889 0.027083333333333334 0.05555555555555555
3 0.45989583333333334 0.575 0.0328125 0.058333333333333334
3 0.28541666666666665 0.6673611111111111 0.027604166666666666 0.06597222222222222
3 0.30520833333333336 0.6513888888888889 0.027604166666666666 0.06736111111111111
1 0.2609375 0.68125 0.027604166666666666 0.06319444444444444
1 0.37083333333333335 0.4479166666666667 0.029166666666666667 0.058333333333333334
1 0.38125 0.35625 0.0328125 0.05486111111111111
1 0.4359375 0.4048611111111111 0.029166666666666667 0.058333333333333334
1 0.40625 0.4263888888888889 0.025520833333333333 0.04791666666666667
3 0.2598958333333333 0.47847222222222224 0.0390625 0.035416666666666666
3 0.24739583333333334 0.4388888888888889 0.03697916666666667 0.03819444444444445
3 0.23020833333333332 0.39444444444444443 0.041666666666666664 0.03819444444444445
3 0.2171875 0.3576388888888889 0.0359375 0.035416666666666666
3 0.19166666666666668 0.2777777777777778 0.0390625 0.035416666666666666
1 0.20572916666666666 0.3215277777777778 0.03697916666666667 0.03680555555555556
2 0.19166666666666668 0.50625 0.059375 0.15208333333333332
2 0.14270833333333333 0.35347222222222224 0.049479166666666664 0.11527777777777778
2 0.3234375 0.3159722222222222 0.06770833333333333 0.12708333333333333
3 0.9817708333333334 0.17222222222222222 0.036458333333333336 0.041666666666666664
3 0.46875 0.15625 0.03229166666666667 0.05347222222222222
3 0.3098958333333333 0.19305555555555556 0.03229166666666667 0.050694444444444445
3 0.25833333333333336 0.13055555555555556 0.030729166666666665 0.050694444444444445
1 0.2604166666666667 0.2048611111111111 0.029166666666666667 0.052083333333333336
0 0.3546875 0.16527777777777777 0.049479166666666664 0.0875
1 0.15260416666666668 0.13680555555555557 0.03125 0.05347222222222222
1 0.14166666666666666 0.1125 0.03229166666666667 0.052083333333333336
1 0.09739583333333333 0.02361111111111111 0.03125 0.044444444444444446
3 0.13020833333333334 0.09027777777777778 0.03697916666666667 0.05555555555555555
1 0.11458333333333333 0.03611111111111111 0.027604166666666666 0.044444444444444446