2 0.0390625 0.42291666666666666 0.03802083333333333 0.041666666666666664
2 0.053125 0.42986111111111114 0.03229166666666667 0.034027777777777775
2 0.06197916666666667 0.43472222222222223 0.027604166666666666 0.03333333333333333
2 0.06041666666666667 0.5159722222222223 0.027604166666666666 0.035416666666666666
3 0.23333333333333334 0.41597222222222224 0.021354166666666667 0.015277777777777777
1 0.26145833333333335 0.45 0.0140625 0.018055555555555554
1 0.19010416666666666 0.5138888888888888 0.028645833333333332 0.01597222222222222
1 0.17239583333333333 0.5388888888888889 0.0234375 0.01597222222222222
1 0.14947916666666666 0.5756944444444444 0.03333333333333333 0.018055555555555554
3 0.15885416666666666 0.5541666666666667 0.030729166666666665 0.025
1 0.5817708333333333 0.9034722222222222 0.025 0.06666666666666667
1 0.7119791666666667 0.9180555555555555 0.04375 0.06111111111111111
1 0.6526041666666667 0.7201388888888889 0.036458333333333336 0.03819444444444445
1 0.6385416666666667 0.6736111111111112 0.0359375 0.034027777777777775
1 0.54375 0.625 0.015104166666666667 0.03611111111111111
1 0.6369791666666667 0.4673611111111111 0.025520833333333333 0.015277777777777777
1 0.5895833333333333 0.35347222222222224 0.019270833333333334 0.013194444444444444
1 0.6151041666666667 0.41388888888888886 0.022916666666666665 0.014583333333333334
1 0.5229166666666667 0.36319444444444443 0.008333333333333333 0.014583333333333334
1 0.47552083333333334 0.38125 0.008333333333333333 0.018055555555555554
1 0.4901041666666667 0.3840277777777778 0.008333333333333333 0.01597222222222222
2 0.4947916666666667 0.5673611111111111 0.019791666666666666 0.05555555555555555
2 0.5208333333333334 0.425 0.016666666666666666 0.029861111111111113
2 0.5369791666666667 0.40902777777777777 0.011979166666666667 0.025694444444444443
2 0.51875 0.3194444444444444 0.011458333333333333 0.029861111111111113
2 0.5015625 0.3034722222222222 0.009895833333333333 0.02013888888888889
2 0.5078125 0.26875 0.008333333333333333 0.018055555555555554
2 0.49583333333333335 0.25625 0.009375 0.017361111111111112
2 0.5036458333333333 0.2388888888888889 0.008333333333333333 0.01875
2 0.4734375 0.2222222222222222 0.0078125 0.02361111111111111
2 0.4979166666666667 0.20347222222222222 0.007291666666666667 0.018055555555555554
2 0.490625 0.21736111111111112 0.008333333333333333 0.020833333333333332
2 0.4791666666666667 0.24930555555555556 0.009895833333333333 0.03819444444444445
0 0.5036458333333333 0.33541666666666664 0.013020833333333334 0.03611111111111111
0 0.4828125 0.3388888888888889 0.011458333333333333 0.03888888888888889
3 0.5276041666666667 0.38333333333333336 0.009895833333333333 0.02013888888888889
1 0.6291666666666667 0.4583333333333333 0.024479166666666666 0.015277777777777777
1 0.6270833333333333 0.4479166666666667 0.022916666666666665 0.014583333333333334
1 0.6255208333333333 0.44027777777777777 0.025 0.013194444444444444
1 0.6223958333333334 0.42916666666666664 0.022916666666666665 0.0125
1 0.525 0.2520833333333333 0.007291666666666667 0.008333333333333333
1 0.48020833333333335 0.2902777777777778 0.0078125 0.011111111111111112
1 0.4984375 0.28125 0.007291666666666667 0.011111111111111112
1 0.5104166666666666 0.2881944444444444 0.00625 0.008333333333333333
1 0.5104166666666666 0.2986111111111111 0.00625 0.010416666666666666
1 0.4953125 0.2701388888888889 0.00625 0.009722222222222222
1 0.49270833333333336 0.2423611111111111 0.004166666666666667 0.008333333333333333
1 0.46875 0.24166666666666667 0.005729166666666666 0.009722222222222222
1 0.5354166666666667 0.2298611111111111 0.00625 0.008333333333333333
3 0.5359375 0.2833333333333333 0.005729166666666666 0.0125
2 0.50625 0.2520833333333333 0.007291666666666667 0.014583333333333334
1 0.5260416666666666 0.24513888888888888 0.0078125 0.008333333333333333
1 0.4984375 0.29305555555555557 0.00625 0.010416666666666666
1 0.5052083333333334 0.20555555555555555 0.004166666666666667 0.006944444444444444
1 0.4708333333333333 0.21041666666666667 0.005208333333333333 0.005555555555555556
1 0.47708333333333336 0.21597222222222223 0.004166666666666667 0.007638888888888889
0 0.47760416666666666 0.1625 0.007291666666666667 0.0125
3 0.47239583333333335 0.1673611111111111 0.005208333333333333 0.009722222222222222
2 0.4140625 0.17569444444444443 0.009895833333333333 0.006944444444444444
2 0.39791666666666664 0.18541666666666667 0.027083333333333334 0.013194444444444444
2 0.39427083333333335 0.1840277777777778 0.027083333333333334 0.011111111111111112
2 0.36666666666666664 0.18958333333333333 0.019270833333333334 0.011111111111111112
1 0.023958333333333335 0.7611111111111111 0.0390625 0.05416666666666667
3 0.0703125 0.8131944444444444 0.03802083333333333 0.05625
3 0.049479166666666664 0.8041666666666667 0.034375 0.059722222222222225
2 0.0921875 0.66875 0.09166666666666666 0.10486111111111111