1 0.2015625 0.6625 0.09010416666666667 0.19930555555555557
1 0.28125 0.4340277777777778 0.10364583333333334 0.13333333333333333
1 0.5520833333333334 0.9 0.18020833333333333 0.19027777777777777
1 0.5515625 0.7375 0.15625 0.16111111111111112
1 0.5630208333333333 0.4875 0.134375 0.10694444444444444
1 0.5734375 0.37916666666666665 0.12291666666666666 0.08958333333333333
1 0.8197916666666667 0.8986111111111111 0.09583333333333334 0.20277777777777778
1 0.7953125 0.43333333333333335 0.07239583333333334 0.15208333333333332
1 0.7625 0.19791666666666666 0.05625 0.13055555555555556
1 0.3015625 0.34444444444444444 0.1078125 0.12083333333333333
1 0.321875 0.2548611111111111 0.109375 0.12083333333333333
1 0.49947916666666664 0.12013888888888889 0.0515625 0.10486111111111111
3 0.10260416666666666 0.4826388888888889 0.09583333333333334 0.20347222222222222
1 0.0390625 0.49930555555555556 0.078125 0.18472222222222223
1 0.20989583333333334 0.275 0.09166666666666666 0.1361111111111111
1 0.23229166666666667 0.08680555555555555 0.06770833333333333 0.12986111111111112
3 0.0390625 0.21319444444444444 0.0765625 0.12361111111111112
1 0.5927083333333333 0.10486111111111111 0.10260416666666666 0.08402777777777778
3 0.7447916666666666 0.05138888888888889 0.04739583333333333 0.10277777777777777