1 0.34010416666666665 0.04722222222222222 0.034375 0.09236111111111112
1 0.44375 0.050694444444444445 0.03229166666666667 0.09930555555555555
1 0.34270833333333334 0.16319444444444445 0.03333333333333333 0.09722222222222222
3 0.3494791666666667 0.3020833333333333 0.0359375 0.1125
1 0.34375 0.4215277777777778 0.03802083333333333 0.1
1 0.3458333333333333 0.6520833333333333 0.03697916666666667 0.1125
1 0.3458333333333333 0.7944444444444444 0.0359375 0.11597222222222223
1 0.33697916666666666 0.9479166666666666 0.042708333333333334 0.10277777777777777
3 0.5989583333333334 0.9798611111111111 0.027604166666666666 0.03888888888888889
1 0.5760416666666667 0.8930555555555556 0.07083333333333333 0.1
1 0.5755208333333334 0.7701388888888889 0.03697916666666667 0.10694444444444444
1 0.49583333333333335 0.7861111111111111 0.034375 0.12638888888888888
3 0.496875 0.6569444444444444 0.036458333333333336 0.1125
1 0.55625 0.6868055555555556 0.07916666666666666 0.08472222222222223
1 0.41822916666666665 0.56875 0.0765625 0.06180555555555556
1 0.559375 0.5555555555555556 0.07864583333333333 0.05347222222222222
1 0.49270833333333336 0.5020833333333333 0.0359375 0.10347222222222222
3 0.6020833333333333 0.4673611111111111 0.06875 0.08888888888888889
1 0.5916666666666667 0.3506944444444444 0.06666666666666667 0.08680555555555555
1 0.7520833333333333 0.4236111111111111 0.0640625 0.09027777777777778
1 0.7890625 0.36875 0.059895833333333336 0.09722222222222222
1 0.8166666666666667 0.31805555555555554 0.06145833333333333 0.09930555555555555
1 0.9729166666666667 0.17152777777777778 0.05416666666666667 0.04583333333333333
3 0.8921875 0.1798611111111111 0.09166666666666666 0.059027777777777776
1 0.8166666666666667 0.14444444444444443 0.07552083333333333 0.04861111111111111
1 0.9046875 0.12777777777777777 0.08072916666666667 0.05138888888888889
1 0.9427083333333334 0.05625 0.07760416666666667 0.059027777777777776
1 0.8541666666666666 0.06805555555555555 0.08854166666666667 0.044444444444444446
1 0.5494791666666666 0.17916666666666667 0.06302083333333333 0.09166666666666666
1 0.6140625 0.3020833333333333 0.065625 0.09236111111111112
1 0.64375 0.25625 0.07239583333333334 0.08958333333333333
1 0.6739583333333333 0.21736111111111112 0.06927083333333334 0.08472222222222223
1 0.6302083333333334 0.1125 0.07135416666666666 0.06458333333333334