1 0.15416666666666667 0.059027777777777776 0.0234375 0.034027777777777775
1 0.0890625 0.10833333333333334 0.027083333333333334 0.04097222222222222
1 0.14947916666666666 0.16458333333333333 0.025520833333333333 0.04027777777777778
1 0.13385416666666666 0.21875 0.03333333333333333 0.04652777777777778
1 0.32708333333333334 0.5284722222222222 0.06302083333333333 0.09513888888888888
1 0.4671875 0.525 0.0671875 0.08402777777777778
1 0.515625 0.6777777777777778 0.0859375 0.10069444444444445
3 0.5369791666666667 0.35208333333333336 0.049479166666666664 0.05694444444444444
3 0.68125 0.5131944444444444 0.05416666666666667 0.06388888888888888
3 0.46145833333333336 0.9395833333333333 0.08541666666666667 0.12083333333333333
2 0.5557291666666667 0.95 0.0984375 0.1
1 0.2375 0.01597222222222222 0.03958333333333333 0.03194444444444444
1 0.7463541666666667 0.3597222222222222 0.04583333333333333 0.04791666666666667