3 0.17552083333333332 0.9006944444444445 0.04375 0.09652777777777778
3 0.3854166666666667 0.7888888888888889 0.029166666666666667 0.0798611111111111
1 0.27291666666666664 0.7347222222222223 0.03125 0.09166666666666666
1 0.5026041666666666 0.7847222222222222 0.0265625 0.10277777777777777
1 0.016666666666666666 0.4798611111111111 0.0328125 0.04583333333333333
1 0.14166666666666666 0.5777777777777777 0.07083333333333333 0.052083333333333336
3 0.2875 0.48819444444444443 0.06197916666666667 0.04722222222222222
1 0.46875 0.6069444444444444 0.0640625 0.05555555555555555
1 0.5921875 0.5569444444444445 0.0671875 0.050694444444444445
1 0.6369791666666667 0.5034722222222222 0.065625 0.052083333333333336
0 0.8171875 0.7951388888888888 0.05260416666666667 0.15833333333333333
0 0.7473958333333334 0.44513888888888886 0.052083333333333336 0.14305555555555555
1 0.7260416666666667 0.35694444444444445 0.022395833333333334 0.05347222222222222
0 0.8041666666666667 0.10555555555555556 0.030729166666666665 0.10694444444444444
1 0.6296875 0.034722222222222224 0.015104166666666667 0.02638888888888889
1 0.6135416666666667 0.011111111111111112 0.014583333333333334 0.022222222222222223
3 0.5541666666666667 0.07916666666666666 0.016666666666666666 0.02638888888888889
3 0.6177083333333333 0.1361111111111111 0.015104166666666667 0.041666666666666664
0 0.34375 0.07430555555555556 0.05625 0.09236111111111112
2 0.40208333333333335 0.15208333333333332 0.03854166666666667 0.05555555555555555
0 0.18697916666666667 0.0875 0.08125 0.09375
3 0.51875 0.45625 0.019791666666666666 0.07013888888888889