1 0.32916666666666666 0.8930555555555556 0.027604166666666666 0.10138888888888889
1 0.4 0.5006944444444444 0.027083333333333334 0.0625
1 0.4244791666666667 0.31319444444444444 0.013541666666666667 0.043055555555555555
1 0.4666666666666667 0.30972222222222223 0.03229166666666667 0.043055555555555555
1 0.25625 0.31180555555555556 0.0421875 0.03680555555555556
1 0.7072916666666667 0.38055555555555554 0.040625 0.030555555555555555
3 0.5833333333333334 0.3715277777777778 0.04583333333333333 0.043055555555555555
3 0.5151041666666667 0.35138888888888886 0.034895833333333334 0.043055555555555555
3 0.4515625 0.55625 0.022916666666666665 0.0625
3 0.6895833333333333 0.26944444444444443 0.0390625 0.034027777777777775
3 0.9796875 0.4576388888888889 0.040625 0.034722222222222224
1 0.9119791666666667 0.4527777777777778 0.04010416666666667 0.043055555555555555
1 0.9166666666666666 0.30972222222222223 0.03854166666666667 0.03333333333333333
1 0.9083333333333333 0.2875 0.036458333333333336 0.03194444444444444
1 0.8666666666666667 0.2673611111111111 0.03802083333333333 0.029166666666666667
1 0.7505208333333333 0.2465277777777778 0.03802083333333333 0.029166666666666667
1 0.6880208333333333 0.24375 0.036458333333333336 0.027777777777777776
1 0.753125 0.32222222222222224 0.03802083333333333 0.030555555555555555
1 0.7979166666666667 0.2972222222222222 0.03697916666666667 0.030555555555555555
1 0.8588541666666667 0.28958333333333336 0.03802083333333333 0.030555555555555555
1 0.8119791666666667 0.26805555555555555 0.03697916666666667 0.027777777777777776
1 0.7984375 0.24305555555555555 0.03802083333333333 0.02638888888888889
1 0.7536458333333333 0.2708333333333333 0.03697916666666667 0.034027777777777775
1 0.7041666666666667 0.29791666666666666 0.036458333333333336 0.034027777777777775
1 0.6515625 0.3263888888888889 0.0421875 0.03333333333333333
1 0.6510416666666666 0.29791666666666666 0.040625 0.03680555555555556
1 0.6359375 0.27569444444444446 0.034375 0.029166666666666667
2 0.6375 0.24861111111111112 0.050520833333333334 0.03819444444444445
3 0.240625 0.9506944444444444 0.03125 0.09375
1 0.12239583333333333 0.41388888888888886 0.042708333333333334 0.03333333333333333
1 0.1265625 0.44027777777777777 0.040625 0.04027777777777778
1 0.06927083333333334 0.40902777777777777 0.0484375 0.03194444444444444
1 0.05677083333333333 0.4465277777777778 0.04479166666666667 0.04027777777777778
3 0.0125 0.40694444444444444 0.025 0.044444444444444446
1 0.1390625 0.030555555555555555 0.015104166666666667 0.027777777777777776
1 0.10833333333333334 0.027083333333333334 0.017708333333333333 0.03194444444444444
1 0.08697916666666666 0.02638888888888889 0.01875 0.025694444444444443
1 0.051041666666666666 0.029861111111111113 0.020833333333333332 0.03958333333333333
2 0.3307291666666667 0.12569444444444444 0.024479166666666666 0.09166666666666666
2 0.2786458333333333 0.1763888888888889 0.04583333333333333 0.050694444444444445
0 0.40729166666666666 0.03611111111111111 0.019791666666666666 0.07222222222222222
2 0.12916666666666668 0.20347222222222222 0.052083333333333336 0.04722222222222222
3 0.30625 0.025 0.0234375 0.02638888888888889
3 0.2734375 0.029861111111111113 0.011458333333333333 0.029166666666666667
1 0.16666666666666666 0.0375 0.015625 0.03194444444444444
1 0.18125 0.03611111111111111 0.013541666666666667 0.029166666666666667
1 0.5192708333333333 0.16041666666666668 0.030208333333333334 0.03194444444444444
2 0.49322916666666666 0.014583333333333334 0.030729166666666665 0.029166666666666667
1 0.9619791666666667 0.2847222222222222 0.04010416666666667 0.02638888888888889
1 0.9260416666666667 0.26180555555555557 0.0390625 0.02638888888888889
1 0.9713541666666666 0.23819444444444443 0.03697916666666667 0.02638888888888889
3 0.990625 0.2569444444444444 0.01875 0.03194444444444444