3 0.12447916666666667 0.32569444444444445 0.020833333333333332 0.01875
2 0.2140625 0.29305555555555557 0.0234375 0.022916666666666665
1 0.24947916666666667 0.2465277777777778 0.008333333333333333 0.016666666666666666
1 0.3390625 0.32916666666666666 0.011979166666666667 0.01875
1 0.253125 0.18680555555555556 0.00625 0.0125
1 0.22447916666666667 0.04513888888888889 0.005208333333333333 0.013888888888888888
1 0.20625 0.09930555555555555 0.011979166666666667 0.009027777777777777
1 0.20625 0.09513888888888888 0.013541666666666667 0.007638888888888889
1 0.20520833333333333 0.08958333333333333 0.013541666666666667 0.011111111111111112
1 0.20625 0.08263888888888889 0.013541666666666667 0.010416666666666666
1 0.20572916666666666 0.0763888888888889 0.013020833333333334 0.007638888888888889
1 0.20625 0.07083333333333333 0.0140625 0.007638888888888889
1 0.20520833333333333 0.06388888888888888 0.011458333333333333 0.009027777777777777
1 0.20520833333333333 0.058333333333333334 0.013541666666666667 0.007638888888888889
1 0.20416666666666666 0.041666666666666664 0.011979166666666667 0.007638888888888889
1 0.20364583333333333 0.04027777777777778 0.0140625 0.009027777777777777
1 0.20572916666666666 0.03680555555555556 0.011458333333333333 0.010416666666666666
1 0.20625 0.025694444444444443 0.007291666666666667 0.0125
1 0.32760416666666664 0.10833333333333334 0.00625 0.013888888888888888
1 0.3333333333333333 0.08958333333333333 0.007291666666666667 0.013888888888888888
2 0.33958333333333335 0.17708333333333334 0.0109375 0.029166666666666667
3 0.35625 0.20416666666666666 0.008333333333333333 0.02013888888888889
2 0.3609375 0.22361111111111112 0.011458333333333333 0.030555555555555555
2 0.31875 0.3173611111111111 0.022916666666666665 0.050694444444444445
1 0.3697916666666667 0.2569444444444444 0.008333333333333333 0.01875
1 0.37395833333333334 0.43125 0.016666666666666666 0.025694444444444443
3 0.4328125 0.5666666666666667 0.019791666666666666 0.03194444444444444
1 0.515625 0.6652777777777777 0.024479166666666666 0.041666666666666664
0 0.503125 0.28958333333333336 0.0265625 0.027777777777777776
2 0.5348958333333333 0.27291666666666664 0.025520833333333333 0.030555555555555555
3 0.44166666666666665 0.029166666666666667 0.015104166666666667 0.018055555555555554