2 0.1890625 0.9270833333333334 0.14010416666666667 0.14583333333333334
2 0.35572916666666665 0.96875 0.07291666666666667 0.06180555555555556
3 0.5072916666666667 0.9465277777777777 0.09270833333333334 0.10694444444444444
1 0.865625 0.9375 0.057291666666666664 0.125
3 0.03697916666666667 0.6916666666666667 0.07239583333333334 0.0798611111111111
1 0.2671875 0.7861111111111111 0.08125 0.09027777777777778
3 0.3567708333333333 0.6131944444444445 0.07760416666666667 0.07222222222222222
3 0.13958333333333334 0.5208333333333334 0.09635416666666667 0.09513888888888888
3 0.20208333333333334 0.42777777777777776 0.07552083333333333 0.08125
3 0.3067708333333333 0.275 0.06927083333333334 0.06736111111111111
1 0.1734375 0.4777777777777778 0.08229166666666667 0.08125
1 0.2625 0.3645833333333333 0.07760416666666667 0.07916666666666666
1 0.3859375 0.5631944444444444 0.07760416666666667 0.075
1 0.4473958333333333 0.43333333333333335 0.07916666666666666 0.0763888888888889
1 0.596875 0.3993055555555556 0.0765625 0.0763888888888889
1 0.6255208333333333 0.3125 0.0671875 0.07013888888888889
3 0.490625 0.35138888888888886 0.0640625 0.06458333333333334
3 0.3984375 0.13402777777777777 0.06510416666666667 0.06666666666666667
1 0.5171875 0.30972222222222223 0.07447916666666667 0.06180555555555556
1 0.5494791666666666 0.23402777777777778 0.06979166666666667 0.06319444444444444
1 0.5651041666666666 0.1986111111111111 0.0640625 0.059722222222222225
2 0.41822916666666665 0.09236111111111112 0.05625 0.06319444444444444
3 0.44947916666666665 0.04722222222222222 0.0609375 0.06597222222222222
1 0.4661458333333333 0.024305555555555556 0.049479166666666664 0.04861111111111111
1 0.48854166666666665 0.014583333333333334 0.05625 0.029166666666666667
1 0.671875 0.015277777777777777 0.059375 0.030555555555555555
3 0.628125 0.08125 0.0734375 0.06666666666666667
1 0.6119791666666666 0.11319444444444444 0.057291666666666664 0.05138888888888889
3 0.5958333333333333 0.1388888888888889 0.06666666666666667 0.06875