1 0.18072916666666666 0.3215277777777778 0.09010416666666667 0.13055555555555556
1 0.11822916666666666 0.4354166666666667 0.0890625 0.10833333333333334
1 0.2484375 0.5576388888888889 0.09010416666666667 0.11736111111111111
1 0.17291666666666666 0.6583333333333333 0.08854166666666667 0.11875
1 0.13854166666666667 0.7083333333333334 0.09270833333333334 0.11875
1 0.10208333333333333 0.7555555555555555 0.08854166666666667 0.12083333333333333
1 0.06510416666666667 0.8069444444444445 0.09010416666666667 0.13125
1 0.2796875 0.5020833333333333 0.08645833333333333 0.1111111111111111
1 0.31875 0.4597222222222222 0.09427083333333333 0.10972222222222222
1 0.3177083333333333 0.3236111111111111 0.07864583333333333 0.1125
1 0.2833333333333333 0.275 0.08020833333333334 0.10972222222222222
1 0.24583333333333332 0.23541666666666666 0.08489583333333334 0.12083333333333333
1 0.21145833333333333 0.18958333333333333 0.07864583333333333 0.11458333333333333
1 0.6505208333333333 0.2375 0.0609375 0.13055555555555556
1 0.5958333333333333 0.8520833333333333 0.08020833333333334 0.12777777777777777
1 0.8041666666666667 0.5430555555555555 0.07916666666666666 0.12361111111111112
1 0.9234375 0.20972222222222223 0.084375 0.12569444444444444
1 0.7953125 0.14027777777777778 0.0734375 0.11597222222222223
3 0.38697916666666665 0.5534722222222223 0.0859375 0.08125
0 0.8807291666666667 0.14722222222222223 0.2015625 0.29444444444444445
0 0.9244791666666666 0.475 0.15052083333333333 0.2763888888888889
3 0.35989583333333336 0.027777777777777776 0.075 0.05555555555555555
3 0.15052083333333333 0.10347222222222222 0.06927083333333334 0.1076388888888889
3 0.11145833333333334 0.06111111111111111 0.08020833333333334 0.11458333333333333
3 0.07552083333333333 0.041666666666666664 0.0828125 0.08263888888888889
3 0.03229166666666667 0.3055555555555556 0.0640625 0.09722222222222222
1 0.18125 0.15208333333333332 0.08489583333333334 0.1111111111111111
1 0.058333333333333334 0.3506944444444444 0.09791666666666667 0.11597222222222223
1 0.08489583333333334 0.3951388888888889 0.0890625 0.1125
1 0.0359375 0.8645833333333334 0.07135416666666666 0.12013888888888889
1 0.017708333333333333 0.9416666666666667 0.034895833333333334 0.08541666666666667
1 0.021354166666666667 0.25972222222222224 0.042708333333333334 0.07013888888888889
1 0.027083333333333334 0.03819444444444445 0.05416666666666667 0.07222222222222222
2 0.8848958333333333 0.8736111111111111 0.1265625 0.1673611111111111