2 0.30364583333333334 0.23194444444444445 0.0203125 0.02013888888888889
1 0.30572916666666666 0.24722222222222223 0.013541666666666667 0.01597222222222222
1 0.3338541666666667 0.2569444444444444 0.013020833333333334 0.014583333333333334
1 0.40677083333333336 0.26319444444444445 0.028125 0.015277777777777777
2 0.4005208333333333 0.35694444444444445 0.04114583333333333 0.03611111111111111
1 0.415625 0.3875 0.021875 0.02847222222222222
1 0.4744791666666667 0.37222222222222223 0.040625 0.024305555555555556
1 0.5020833333333333 0.3993055555555556 0.0359375 0.03680555555555556
2 0.22395833333333334 0.33402777777777776 0.057291666666666664 0.04027777777777778
2 0.03229166666666667 0.40347222222222223 0.05 0.08472222222222223
2 0.011979166666666667 0.32569444444444445 0.0234375 0.05763888888888889
1 0.2828125 0.36527777777777776 0.04583333333333333 0.022916666666666665
1 0.28854166666666664 0.37430555555555556 0.041666666666666664 0.025
1 0.325 0.40555555555555556 0.05260416666666667 0.03125
3 0.35 0.42569444444444443 0.050520833333333334 0.03958333333333333
1 0.3625 0.44513888888888886 0.058333333333333334 0.035416666666666666
1 0.5390625 0.45 0.0265625 0.03611111111111111
1 0.5958333333333333 0.5215277777777778 0.057291666666666664 0.04722222222222222
1 0.534375 0.5965277777777778 0.06927083333333334 0.04652777777777778
1 0.49583333333333335 0.55 0.0609375 0.04097222222222222
1 0.5057291666666667 0.5777777777777777 0.05572916666666667 0.04513888888888889
3 0.7875 0.7951388888888888 0.09010416666666667 0.10694444444444444
1 0.8447916666666667 0.8645833333333334 0.09375 0.09027777777777778
1 0.9354166666666667 0.9194444444444444 0.08229166666666667 0.10347222222222222
1 0.5114583333333333 0.22152777777777777 0.017708333333333333 0.015277777777777777
1 0.5177083333333333 0.23541666666666666 0.019791666666666666 0.015277777777777777
1 0.5520833333333334 0.22569444444444445 0.0203125 0.014583333333333334
1 0.27239583333333334 0.27847222222222223 0.0296875 0.02013888888888889