1 0.3546875 0.6986111111111111 0.0703125 0.0375
1 0.6057291666666667 0.59375 0.0359375 0.0375
1 0.08333333333333333 0.7638888888888888 0.08958333333333333 0.058333333333333334
1 0.019791666666666666 0.7444444444444445 0.03958333333333333 0.030555555555555555
1 0.0203125 0.6979166666666666 0.040625 0.058333333333333334
1 0.05520833333333333 0.6923611111111111 0.0515625 0.06805555555555555
1 0.09895833333333333 0.6840277777777778 0.033854166666666664 0.06180555555555556
1 0.184375 0.6569444444444444 0.0328125 0.05416666666666667
1 0.23697916666666666 0.64375 0.05572916666666667 0.03819444444444445
1 0.14583333333333334 0.6770833333333334 0.04010416666666667 0.050694444444444445
1 0.25625 0.6284722222222222 0.0578125 0.03263888888888889
1 0.2713541666666667 0.6138888888888889 0.0484375 0.02638888888888889
1 0.43802083333333336 0.5631944444444444 0.022916666666666665 0.03125
1 0.5947916666666667 0.5381944444444444 0.029166666666666667 0.02638888888888889
2 0.471875 0.6395833333333333 0.04375 0.08611111111111111
1 0.2760416666666667 0.5923611111111111 0.053125 0.022916666666666665
1 0.28177083333333336 0.58125 0.053125 0.018055555555555554
1 0.28125 0.5680555555555555 0.0484375 0.022916666666666665
1 0.2796875 0.5541666666666667 0.0515625 0.022222222222222223
1 0.28072916666666664 0.5451388888888888 0.04791666666666667 0.02013888888888889
1 0.2838541666666667 0.5354166666666667 0.04010416666666667 0.01875
1 0.2869791666666667 0.5263888888888889 0.0453125 0.022222222222222223
1 0.28958333333333336 0.5159722222222223 0.03854166666666667 0.027777777777777776
1 0.29322916666666665 0.5034722222222222 0.03697916666666667 0.01597222222222222
1 0.29375 0.49722222222222223 0.03697916666666667 0.017361111111111112
1 0.3645833333333333 0.5604166666666667 0.020833333333333332 0.025694444444444443
1 0.36041666666666666 0.54375 0.019270833333333334 0.02361111111111111
1 0.3703125 0.5875 0.040625 0.04027777777777778
1 0.35989583333333336 0.6243055555555556 0.030208333333333334 0.04097222222222222
1 0.3333333333333333 0.45694444444444443 0.034375 0.017361111111111112
1 0.3572916666666667 0.5291666666666667 0.020833333333333332 0.022222222222222223
1 0.9703125 0.59375 0.028125 0.03611111111111111
3 0.896875 0.5680555555555555 0.03854166666666667 0.03125
3 0.9927083333333333 0.5861111111111111 0.013541666666666667 0.03125
1 0.7854166666666667 0.5847222222222223 0.03854166666666667 0.02638888888888889
0 0.5875 0.48819444444444443 0.0515625 0.05416666666666667
0 0.5552083333333333 0.46111111111111114 0.03958333333333333 0.04375
1 0.33177083333333335 0.4409722222222222 0.03125 0.014583333333333334
1 0.33697916666666666 0.4354166666666667 0.022916666666666665 0.013194444444444444
1 0.3380208333333333 0.42569444444444443 0.022395833333333334 0.013194444444444444
1 0.33177083333333335 0.41944444444444445 0.021354166666666667 0.008333333333333333
1 0.32864583333333336 0.41388888888888886 0.022395833333333334 0.0125
3 0.3296875 0.39861111111111114 0.019791666666666666 0.017361111111111112
1 0.3296875 0.3729166666666667 0.0171875 0.008333333333333333
3 0.3223958333333333 0.36666666666666664 0.011979166666666667 0.009722222222222222
1 0.44583333333333336 0.40347222222222223 0.009895833333333333 0.010416666666666666
0 0.4640625 0.38333333333333336 0.019791666666666666 0.022916666666666665
0 0.45729166666666665 0.36527777777777776 0.0328125 0.013194444444444444
0 0.43645833333333334 0.36041666666666666 0.016666666666666666 0.01597222222222222
3 0.6375 0.3680555555555556 0.009375 0.005555555555555556
3 0.6671875 0.40694444444444444 0.011979166666666667 0.010416666666666666
1 0.5994791666666667 0.3701388888888889 0.009895833333333333 0.005555555555555556
1 0.5442708333333334 0.41597222222222224 0.009895833333333333 0.009722222222222222
3 0.5536458333333333 0.4215277777777778 0.013020833333333334 0.011111111111111112
1 0.5286458333333334 0.40625 0.013020833333333334 0.010416666666666666
1 0.5229166666666667 0.4 0.007291666666666667 0.009722222222222222
3 0.40729166666666666 0.3590277777777778 0.0078125 0.010416666666666666
1 0.3984375 0.35208333333333336 0.005729166666666666 0.005555555555555556
1 0.4010416666666667 0.3347222222222222 0.005208333333333333 0.005555555555555556