1 0.38385416666666666 0.6180555555555556 0.1578125 0.1486111111111111
1 0.3770833333333333 0.5055555555555555 0.12135416666666667 0.11736111111111111
1 0.22604166666666667 0.59375 0.13489583333333333 0.12083333333333333
1 0.1359375 0.45 0.0640625 0.12291666666666666
1 0.22239583333333332 0.36180555555555555 0.0734375 0.11597222222222223
1 0.2869791666666667 0.3333333333333333 0.07239583333333334 0.10694444444444444
1 0.4661458333333333 0.2326388888888889 0.075 0.1
1 0.559375 0.4909722222222222 0.11875 0.1326388888888889
1 0.42135416666666664 0.2673611111111111 0.07447916666666667 0.09722222222222222
1 0.35260416666666666 0.7875 0.1578125 0.17708333333333334
1 0.20572916666666666 0.7548611111111111 0.17135416666666667 0.1701388888888889
1 0.790625 0.05555555555555555 0.08020833333333334 0.07708333333333334
1 0.7109375 0.10555555555555556 0.08020833333333334 0.08194444444444444
1 0.6697916666666667 0.12152777777777778 0.08020833333333334 0.08125
1 0.6385416666666667 0.14305555555555555 0.08020833333333334 0.08194444444444444
1 0.58125 0.17083333333333334 0.08020833333333334 0.08125
1 0.6864583333333333 0.41041666666666665 0.10416666666666667 0.10833333333333334
1 0.8723958333333334 0.2638888888888889 0.0921875 0.10069444444444445
1 0.7848958333333333 0.33541666666666664 0.08802083333333334 0.09027777777777778
3 0.5171875 0.39305555555555555 0.0859375 0.09027777777777778
1 0.05677083333333333 0.7166666666666667 0.11354166666666667 0.16666666666666666