1 0.7473958333333334 0.7131944444444445 0.1421875 0.1798611111111111
1 0.084375 0.7576388888888889 0.1640625 0.21597222222222223
1 0.2109375 0.6319444444444444 0.13854166666666667 0.1326388888888889
1 0.30885416666666665 0.5326388888888889 0.09791666666666667 0.10069444444444445
1 0.36770833333333336 0.48333333333333334 0.07447916666666667 0.06597222222222222
1 0.4197916666666667 0.44027777777777777 0.0515625 0.06111111111111111
1 0.728125 0.5840277777777778 0.10364583333333334 0.11041666666666666
3 0.6895833333333333 0.5 0.13229166666666667 0.10694444444444444
1 0.6828125 0.4201388888888889 0.04583333333333333 0.07708333333333334
1 0.7609375 0.3902777777777778 0.09270833333333334 0.05138888888888889
1 0.6520833333333333 0.38680555555555557 0.08020833333333334 0.04652777777777778
1 0.7197916666666667 0.37222222222222223 0.06927083333333334 0.044444444444444446
1 0.45729166666666665 0.4111111111111111 0.052083333333333336 0.05347222222222222
1 0.43645833333333334 0.39791666666666664 0.065625 0.041666666666666664
1 0.3890625 0.38472222222222224 0.06666666666666667 0.04583333333333333
1 0.45677083333333335 0.37777777777777777 0.07760416666666667 0.04027777777777778
1 0.3859375 0.3680555555555556 0.0640625 0.03680555555555556
1 0.49947916666666664 0.37083333333333335 0.04739583333333333 0.029861111111111113
1 0.53125 0.3645833333333333 0.0515625 0.03680555555555556
1 0.5473958333333333 0.35694444444444445 0.04635416666666667 0.03333333333333333
1 0.559375 0.34305555555555556 0.041666666666666664 0.02638888888888889
1 0.5708333333333333 0.33402777777777776 0.0359375 0.02847222222222222
1 0.5822916666666667 0.33125 0.040625 0.025
1 0.5885416666666666 0.325 0.03854166666666667 0.022222222222222223
1 0.6015625 0.31875 0.03125 0.017361111111111112
1 0.6026041666666667 0.3145833333333333 0.034375 0.020833333333333332
1 0.6109375 0.3111111111111111 0.029166666666666667 0.020833333333333332
1 0.61875 0.31180555555555556 0.027083333333333334 0.022222222222222223
3 0.6213541666666667 0.30486111111111114 0.04010416666666667 0.02638888888888889
1 0.6291666666666667 0.3020833333333333 0.036458333333333336 0.022222222222222223
1 0.6401041666666667 0.29930555555555555 0.025520833333333333 0.017361111111111112
1 0.6458333333333334 0.2965277777777778 0.024479166666666666 0.017361111111111112
1 0.6427083333333333 0.2916666666666667 0.024479166666666666 0.014583333333333334
1 0.6552083333333333 0.2902777777777778 0.027083333333333334 0.015277777777777777
1 0.6609375 0.2861111111111111 0.019791666666666666 0.01597222222222222
1 0.6645833333333333 0.28402777777777777 0.0234375 0.015277777777777777
1 0.66875 0.28125 0.0234375 0.015277777777777777
1 0.6760416666666667 0.2763888888888889 0.020833333333333332 0.015277777777777777
1 0.7375 0.30972222222222223 0.020833333333333332 0.022916666666666665
1 0.6859375 0.35694444444444445 0.030208333333333334 0.029861111111111113
1 0.6765625 0.35208333333333336 0.036458333333333336 0.034027777777777775
1 0.6916666666666667 0.33819444444444446 0.03125 0.02847222222222222
1 0.6859375 0.3326388888888889 0.03125 0.022916666666666665
1 0.6916666666666667 0.3263888888888889 0.025520833333333333 0.025694444444444443
1 0.7 0.3173611111111111 0.025520833333333333 0.02361111111111111
1 0.7109375 0.31666666666666665 0.025520833333333333 0.02013888888888889
1 0.8614583333333333 0.9263888888888889 0.23125 0.14652777777777778