1 0.4171875 0.6111111111111112 0.06145833333333333 0.14583333333333334
1 0.7692708333333333 0.6680555555555555 0.10989583333333333 0.16319444444444445
1 0.8484375 0.5513888888888889 0.10833333333333334 0.13333333333333333
1 0.84375 0.2826388888888889 0.06302083333333333 0.05347222222222222
1 0.7947916666666667 0.24166666666666667 0.04635416666666667 0.035416666666666666
1 0.7171875 0.18472222222222223 0.0359375 0.03263888888888889
1 0.47708333333333336 0.31875 0.03854166666666667 0.052083333333333336
1 0.38958333333333334 0.35694444444444445 0.0421875 0.06875
1 0.33541666666666664 0.36736111111111114 0.0390625 0.06388888888888888
1 0.39375 0.29305555555555557 0.03229166666666667 0.05416666666666667
1 0.9713541666666666 0.37777777777777777 0.05 0.06180555555555556
1 0.9072916666666667 0.33194444444444443 0.07708333333333334 0.058333333333333334
1 0.5635416666666667 0.0763888888888889 0.0140625 0.01875
1 0.5375 0.07361111111111111 0.016666666666666666 0.02013888888888889
1 0.36041666666666666 0.18541666666666667 0.022395833333333334 0.029861111111111113
1 0.3390625 0.16458333333333333 0.022916666666666665 0.030555555555555555
1 0.24739583333333334 0.28888888888888886 0.08229166666666667 0.04583333333333333
1 0.2598958333333333 0.3798611111111111 0.06875 0.05694444444444444
1 0.28489583333333335 0.24861111111111112 0.06666666666666667 0.030555555555555555
1 0.2916666666666667 0.21736111111111112 0.06666666666666667 0.034027777777777775
1 0.7552083333333334 0.15 0.041666666666666664 0.022222222222222223
1 0.7442708333333333 0.14305555555555555 0.04010416666666667 0.029861111111111113
1 0.7380208333333333 0.13541666666666666 0.049479166666666664 0.02847222222222222
1 0.7333333333333333 0.12638888888888888 0.04635416666666667 0.02638888888888889
1 0.7140625 0.12291666666666666 0.059895833333333336 0.020833333333333332
1 0.6973958333333333 0.1111111111111111 0.05416666666666667 0.03333333333333333
1 0.5875 0.07569444444444444 0.011979166666666667 0.014583333333333334
1 0.36666666666666664 0.16319444444444445 0.025520833333333333 0.02847222222222222
1 0.8338541666666667 0.08402777777777778 0.0265625 0.014583333333333334
1 0.8203125 0.08194444444444444 0.0265625 0.020833333333333332
1 0.8875 0.11458333333333333 0.0265625 0.025694444444444443
1 0.93125 0.9402777777777778 0.13229166666666667 0.11527777777777778
3 0.30364583333333334 0.06458333333333334 0.03854166666666667 0.01597222222222222
3 0.3 0.07291666666666667 0.0328125 0.018055555555555554
1 0.28125 0.16597222222222222 0.027604166666666666 0.03263888888888889
3 0.37083333333333335 0.21319444444444444 0.0765625 0.03125
1 0.3536458333333333 0.14791666666666667 0.0515625 0.022222222222222223
3 0.33229166666666665 0.13472222222222222 0.05260416666666667 0.029861111111111113
1 0.4666666666666667 0.00625 0.008333333333333333 0.010416666666666666
1 0.5 0.01597222222222222 0.008333333333333333 0.007638888888888889
1 0.509375 0.025 0.009895833333333333 0.013194444444444444
1 0.5984375 0.08402777777777778 0.017708333333333333 0.01597222222222222
1 0.690625 0.14305555555555555 0.021354166666666667 0.025
3 0.48020833333333335 0.17708333333333334 0.024479166666666666 0.041666666666666664
1 0.8041666666666667 0.10694444444444444 0.040625 0.02638888888888889
1 0.8328125 0.12013888888888889 0.027083333333333334 0.02847222222222222
1 0.8802083333333334 0.14166666666666666 0.04375 0.03263888888888889
1 0.875 0.10208333333333333 0.028645833333333332 0.010416666666666666
1 0.859375 0.09375 0.03125 0.02013888888888889
1 0.9885416666666667 0.15555555555555556 0.022916666666666665 0.025694444444444443
3 0.971875 0.14166666666666666 0.025 0.03125