1 0.8515625 0.9291666666666667 0.0578125 0.044444444444444446
1 0.8416666666666667 0.8520833333333333 0.058333333333333334 0.06944444444444445
1 0.8359375 0.7534722222222222 0.059375 0.041666666666666664
1 0.7244791666666667 0.43194444444444446 0.05260416666666667 0.05625
1 0.7234375 0.3736111111111111 0.052083333333333336 0.052083333333333336
1 0.7098958333333333 0.1486111111111111 0.05416666666666667 0.03263888888888889
1 0.7072916666666667 0.11458333333333333 0.0515625 0.030555555555555555
1 0.7572916666666667 0.03958333333333333 0.03333333333333333 0.07361111111111111
1 0.5130208333333334 0.41875 0.027083333333333334 0.08125
2 0.5911458333333334 0.4125 0.04479166666666667 0.19791666666666666
1 0.3828125 0.18888888888888888 0.022916666666666665 0.06736111111111111
1 0.3765625 0.3902777777777778 0.05625 0.034027777777777775
1 0.3729166666666667 0.4340277777777778 0.05572916666666667 0.03125
1 0.37447916666666664 0.4701388888888889 0.05416666666666667 0.03263888888888889
1 0.3765625 0.5083333333333333 0.0421875 0.03125
1 0.37552083333333336 0.5465277777777777 0.050520833333333334 0.030555555555555555
1 0.378125 0.6236111111111111 0.05520833333333333 0.035416666666666666
1 0.37447916666666664 0.6701388888888888 0.05520833333333333 0.03611111111111111
1 0.3776041666666667 0.7138888888888889 0.05416666666666667 0.035416666666666666
1 0.3770833333333333 0.7569444444444444 0.057291666666666664 0.03263888888888889
1 0.37864583333333335 0.8020833333333334 0.059895833333333336 0.03888888888888889
1 0.37552083333333336 0.8458333333333333 0.059375 0.04027777777777778
1 0.37552083333333336 0.8902777777777777 0.057291666666666664 0.03888888888888889
1 0.3776041666666667 0.9736111111111111 0.06197916666666667 0.03888888888888889