1 0.34010416666666665 0.8006944444444445 0.025 0.050694444444444445
1 0.896875 0.9298611111111111 0.0265625 0.06597222222222222
1 0.9276041666666667 0.7784722222222222 0.025520833333333333 0.059722222222222225
1 0.9307291666666667 0.6270833333333333 0.021354166666666667 0.043055555555555555
1 0.8921875 0.6125 0.019791666666666666 0.041666666666666664
1 0.9401041666666666 0.43819444444444444 0.0140625 0.029166666666666667
0 0.9208333333333333 0.3958333333333333 0.025520833333333333 0.06319444444444444
1 0.9744791666666667 0.22013888888888888 0.015625 0.01875
3 0.9333333333333333 0.23125 0.015625 0.022916666666666665
1 0.8286458333333333 0.2638888888888889 0.027083333333333334 0.022916666666666665
0 0.9260416666666667 0.10694444444444444 0.03802083333333333 0.035416666666666666
1 0.89375 0.38055555555555554 0.013541666666666667 0.035416666666666666
1 0.8708333333333333 0.3680555555555556 0.017708333333333333 0.035416666666666666
1 0.7046875 0.31875 0.019270833333333334 0.022916666666666665
3 0.815625 0.43333333333333335 0.01875 0.03958333333333333
1 0.771875 0.6645833333333333 0.016666666666666666 0.044444444444444446
1 0.7276041666666667 0.7131944444444445 0.017708333333333333 0.04583333333333333
3 0.7161458333333334 0.5645833333333333 0.017708333333333333 0.04027777777777778
3 0.5651041666666666 0.7138888888888889 0.016666666666666666 0.04722222222222222
2 0.6078125 0.6048611111111111 0.021354166666666667 0.0625
0 0.6598958333333333 0.29583333333333334 0.040625 0.0763888888888889
1 0.5375 0.22569444444444445 0.009375 0.02013888888888889
1 0.49114583333333334 0.3451388888888889 0.015104166666666667 0.02013888888888889
0 0.5135416666666667 0.1375 0.041666666666666664 0.03958333333333333
1 0.44479166666666664 0.12291666666666666 0.015625 0.015277777777777777
1 0.39427083333333335 0.10486111111111111 0.0140625 0.013888888888888888
3 0.7630208333333334 0.9694444444444444 0.022395833333333334 0.058333333333333334
0 0.6296875 0.9173611111111111 0.027604166666666666 0.09652777777777778
0 0.36666666666666664 0.6798611111111111 0.040625 0.12083333333333333
0 0.340625 0.18819444444444444 0.0171875 0.029166666666666667
0 0.3484375 0.21388888888888888 0.019270833333333334 0.044444444444444446
0 0.35520833333333335 0.24930555555555556 0.022395833333333334 0.052083333333333336
0 0.37135416666666665 0.25069444444444444 0.024479166666666666 0.044444444444444446
0 0.3723958333333333 0.17430555555555555 0.04635416666666667 0.029166666666666667
0 0.3770833333333333 0.18333333333333332 0.03854166666666667 0.02638888888888889
0 0.375 0.19236111111111112 0.04583333333333333 0.029166666666666667
0 0.38385416666666666 0.2 0.04479166666666667 0.029166666666666667
0 0.3932291666666667 0.2076388888888889 0.049479166666666664 0.03194444444444444
0 0.40729166666666666 0.23194444444444445 0.04635416666666667 0.034027777777777775
0 0.4166666666666667 0.2388888888888889 0.04739583333333333 0.03194444444444444
0 0.42239583333333336 0.24930555555555556 0.04791666666666667 0.03194444444444444
0 0.4744791666666667 0.30069444444444443 0.041666666666666664 0.058333333333333334
0 0.4234375 0.25972222222222224 0.034375 0.02638888888888889
1 0.3854166666666667 0.6069444444444444 0.016666666666666666 0.034027777777777775
1 0.3880208333333333 0.5534722222222223 0.015104166666666667 0.03333333333333333
1 0.39114583333333336 0.44027777777777777 0.011979166666666667 0.027777777777777776
1 0.39739583333333334 0.4708333333333333 0.011979166666666667 0.030555555555555555
3 0.39427083333333335 0.5048611111111111 0.013020833333333334 0.03333333333333333
3 0.23333333333333334 0.2673611111111111 0.015625 0.011111111111111112
3 0.20052083333333334 0.3138888888888889 0.011458333333333333 0.021527777777777778
1 0.196875 0.3333333333333333 0.0109375 0.01875
3 0.22552083333333334 0.33055555555555555 0.009895833333333333 0.02638888888888889