1 0.1515625 0.19305555555555556 0.029166666666666667 0.035416666666666666
1 0.13333333333333333 0.17430555555555555 0.0234375 0.034027777777777775
1 0.11666666666666667 0.15138888888888888 0.022395833333333334 0.02638888888888889
1 0.1046875 0.1326388888888889 0.0265625 0.02638888888888889
1 0.09270833333333334 0.10833333333333334 0.030208333333333334 0.022916666666666665
1 0.084375 0.09583333333333334 0.021354166666666667 0.02361111111111111
1 0.0765625 0.07777777777777778 0.022395833333333334 0.01875
1 0.06666666666666667 0.06527777777777778 0.016666666666666666 0.02361111111111111
1 0.057291666666666664 0.044444444444444446 0.0171875 0.02013888888888889
1 0.0484375 0.03194444444444444 0.009375 0.018055555555555554
1 0.09427083333333333 0.011805555555555555 0.015625 0.02013888888888889
1 0.11197916666666667 0.03125 0.01875 0.02013888888888889
1 0.14166666666666666 0.02361111111111111 0.019791666666666666 0.025694444444444443
1 0.18333333333333332 0.04027777777777778 0.03229166666666667 0.017361111111111112
1 0.19375 0.04791666666666667 0.030208333333333334 0.02013888888888889
1 0.2203125 0.07152777777777777 0.030729166666666665 0.02638888888888889
1 0.22916666666666666 0.0763888888888889 0.030729166666666665 0.018055555555555554
1 0.2359375 0.08611111111111111 0.03697916666666667 0.018055555555555554
1 0.2515625 0.09444444444444444 0.029166666666666667 0.02013888888888889
3 0.27708333333333335 0.1111111111111111 0.024479166666666666 0.03263888888888889
1 0.31979166666666664 0.11597222222222223 0.03802083333333333 0.025694444444444443
1 0.16197916666666667 0.09027777777777778 0.021354166666666667 0.022916666666666665
3 0.14947916666666666 0.13680555555555557 0.027604166666666666 0.035416666666666666
1 0.1984375 0.16597222222222222 0.025 0.029861111111111113
1 0.2046875 0.1423611111111111 0.0265625 0.03125
1 0.2947916666666667 0.24791666666666667 0.03229166666666667 0.03333333333333333
1 0.27447916666666666 0.21805555555555556 0.029166666666666667 0.03263888888888889
1 0.2453125 0.19027777777777777 0.030729166666666665 0.030555555555555555
1 0.22708333333333333 0.16666666666666666 0.027083333333333334 0.02638888888888889
1 0.2921875 0.16111111111111112 0.019791666666666666 0.02638888888888889
1 0.3109375 0.15555555555555556 0.0265625 0.025
1 0.3333333333333333 0.1486111111111111 0.027083333333333334 0.02638888888888889
3 0.3302083333333333 0.27569444444444446 0.04375 0.044444444444444446
2 0.18541666666666667 0.35208333333333336 0.04635416666666667 0.08125
1 0.2328125 0.3423611111111111 0.03125 0.058333333333333334
2 0.10260416666666666 0.6888888888888889 0.20520833333333333 0.2111111111111111
3 0.034895833333333334 0.6402777777777777 0.06770833333333333 0.049305555555555554
1 0.30052083333333335 0.5569444444444445 0.07291666666666667 0.07013888888888889
2 0.30625 0.48194444444444445 0.09739583333333333 0.10277777777777777
1 0.3796875 0.5402777777777777 0.07916666666666666 0.06319444444444444
1 0.4322916666666667 0.3902777777777778 0.059375 0.06597222222222222
1 0.5265625 0.42083333333333334 0.05625 0.049305555555555554
1 0.6177083333333333 0.3263888888888889 0.052083333333333336 0.04375
1 0.5489583333333333 0.29930555555555555 0.050520833333333334 0.03819444444444445
3 0.3734375 0.29375 0.0484375 0.044444444444444446
3 0.5161458333333333 0.3715277777777778 0.0609375 0.059027777777777776
3 0.6984375 0.3590277777777778 0.04635416666666667 0.05347222222222222
3 0.74375 0.22430555555555556 0.04375 0.044444444444444446
3 0.8588541666666667 0.16111111111111112 0.03333333333333333 0.03125
1 0.7270833333333333 0.02638888888888889 0.021354166666666667 0.02361111111111111
1 0.8666666666666667 0.009722222222222222 0.01875 0.01597222222222222
1 0.9609375 0.04027777777777778 0.015104166666666667 0.017361111111111112
1 0.9895833333333334 0.017361111111111112 0.013541666666666667 0.01597222222222222
1 0.9510416666666667 0.034027777777777775 0.015104166666666667 0.015277777777777777
1 0.9328125 0.03125 0.019791666666666666 0.018055555555555554
1 0.9203125 0.02847222222222222 0.019270833333333334 0.017361111111111112
1 0.9036458333333334 0.021527777777777778 0.019791666666666666 0.014583333333333334
1 0.8885416666666667 0.02013888888888889 0.015625 0.01875
1 0.9239583333333333 0.011111111111111112 0.015104166666666667 0.0125
1 0.9088541666666666 0.007638888888888889 0.016666666666666666 0.015277777777777777
0 0.9526041666666667 0.08611111111111111 0.0640625 0.052083333333333336
1 0.9255208333333333 0.12777777777777777 0.028645833333333332 0.027777777777777776
2 0.9671875 0.11597222222222223 0.065625 0.07916666666666666
2 0.821875 0.6083333333333333 0.08072916666666667 0.12013888888888889
1 0.8927083333333333 0.9194444444444444 0.10989583333333333 0.13055555555555556