3 0.953125 0.9138888888888889 0.09270833333333334 0.15416666666666667
1 0.8140625 0.6923611111111111 0.09375 0.06527777777777778
0 0.7265625 0.46458333333333335 0.10989583333333333 0.075
1 0.65 0.42569444444444443 0.028125 0.03888888888888889
2 0.7083333333333334 0.42777777777777776 0.059375 0.04375
3 0.6973958333333333 0.38958333333333334 0.0390625 0.03888888888888889
1 0.40677083333333336 0.40555555555555556 0.042708333333333334 0.03263888888888889
1 0.6447916666666667 0.2861111111111111 0.030729166666666665 0.019444444444444445
1 0.5979166666666667 0.26458333333333334 0.014583333333333334 0.022916666666666665
3 0.5567708333333333 0.27291666666666664 0.0140625 0.029861111111111113
1 0.48489583333333336 0.2826388888888889 0.028645833333333332 0.02013888888888889
3 0.48125 0.20347222222222222 0.011979166666666667 0.022916666666666665
3 0.5203125 0.19930555555555557 0.017708333333333333 0.017361111111111112
1 0.5010416666666667 0.22708333333333333 0.0265625 0.017361111111111112
3 0.5010416666666667 0.24930555555555556 0.0203125 0.013194444444444444
1 0.49947916666666664 0.2569444444444444 0.027604166666666666 0.014583333333333334
1 0.49635416666666665 0.2659722222222222 0.028645833333333332 0.017361111111111112
1 0.49322916666666666 0.27291666666666664 0.027604166666666666 0.02013888888888889
1 0.56875 0.15625 0.0067708333333333336 0.010416666666666666
2 0.5583333333333333 0.1486111111111111 0.0067708333333333336 0.01597222222222222
1 0.6114583333333333 0.16944444444444445 0.016666666666666666 0.01597222222222222