1 0.3104166666666667 0.7951388888888888 0.10572916666666667 0.11875
1 0.225 0.7138888888888889 0.0640625 0.11319444444444444
1 0.16614583333333333 0.61875 0.1 0.08958333333333333
1 0.12135416666666667 0.54375 0.06666666666666667 0.07291666666666667
3 0.0953125 0.4236111111111111 0.090625 0.06180555555555556
1 0.259375 0.3333333333333333 0.05260416666666667 0.03819444444444445
1 0.24375 0.31805555555555554 0.04479166666666667 0.034027777777777775
1 0.21875 0.3055555555555556 0.05625 0.034722222222222224
1 0.4546875 0.3486111111111111 0.05520833333333333 0.041666666666666664
1 0.5072916666666667 0.37430555555555556 0.04791666666666667 0.04027777777777778
1 0.5541666666666667 0.3909722222222222 0.03229166666666667 0.044444444444444446