3 0.29322916666666665 0.5583333333333333 0.10260416666666666 0.09097222222222222
3 0.29322916666666665 0.48333333333333334 0.0875 0.0798611111111111
1 0.31875 0.4173611111111111 0.084375 0.07430555555555556
3 0.46458333333333335 0.3159722222222222 0.0703125 0.06944444444444445
1 0.46770833333333334 0.3861111111111111 0.08385416666666666 0.08055555555555556
1 0.475 0.4736111111111111 0.0859375 0.075
1 0.48072916666666665 0.5506944444444445 0.10208333333333333 0.08055555555555556
1 0.45364583333333336 0.6416666666666667 0.096875 0.08888888888888889
0 0.5625 0.8166666666666667 0.0625 0.31666666666666665
2 0.640625 0.8652777777777778 0.0640625 0.23541666666666666
1 0.7213541666666666 0.5597222222222222 0.09739583333333333 0.09027777777777778
1 0.7098958333333333 0.48819444444444443 0.0890625 0.07430555555555556
1 0.709375 0.41388888888888886 0.090625 0.06666666666666667
2 0.7161458333333334 0.3506944444444444 0.10416666666666667 0.08541666666666667
1 0.8135416666666667 0.07152777777777777 0.06927083333333334 0.05763888888888889