3 0.315625 0.8277777777777777 0.06979166666666667 0.14791666666666667
1 0.128125 0.6145833333333334 0.11197916666666667 0.08194444444444444
1 0.23020833333333332 0.33958333333333335 0.06666666666666667 0.125
1 0.17239583333333333 0.3416666666666667 0.06510416666666667 0.11319444444444444
1 0.07864583333333333 0.3013888888888889 0.0671875 0.1111111111111111
1 0.40989583333333335 0.04583333333333333 0.05260416666666667 0.09166666666666666
1 0.3729166666666667 0.9513888888888888 0.06666666666666667 0.09722222222222222
1 0.14635416666666667 0.9444444444444444 0.084375 0.1111111111111111
1 0.06041666666666667 0.9666666666666667 0.0734375 0.06319444444444444
1 0.020833333333333332 0.8930555555555556 0.041666666666666664 0.15833333333333333
1 0.030208333333333334 0.5409722222222222 0.06041666666666667 0.06805555555555555