1 0.4036458333333333 0.4895833333333333 0.034375 0.04097222222222222
1 0.43697916666666664 0.4597222222222222 0.03125 0.03819444444444445
1 0.48541666666666666 0.42569444444444443 0.029166666666666667 0.03333333333333333
1 0.3875 0.4 0.03177083333333333 0.035416666666666666
1 0.33177083333333335 0.32222222222222224 0.023958333333333335 0.029861111111111113
1 0.27395833333333336 0.29375 0.025520833333333333 0.03611111111111111
1 0.234375 0.3277777777777778 0.027604166666666666 0.03333333333333333
2 0.20572916666666666 0.30069444444444443 0.025520833333333333 0.041666666666666664
3 0.221875 0.2951388888888889 0.021875 0.030555555555555555
1 0.23645833333333333 0.2881944444444444 0.025 0.027777777777777776
1 0.2515625 0.27569444444444446 0.021875 0.03611111111111111
1 0.1 0.34444444444444444 0.03177083333333333 0.03888888888888889
1 0.16770833333333332 0.24791666666666667 0.0203125 0.027083333333333334
1 0.15520833333333334 0.2111111111111111 0.019270833333333334 0.027083333333333334
1 0.10885416666666667 0.22916666666666666 0.019270833333333334 0.025694444444444443
1 0.11875 0.2048611111111111 0.01875 0.025
1 0.13645833333333332 0.1986111111111111 0.021875 0.025694444444444443
1 0.10052083333333334 0.15138888888888888 0.019791666666666666 0.021527777777777778
2 0.07395833333333333 0.17708333333333334 0.021875 0.03333333333333333
1 0.042708333333333334 0.10972222222222222 0.026041666666666668 0.024305555555555556
1 0.0453125 0.05277777777777778 0.015625 0.022222222222222223
1 0.0234375 0.041666666666666664 0.011458333333333333 0.024305555555555556
1 0.8338541666666667 0.04861111111111111 0.021354166666666667 0.021527777777777778
1 0.9328125 0.10416666666666667 0.015625 0.024305555555555556