1 0.128125 0.34305555555555556 0.027604166666666666 0.021527777777777778
1 0.17083333333333334 0.3013888888888889 0.0265625 0.016666666666666666
1 0.4947916666666667 0.5819444444444445 0.0140625 0.04722222222222222
1 0.4869791666666667 0.7506944444444444 0.015104166666666667 0.052083333333333336
1 0.6390625 0.7555555555555555 0.0140625 0.05486111111111111
1 0.7979166666666667 0.32222222222222224 0.03125 0.025694444444444443
1 0.5807291666666666 0.33055555555555555 0.022916666666666665 0.021527777777777778
1 0.7182291666666667 0.33541666666666664 0.0265625 0.02638888888888889
1 0.01875 0.32222222222222224 0.027604166666666666 0.022916666666666665
0 0.5244791666666667 0.4618055555555556 0.022395833333333334 0.06597222222222222
3 0.6322916666666667 0.5986111111111111 0.015625 0.052083333333333336
1 0.4666666666666667 0.3229166666666667 0.027604166666666666 0.024305555555555556
3 0.546875 0.30625 0.027604166666666666 0.024305555555555556
1 0.5390625 0.24791666666666667 0.022916666666666665 0.024305555555555556
3 0.9510416666666667 0.34444444444444444 0.034895833333333334 0.03194444444444444
1 0.9911458333333333 0.37777777777777777 0.017708333333333333 0.02638888888888889
1 0.3333333333333333 0.011111111111111112 0.008333333333333333 0.013888888888888888
3 0.9921875 0.0875 0.013020833333333334 0.027777777777777776
1 0.6677083333333333 0.4465277777777778 0.029166666666666667 0.022916666666666665
1 0.6723958333333333 0.4673611111111111 0.030208333333333334 0.021527777777777778
1 0.6739583333333333 0.49166666666666664 0.027604166666666666 0.01875
1 0.5151041666666667 0.4166666666666667 0.016666666666666666 0.029166666666666667
1 0.9494791666666667 0.4666666666666667 0.036458333333333336 0.02638888888888889
1 0.8859375 0.4673611111111111 0.040625 0.029166666666666667
1 0.9286458333333333 0.05625 0.009895833333333333 0.01875