1 0.026041666666666668 0.7472222222222222 0.052083333333333336 0.04097222222222222
1 0.042708333333333334 0.6916666666666667 0.059375 0.030555555555555555
3 0.746875 0.9479166666666666 0.07083333333333333 0.06388888888888888
1 0.5973958333333333 0.7375 0.029166666666666667 0.06944444444444445
1 0.7494791666666667 0.7395833333333334 0.0328125 0.06597222222222222
1 0.6390625 0.6479166666666667 0.04791666666666667 0.02847222222222222
1 0.6416666666666667 0.6763888888888889 0.0484375 0.030555555555555555
2 0.6359375 0.7368055555555556 0.03229166666666667 0.075
1 0.5572916666666666 0.4479166666666667 0.036458333333333336 0.025
1 0.5625 0.425 0.03802083333333333 0.022222222222222223
1 0.6776041666666667 0.5326388888888889 0.04739583333333333 0.029861111111111113
1 0.546875 0.2652777777777778 0.029166666666666667 0.02361111111111111
1 0.6145833333333334 0.2590277777777778 0.022395833333333334 0.01875
1 0.4244791666666667 0.40347222222222223 0.01875 0.03333333333333333
1 0.5020833333333333 0.16111111111111112 0.013020833333333334 0.022916666666666665
1 0.23333333333333334 0.1673611111111111 0.025 0.015277777777777777
1 0.29322916666666665 0.17777777777777778 0.025 0.015277777777777777
1 0.29739583333333336 0.16944444444444445 0.0265625 0.013194444444444444
3 0.31302083333333336 0.14930555555555555 0.022395833333333334 0.01597222222222222
2 0.203125 0.2111111111111111 0.029166666666666667 0.017361111111111112
1 0.21302083333333333 0.19444444444444445 0.027083333333333334 0.017361111111111112
2 0.1859375 0.25069444444444444 0.04479166666666667 0.02361111111111111
2 0.2109375 0.3 0.027083333333333334 0.01875
3 0.11302083333333333 0.33194444444444443 0.03229166666666667 0.025694444444444443
1 0.2109375 0.3368055555555556 0.028645833333333332 0.01597222222222222
3 0.309375 0.12916666666666668 0.019791666666666666 0.018055555555555554