1 0.005208333333333333 0.020833333333333332 0.005729166666666666 0.011111111111111112
1 0.011458333333333333 0.018055555555555554 0.005729166666666666 0.011111111111111112
1 0.009895833333333333 0.03263888888888889 0.005729166666666666 0.013888888888888888
1 0.029166666666666667 0.02847222222222222 0.007291666666666667 0.013888888888888888
1 0.03697916666666667 0.027083333333333334 0.00625 0.016666666666666666
1 0.034375 0.05694444444444444 0.005729166666666666 0.0125
1 0.03229166666666667 0.07291666666666667 0.005729166666666666 0.013888888888888888
1 0.025 0.07430555555555556 0.005729166666666666 0.016666666666666666
1 0.01875 0.016666666666666666 0.005729166666666666 0.0125
1 0.03125 0.015277777777777777 0.00625 0.0125
1 0.025 0.018055555555555554 0.007291666666666667 0.013888888888888888
1 0.01875 0.06041666666666667 0.007291666666666667 0.013888888888888888
1 0.011979166666666667 0.0625 0.007291666666666667 0.013888888888888888
1 0.017708333333333333 0.0763888888888889 0.0078125 0.018055555555555554
1 0.05677083333333333 0.1326388888888889 0.009375 0.016666666666666666
1 0.041666666666666664 0.1798611111111111 0.007291666666666667 0.016666666666666666
1 0.034375 0.1798611111111111 0.007291666666666667 0.013888888888888888
1 0.084375 0.12430555555555556 0.005729166666666666 0.015277777777777777
1 0.05260416666666667 0.1798611111111111 0.007291666666666667 0.013888888888888888
1 0.059895833333333336 0.17847222222222223 0.007291666666666667 0.016666666666666666
1 0.06666666666666667 0.17777777777777778 0.009375 0.018055555555555554
1 0.07395833333333333 0.1763888888888889 0.0078125 0.018055555555555554
1 0.09010416666666667 0.12430555555555556 0.00625 0.015277777777777777
1 0.11197916666666667 0.11805555555555555 0.005729166666666666 0.015277777777777777
2 0.09947916666666666 0.09097222222222222 0.08020833333333334 0.03958333333333333
3 0.1171875 0.17777777777777778 0.0171875 0.015277777777777777
3 0.11666666666666667 0.16458333333333333 0.005729166666666666 0.01875
3 0.10260416666666666 0.16527777777777777 0.005729166666666666 0.015277777777777777
1 0.09583333333333334 0.16805555555555557 0.007291666666666667 0.016666666666666666
1 0.10989583333333333 0.16597222222222222 0.007291666666666667 0.015277777777777777
1 0.041666666666666664 0.14722222222222223 0.005729166666666666 0.0125
3 0.0765625 0.13958333333333334 0.005729166666666666 0.018055555555555554
1 0.18958333333333333 0.1951388888888889 0.011979166666666667 0.018055555555555554
2 0.0671875 0.28680555555555554 0.009895833333333333 0.025694444444444443
1 0.23229166666666667 0.4798611111111111 0.00625 0.022916666666666665
1 0.1859375 0.6909722222222222 0.0078125 0.021527777777777778
1 0.2890625 0.011111111111111112 0.00625 0.013888888888888888
1 0.3453125 0.04583333333333333 0.0078125 0.015277777777777777
1 0.3255208333333333 0.13125 0.008333333333333333 0.016666666666666666
1 0.32916666666666666 0.06666666666666667 0.0109375 0.016666666666666666
3 0.38229166666666664 0.11388888888888889 0.008333333333333333 0.01875
3 0.36822916666666666 0.1736111111111111 0.0078125 0.02013888888888889
1 0.3848958333333333 0.1527777777777778 0.008333333333333333 0.01875
3 0.39739583333333334 0.19652777777777777 0.008333333333333333 0.022916666666666665
0 0.4046875 0.25555555555555554 0.013541666666666667 0.034027777777777775
1 0.39739583333333334 0.33611111111111114 0.009375 0.018055555555555554
2 0.39010416666666664 0.3958333333333333 0.016666666666666666 0.04583333333333333
1 0.3770833333333333 0.3472222222222222 0.007291666666666667 0.024305555555555556
1 0.33697916666666666 0.6361111111111111 0.009895833333333333 0.02638888888888889
1 0.3854166666666667 0.6076388888888888 0.0109375 0.025694444444444443
1 0.3927083333333333 0.6041666666666666 0.009895833333333333 0.025694444444444443
2 0.32916666666666666 0.8979166666666667 0.06875 0.029166666666666667
2 0.3223958333333333 0.9402777777777778 0.06875 0.027777777777777776
2 0.32708333333333334 0.98125 0.07135416666666666 0.027777777777777776
1 0.43802083333333336 0.8479166666666667 0.019270833333333334 0.025694444444444443
2 0.40729166666666666 0.8208333333333333 0.0171875 0.04791666666666667
2 0.47760416666666666 0.9298611111111111 0.027604166666666666 0.03194444444444444
2 0.4734375 0.9805555555555555 0.03125 0.034027777777777775
2 0.48854166666666665 0.9854166666666667 0.04010416666666667 0.02638888888888889
3 0.5427083333333333 0.9736111111111111 0.015104166666666667 0.03819444444444445
2 0.5052083333333334 0.7805555555555556 0.017708333333333333 0.04791666666666667
2 0.5234375 0.7861111111111111 0.0171875 0.04722222222222222
1 0.42239583333333336 0.2847222222222222 0.009895833333333333 0.024305555555555556
1 0.4322916666666667 0.3888888888888889 0.008333333333333333 0.021527777777777778
1 0.4505208333333333 0.45555555555555555 0.009895833333333333 0.022916666666666665
1 0.475 0.47430555555555554 0.009895833333333333 0.02638888888888889
0 0.4875 0.3125 0.025 0.06736111111111111
2 0.4666666666666667 0.37777777777777777 0.024479166666666666 0.06736111111111111
2 0.4484375 0.40347222222222223 0.0171875 0.04583333333333333
3 0.42552083333333335 0.4340277777777778 0.009375 0.022916666666666665
3 0.4109375 0.425 0.013541666666666667 0.035416666666666666
2 0.4901041666666667 0.5479166666666667 0.029166666666666667 0.0798611111111111
3 0.5244791666666667 0.5770833333333333 0.011979166666666667 0.027777777777777776
3 0.41458333333333336 0.6173611111111111 0.0109375 0.02638888888888889
3 0.47239583333333335 0.6034722222222222 0.011458333333333333 0.029166666666666667
3 0.5203125 0.675 0.011979166666666667 0.03333333333333333
1 0.46197916666666666 0.6166666666666667 0.0109375 0.027777777777777776
1 0.4427083333333333 0.5909722222222222 0.011458333333333333 0.02638888888888889
1 0.4171875 0.6576388888888889 0.011458333333333333 0.027777777777777776
1 0.4083333333333333 0.6652777777777777 0.011458333333333333 0.025694444444444443
1 0.5473958333333333 0.9326388888888889 0.0140625 0.035416666666666666
0 0.5895833333333333 0.8770833333333333 0.017708333333333333 0.04791666666666667
2 0.5447916666666667 0.7243055555555555 0.025 0.07083333333333333
3 0.6401041666666667 0.3659722222222222 0.011458333333333333 0.024305555555555556
1 0.6630208333333333 0.3402777777777778 0.011458333333333333 0.022916666666666665
3 0.8890625 0.07916666666666666 0.016666666666666666 0.024305555555555556
3 0.9177083333333333 0.1361111111111111 0.022916666666666665 0.03194444444444444
3 0.9494791666666667 0.18472222222222223 0.022395833333333334 0.03680555555555556
3 0.9916666666666667 0.2611111111111111 0.016666666666666666 0.03333333333333333