1 0.246875 0.5416666666666666 0.03333333333333333 0.020833333333333332
1 0.16614583333333333 0.5034722222222222 0.022395833333333334 0.022222222222222223
1 0.20729166666666668 0.49027777777777776 0.030208333333333334 0.022222222222222223
1 0.23385416666666667 0.46875 0.020833333333333332 0.02361111111111111
1 0.06979166666666667 0.5506944444444445 0.04010416666666667 0.025
3 0.025520833333333333 0.5236111111111111 0.029166666666666667 0.02013888888888889
1 0.12552083333333333 0.6465277777777778 0.034895833333333334 0.04027777777777778
1 0.4484375 0.45555555555555555 0.0140625 0.027777777777777776
2 0.48802083333333335 0.20694444444444443 0.00625 0.015277777777777777
1 0.48125 0.17222222222222222 0.004166666666666667 0.008333333333333333
0 0.49375 0.17152777777777778 0.005729166666666666 0.013194444444444444
1 0.5010416666666667 0.20069444444444445 0.0036458333333333334 0.007638888888888889
1 0.5208333333333334 0.22083333333333333 0.013020833333333334 0.011111111111111112
1 0.50625 0.22013888888888888 0.009375 0.015277777777777777
1 0.3953125 0.22361111111111112 0.0078125 0.009722222222222222
1 0.4036458333333333 0.22430555555555556 0.007291666666666667 0.010416666666666666
1 0.41041666666666665 0.225 0.0078125 0.008333333333333333
1 0.79375 0.3277777777777778 0.008333333333333333 0.0125
1 0.7791666666666667 0.30625 0.013541666666666667 0.014583333333333334
1 0.7697916666666667 0.2965277777777778 0.011458333333333333 0.010416666666666666
1 0.6223958333333334 0.21319444444444444 0.007291666666666667 0.009722222222222222
1 0.6286458333333333 0.2111111111111111 0.007291666666666667 0.010416666666666666
1 0.6359375 0.21319444444444444 0.007291666666666667 0.007638888888888889
1 0.6432291666666666 0.21180555555555555 0.00625 0.008333333333333333
1 0.6213541666666667 0.20277777777777778 0.011458333333333333 0.007638888888888889
1 0.5984375 0.20277777777777778 0.008333333333333333 0.007638888888888889