3 0.03697916666666667 0.20972222222222223 0.06354166666666666 0.09166666666666666
3 0.09583333333333334 0.2569444444444444 0.07291666666666667 0.09027777777777778
3 0.15989583333333332 0.30694444444444446 0.07239583333333334 0.09375
1 0.2265625 0.36180555555555555 0.0734375 0.08888888888888889
3 0.29583333333333334 0.4083333333333333 0.08854166666666667 0.12152777777777778
3 0.3963541666666667 0.10347222222222222 0.065625 0.11041666666666666
3 0.4125 0.03333333333333333 0.05416666666666667 0.06666666666666667
3 0.7234375 0.017361111111111112 0.06927083333333334 0.03194444444444444
0 0.7609375 0.7944444444444444 0.21197916666666666 0.26666666666666666
1 0.7265625 0.08541666666666667 0.03802083333333333 0.052083333333333336
1 0.7036458333333333 0.06527777777777778 0.03854166666666667 0.052083333333333336
3 0.6802083333333333 0.10347222222222222 0.040625 0.06458333333333334
3 0.6234375 0.06527777777777778 0.03802083333333333 0.075
3 0.5911458333333334 0.020833333333333332 0.0421875 0.041666666666666664
1 0.6203125 0.025694444444444443 0.034895833333333334 0.04722222222222222
1 0.65 0.03958333333333333 0.034375 0.050694444444444445
1 0.6734375 0.05277777777777778 0.034375 0.04722222222222222
1 0.6479166666666667 0.09305555555555556 0.034375 0.049305555555555554