1 0.49270833333333336 0.08541666666666667 0.008854166666666666 0.004166666666666667
1 0.5083333333333333 0.09652777777777778 0.0036458333333333334 0.005555555555555556
1 0.49583333333333335 0.11041666666666666 0.00625 0.007638888888888889
1 0.5114583333333333 0.10138888888888889 0.005208333333333333 0.004166666666666667
1 0.5166666666666667 0.10416666666666667 0.011979166666666667 0.003472222222222222
1 0.515625 0.10833333333333334 0.008854166666666666 0.005555555555555556
1 0.5171875 0.11180555555555556 0.011458333333333333 0.006944444444444444
1 0.5182291666666666 0.11458333333333333 0.007291666666666667 0.005555555555555556
1 0.5161458333333333 0.11805555555555555 0.0067708333333333336 0.006944444444444444
1 0.4791666666666667 0.12152777777777778 0.005729166666666666 0.005555555555555556
1 0.4786458333333333 0.125 0.00625 0.008333333333333333
1 0.4765625 0.13125 0.00625 0.007638888888888889
3 0.46822916666666664 0.13333333333333333 0.0109375 0.008333333333333333
1 0.4192708333333333 0.12708333333333333 0.014583333333333334 0.008333333333333333
1 0.41822916666666665 0.12986111111111112 0.015625 0.00625
1 0.41770833333333335 0.13333333333333333 0.0140625 0.008333333333333333
1 0.5192708333333333 0.14791666666666667 0.0171875 0.008333333333333333
2 0.5192708333333333 0.16111111111111112 0.021875 0.019444444444444445
1 0.5166666666666667 0.1736111111111111 0.008854166666666666 0.009027777777777777
1 0.515625 0.18263888888888888 0.008333333333333333 0.008333333333333333
3 0.5177083333333333 0.18888888888888888 0.010416666666666666 0.01597222222222222
1 0.4734375 0.1423611111111111 0.0067708333333333336 0.005555555555555556
1 0.47291666666666665 0.14652777777777778 0.0067708333333333336 0.005555555555555556
1 0.47291666666666665 0.15069444444444444 0.00625 0.006944444444444444
1 0.47291666666666665 0.15625 0.00625 0.008333333333333333
1 0.46822916666666664 0.18125 0.008854166666666666 0.009722222222222222
1 0.46927083333333336 0.18958333333333333 0.009375 0.011805555555555555
1 0.46822916666666664 0.19722222222222222 0.009375 0.0125
1 0.44427083333333334 0.20347222222222222 0.028125 0.013888888888888888
1 0.5223958333333333 0.20625 0.01875 0.010416666666666666
1 0.525 0.20972222222222223 0.01875 0.0125
3 0.5286458333333334 0.21180555555555555 0.019270833333333334 0.013888888888888888
3 0.53125 0.21319444444444444 0.019270833333333334 0.013194444444444444
1 0.5276041666666667 0.225 0.0203125 0.009027777777777777
1 0.53125 0.22916666666666666 0.027083333333333334 0.013194444444444444
1 0.5328125 0.24305555555555555 0.025520833333333333 0.015277777777777777
1 0.5354166666666667 0.2652777777777778 0.030729166666666665 0.01597222222222222
1 0.5161458333333333 0.2701388888888889 0.0203125 0.019444444444444445
1 0.5213541666666667 0.33611111111111114 0.021354166666666667 0.029166666666666667
1 0.4583333333333333 0.25833333333333336 0.0140625 0.021527777777777778
1 0.4546875 0.27708333333333335 0.016145833333333335 0.01875
3 0.45208333333333334 0.2972222222222222 0.017708333333333333 0.029861111111111113
1 0.4244791666666667 0.2833333333333333 0.028645833333333332 0.017361111111111112
1 0.41510416666666666 0.2916666666666667 0.0359375 0.014583333333333334
1 0.41458333333333336 0.30277777777777776 0.041666666666666664 0.022916666666666665
1 0.41302083333333334 0.3194444444444444 0.03802083333333333 0.020833333333333332
3 0.4348958333333333 0.3451388888888889 0.01875 0.034027777777777775
0 0.39947916666666666 0.34791666666666665 0.034375 0.06875
2 0.7229166666666667 0.32083333333333336 0.058333333333333334 0.03333333333333333
1 0.728125 0.35138888888888886 0.03229166666666667 0.021527777777777778
1 0.525 0.4048611111111111 0.05260416666666667 0.02847222222222222
1 0.5302083333333333 0.4263888888888889 0.053125 0.03611111111111111
1 0.5640625 0.4423611111111111 0.05364583333333333 0.029861111111111113
3 0.5364583333333334 0.46458333333333335 0.050520833333333334 0.03888888888888889
3 0.54375 0.4861111111111111 0.05 0.04027777777777778
1 0.54375 0.5159722222222223 0.06510416666666667 0.043055555555555555
1 0.5375 0.55 0.06770833333333333 0.04375
1 0.5515625 0.5909722222222222 0.06875 0.04652777777777778
1 0.4791666666666667 0.5916666666666667 0.034895833333333334 0.06597222222222222
3 0.5557291666666667 0.6291666666666667 0.07708333333333334 0.05277777777777778
1 0.5578125 0.6743055555555556 0.08645833333333333 0.04791666666666667
1 0.5619791666666667 0.7319444444444444 0.096875 0.07569444444444444
2 0.5630208333333333 0.7930555555555555 0.10520833333333333 0.0875
1 0.56875 0.9013888888888889 0.09479166666666666 0.10416666666666667
2 0.615625 0.9631944444444445 0.18854166666666666 0.07361111111111111
3 0.26927083333333335 0.9805555555555555 0.16145833333333334 0.03611111111111111
3 0.2578125 0.8868055555555555 0.11041666666666666 0.0875
3 0.21614583333333334 0.7902777777777777 0.09270833333333334 0.07291666666666667
1 0.2526041666666667 0.7215277777777778 0.09947916666666666 0.06597222222222222
1 0.290625 0.6777777777777778 0.09322916666666667 0.059722222222222225
3 0.3651041666666667 0.4486111111111111 0.05260416666666667 0.0375
3 0.334375 0.49722222222222223 0.06041666666666667 0.04652777777777778
1 0.3614583333333333 0.4777777777777778 0.0640625 0.035416666666666666
1 0.30104166666666665 0.5222222222222223 0.07447916666666667 0.041666666666666664
2 0.30625 0.5986111111111111 0.1171875 0.08611111111111111
1 0.8401041666666667 0.6597222222222222 0.07708333333333334 0.059027777777777776
3 0.8796875 0.70625 0.08177083333333333 0.09027777777777778
1 0.9192708333333334 0.7701388888888889 0.06614583333333333 0.059722222222222225
2 0.9286458333333333 0.8555555555555555 0.14270833333333333 0.1361111111111111