1 0.453125 0.74375 0.0390625 0.12222222222222222
1 0.5276041666666667 0.8354166666666667 0.03854166666666667 0.1
1 0.5223958333333333 0.5673611111111111 0.022395833333333334 0.04097222222222222
1 0.5651041666666666 0.4722222222222222 0.015104166666666667 0.03125
1 0.528125 0.4409722222222222 0.017708333333333333 0.02638888888888889
3 0.5291666666666667 0.36736111111111114 0.0140625 0.02361111111111111
1 0.5333333333333333 0.24583333333333332 0.009375 0.009722222222222222
1 0.5348958333333333 0.21736111111111112 0.00625 0.008333333333333333
1 0.5328125 0.19791666666666666 0.005729166666666666 0.005555555555555556
1 0.5432291666666667 0.19166666666666668 0.005208333333333333 0.005555555555555556
1 0.5453125 0.20972222222222223 0.0078125 0.006944444444444444
1 0.5401041666666667 0.15138888888888888 0.005208333333333333 0.003472222222222222
1 0.5322916666666667 0.14791666666666667 0.0036458333333333334 0.004861111111111111
1 0.5338541666666666 0.14097222222222222 0.005208333333333333 0.005555555555555556
1 0.5401041666666667 0.14444444444444443 0.0036458333333333334 0.004861111111111111
1 0.5166666666666667 0.1375 0.004166666666666667 0.004861111111111111
1 0.5203125 0.1326388888888889 0.005208333333333333 0.003472222222222222
1 0.5375 0.13402777777777777 0.0036458333333333334 0.004861111111111111
1 0.5322916666666667 0.19027777777777777 0.005208333333333333 0.005555555555555556
1 0.5338541666666666 0.18333333333333332 0.005208333333333333 0.004861111111111111
1 0.5442708333333334 0.20208333333333334 0.007291666666666667 0.007638888888888889
0 0.4921875 0.175 0.004166666666666667 0.006944444444444444
3 0.7177083333333333 0.25833333333333336 0.0234375 0.03263888888888889
1 0.7333333333333333 0.2951388888888889 0.025 0.013194444444444444
1 0.6989583333333333 0.9631944444444445 0.027604166666666666 0.07361111111111111
0 0.8015625 0.24930555555555556 0.027083333333333334 0.027777777777777776