1 0.39375 0.7631944444444444 0.07447916666666667 0.19027777777777777
1 0.38958333333333334 0.5756944444444444 0.05625 0.12361111111111112
1 0.4005208333333333 0.4597222222222222 0.06770833333333333 0.09444444444444444
1 0.39479166666666665 0.30625 0.03802083333333333 0.06319444444444444
1 0.39791666666666664 0.25416666666666665 0.034375 0.052083333333333336
1 0.4 0.21666666666666667 0.0296875 0.044444444444444446
1 0.6 0.3298611111111111 0.0484375 0.075
1 0.6682291666666667 0.18819444444444444 0.03854166666666667 0.04583333333333333
1 0.7427083333333333 0.22916666666666666 0.0484375 0.04027777777777778
1 0.7635416666666667 0.15 0.04010416666666667 0.035416666666666666
3 0.9625 0.23958333333333334 0.07447916666666667 0.04791666666666667
1 0.9203125 0.22569444444444445 0.0640625 0.03819444444444445
1 0.8947916666666667 0.20555555555555555 0.06770833333333333 0.03888888888888889
1 0.8838541666666667 0.18263888888888888 0.059895833333333336 0.03125
3 0.8598958333333333 0.15833333333333333 0.05364583333333333 0.0375
1 0.8473958333333333 0.14791666666666667 0.06666666666666667 0.029166666666666667
1 0.8609375 0.13472222222222222 0.05625 0.02847222222222222
3 0.8494791666666667 0.11944444444444445 0.052083333333333336 0.03333333333333333
3 0.8489583333333334 0.09097222222222222 0.042708333333333334 0.029861111111111113
3 0.9072916666666667 0.11875 0.05625 0.034027777777777775
3 0.8947916666666667 0.09097222222222222 0.0453125 0.025
1 0.7880208333333333 0.11388888888888889 0.04583333333333333 0.027083333333333334
3 0.80625 0.08958333333333333 0.0421875 0.034027777777777775
3 0.753125 0.0798611111111111 0.028645833333333332 0.03611111111111111
3 0.940625 0.09027777777777778 0.0359375 0.03194444444444444
3 0.9661458333333334 0.08888888888888889 0.028125 0.03194444444444444
3 0.9869791666666666 0.08680555555555555 0.026041666666666668 0.029166666666666667
3 0.9291666666666667 0.07291666666666667 0.0296875 0.022916666666666665
3 0.9083333333333333 0.08402777777777778 0.03333333333333333 0.03125
3 0.8734375 0.0798611111111111 0.0328125 0.03125
2 0.8229166666666666 0.06527777777777778 0.06614583333333333 0.05347222222222222
2 0.7067708333333333 0.08541666666666667 0.05 0.03611111111111111
1 0.6708333333333333 0.07013888888888889 0.0203125 0.025
3 0.6791666666666667 0.041666666666666664 0.021875 0.02361111111111111
1 0.6427083333333333 0.043055555555555555 0.027604166666666666 0.024305555555555556
1 0.609375 0.03263888888888889 0.019791666666666666 0.019444444444444445
1 0.4822916666666667 0.09930555555555555 0.025520833333333333 0.034027777777777775
1 0.5333333333333333 0.06041666666666667 0.04114583333333333 0.02361111111111111
3 0.5276041666666667 0.03888888888888889 0.04114583333333333 0.025
1 0.403125 0.04583333333333333 0.01875 0.025694444444444443
1 0.4083333333333333 0.030555555555555555 0.017708333333333333 0.020833333333333332
1 0.40260416666666665 0.009027777777777777 0.015625 0.018055555555555554
3 0.5989583333333334 0.010416666666666666 0.028645833333333332 0.02013888888888889
1 0.6098958333333333 0.014583333333333334 0.024479166666666666 0.01597222222222222
1 0.6197916666666666 0.022916666666666665 0.018229166666666668 0.016666666666666666
1 0.9427083333333334 0.12291666666666666 0.042708333333333334 0.03333333333333333