1 0.015625 0.37222222222222223 0.03125 0.029861111111111113
1 0.00625 0.3298611111111111 0.011979166666666667 0.03263888888888889
3 0.018229166666666668 0.3013888888888889 0.036458333333333336 0.029166666666666667
1 0.07447916666666667 0.28125 0.027604166666666666 0.02013888888888889
1 0.09427083333333333 0.27361111111111114 0.026041666666666668 0.016666666666666666
1 0.11614583333333334 0.26180555555555557 0.030208333333333334 0.016666666666666666
1 0.14010416666666667 0.26944444444444443 0.028645833333333332 0.01875
1 0.13072916666666667 0.28055555555555556 0.03125 0.018055555555555554
3 0.11510416666666666 0.2833333333333333 0.03125 0.022222222222222223
1 0.14114583333333333 0.28680555555555554 0.034895833333333334 0.01875
1 0.1234375 0.2951388888888889 0.036458333333333336 0.018055555555555554
1 0.11822916666666666 0.30277777777777776 0.04010416666666667 0.021527777777777778
2 0.08020833333333334 0.4048611111111111 0.09479166666666666 0.05
1 0.12447916666666667 0.39444444444444443 0.06770833333333333 0.03333333333333333
1 0.20364583333333333 0.3909722222222222 0.06302083333333333 0.03263888888888889
1 0.17916666666666667 0.9659722222222222 0.128125 0.06805555555555555
1 0.2713541666666667 0.35208333333333336 0.052083333333333336 0.030555555555555555
3 0.2953125 0.3819444444444444 0.058854166666666666 0.04027777777777778
3 0.30625 0.4166666666666667 0.06979166666666667 0.059027777777777776
3 0.2598958333333333 0.6409722222222223 0.07864583333333333 0.14444444444444443
1 0.40989583333333335 0.3076388888888889 0.019270833333333334 0.025
3 0.44114583333333335 0.29097222222222224 0.017708333333333333 0.030555555555555555
1 0.4583333333333333 0.2590277777777778 0.013541666666666667 0.01597222222222222
1 0.4317708333333333 0.24722222222222223 0.013541666666666667 0.015277777777777777
1 0.45 0.24305555555555555 0.011458333333333333 0.013888888888888888
1 0.44635416666666666 0.23541666666666666 0.0109375 0.010416666666666666
1 0.4296875 0.23055555555555557 0.009895833333333333 0.011805555555555555
3 0.6411458333333333 0.5381944444444444 0.04635416666666667 0.08819444444444445
1 0.73125 0.3472222222222222 0.041666666666666664 0.027083333333333334
1 0.8958333333333334 0.8819444444444444 0.2078125 0.23402777777777778