0 0.29583333333333334 0.14375 0.0609375 0.0798611111111111
1 0.34479166666666666 0.16458333333333333 0.025520833333333333 0.034027777777777775
1 0.40625 0.29791666666666666 0.019791666666666666 0.03333333333333333
3 0.3927083333333333 0.23333333333333334 0.029166666666666667 0.03819444444444445
0 0.3255208333333333 0.5479166666666667 0.065625 0.12083333333333333
1 0.3390625 0.6263888888888889 0.029166666666666667 0.05486111111111111
1 0.28541666666666665 0.6395833333333333 0.029166666666666667 0.050694444444444445
1 0.26927083333333335 0.5597222222222222 0.028645833333333332 0.04791666666666667
1 0.3421875 0.47291666666666665 0.027083333333333334 0.049305555555555554
3 0.3078125 0.4826388888888889 0.034375 0.052083333333333336
2 0.2578125 0.5145833333333333 0.09270833333333334 0.15625
2 0.22239583333333332 0.6805555555555556 0.10833333333333334 0.19444444444444445
1 0.25729166666666664 0.6902777777777778 0.025520833333333333 0.04027777777777778
1 0.22552083333333334 0.7583333333333333 0.03229166666666667 0.052083333333333336
1 0.23854166666666668 0.6069444444444444 0.021354166666666667 0.034027777777777775
1 0.20416666666666666 0.6770833333333334 0.027083333333333334 0.049305555555555554
0 0.18229166666666666 0.6423611111111112 0.08489583333333334 0.15
0 0.13854166666666667 0.8729166666666667 0.05260416666666667 0.09652777777777778
0 0.1109375 0.7798611111111111 0.09635416666666667 0.17152777777777778
3 0.12291666666666666 0.8340277777777778 0.03854166666666667 0.06875
2 0.03802083333333333 0.9381944444444444 0.07291666666666667 0.12083333333333333
1 0.08020833333333334 0.9756944444444444 0.041666666666666664 0.043055555555555555
1 0.2630208333333333 0.8979166666666667 0.034895833333333334 0.07222222222222222
0 0.41875 0.21805555555555556 0.06875 0.08888888888888889
3 0.4505208333333333 0.3111111111111111 0.024479166666666666 0.04583333333333333
0 0.43072916666666666 0.425 0.021354166666666667 0.08611111111111111
1 0.4630208333333333 0.44305555555555554 0.0140625 0.043055555555555555
1 0.5291666666666667 0.32222222222222224 0.0234375 0.03333333333333333
0 0.6333333333333333 0.17569444444444443 0.030208333333333334 0.05486111111111111
2 0.6458333333333334 0.1986111111111111 0.03333333333333333 0.06736111111111111
2 0.5984375 0.23680555555555555 0.034375 0.06736111111111111
1 0.6161458333333333 0.25555555555555554 0.019270833333333334 0.03680555555555556
2 0.6255208333333333 0.41180555555555554 0.0390625 0.05694444444444444
1 0.7390625 0.7576388888888889 0.0359375 0.05555555555555555
1 0.7046875 0.7451388888888889 0.029166666666666667 0.043055555555555555
1 0.6578125 0.7 0.034375 0.049305555555555554
1 0.7536458333333333 0.8270833333333333 0.027083333333333334 0.04027777777777778
1 0.7234375 0.6465277777777778 0.034895833333333334 0.049305555555555554
3 0.6140625 0.6388888888888888 0.034375 0.05694444444444444
2 0.6380208333333334 0.6215277777777778 0.04635416666666667 0.07083333333333333
2 0.6802083333333333 0.6284722222222222 0.049479166666666664 0.07083333333333333
0 0.7963541666666667 0.6069444444444444 0.0484375 0.07361111111111111
1 0.64375 0.5861111111111111 0.029166666666666667 0.043055555555555555