1 0.5359375 0.5576388888888889 0.00625 0.006944444444444444
3 0.553125 0.5902777777777778 0.008854166666666666 0.009027777777777777
1 0.55625 0.5944444444444444 0.008333333333333333 0.009722222222222222
1 0.5557291666666667 0.6 0.010416666666666666 0.0125
1 0.559375 0.6284722222222222 0.010416666666666666 0.013888888888888888
1 0.5447916666666667 0.6458333333333334 0.013020833333333334 0.017361111111111112
1 0.5505208333333333 0.6972222222222222 0.018229166666666668 0.025
1 0.48854166666666665 0.6277777777777778 0.0109375 0.011805555555555555
1 0.578125 0.68125 0.016145833333333335 0.021527777777777778
1 0.5729166666666666 0.6354166666666666 0.011979166666666667 0.015277777777777777
1 0.5911458333333334 0.7166666666666667 0.021354166666666667 0.02638888888888889
1 0.5973958333333333 0.7368055555555556 0.022916666666666665 0.025694444444444443
1 0.6046875 0.7625 0.025520833333333333 0.035416666666666666
1 0.6104166666666667 0.80625 0.03229166666666667 0.04097222222222222
1 0.5729166666666666 0.8368055555555556 0.0328125 0.059722222222222225
1 0.48020833333333335 0.8534722222222222 0.03125 0.04861111111111111
1 0.34010416666666665 0.8125 0.06822916666666666 0.03333333333333333
1 0.35 0.7958333333333333 0.06458333333333334 0.030555555555555555
1 0.3609375 0.7819444444444444 0.06145833333333333 0.030555555555555555
1 0.4322916666666667 0.6673611111111111 0.027604166666666666 0.018055555555555554
1 0.690625 0.6979166666666666 0.027083333333333334 0.02361111111111111
1 0.6484375 0.6506944444444445 0.019791666666666666 0.018055555555555554
1 0.5234375 0.7236111111111111 0.020833333333333332 0.029861111111111113