1 0.8859375 0.1736111111111111 0.07760416666666667 0.12013888888888889
1 0.9729166666666667 0.10069444444444445 0.05260416666666667 0.09236111111111112
3 0.9484375 0.02361111111111111 0.06927083333333334 0.04652777777777778
1 0.4661458333333333 0.013888888888888888 0.07916666666666666 0.027777777777777776
1 0.45677083333333335 0.37777777777777777 0.1109375 0.07222222222222222
1 0.45989583333333334 0.30694444444444446 0.10729166666666666 0.06944444444444445
1 0.4588541666666667 0.24166666666666667 0.1109375 0.06944444444444445
3 0.4578125 0.5111111111111111 0.1328125 0.09791666666666667
1 0.45729166666666665 0.5993055555555555 0.14479166666666668 0.08541666666666667
1 0.45729166666666665 0.7013888888888888 0.14270833333333333 0.07916666666666666
1 0.4630208333333333 0.7993055555555556 0.15729166666666666 0.08541666666666667
1 0.4609375 0.9131944444444444 0.16666666666666666 0.10208333333333333
1 0.7015625 0.47847222222222224 0.052083333333333336 0.14791666666666667