3 0.8390625 0.6631944444444444 0.140625 0.10486111111111111
3 0.19635416666666666 0.44166666666666665 0.10989583333333333 0.14791666666666667
3 0.28125 0.44930555555555557 0.08645833333333333 0.12222222222222222
1 0.5036458333333333 0.4513888888888889 0.0515625 0.10486111111111111
1 0.4328125 0.4618055555555556 0.06145833333333333 0.09722222222222222
1 0.35052083333333334 0.45625 0.07552083333333333 0.10069444444444445
1 0.7166666666666667 0.3923611111111111 0.115625 0.06458333333333334
1 0.7140625 0.35347222222222224 0.109375 0.05416666666666667
1 0.7182291666666667 0.32222222222222224 0.090625 0.052083333333333336
1 0.65 0.26458333333333334 0.0359375 0.05416666666666667
1 0.5958333333333333 0.2638888888888889 0.0390625 0.06319444444444444
1 0.5401041666666667 0.18194444444444444 0.029166666666666667 0.04027777777777778
1 0.5380208333333333 0.26458333333333334 0.036458333333333336 0.06388888888888888
1 0.4192708333333333 0.26319444444444445 0.041666666666666664 0.06597222222222222
1 0.4744791666666667 0.26319444444444445 0.03802083333333333 0.05625
2 0.3609375 0.2659722222222222 0.06666666666666667 0.09166666666666666
3 0.2296875 0.25625 0.07916666666666666 0.059027777777777776
1 0.32447916666666665 0.15069444444444444 0.040625 0.04652777777777778
1 0.209375 0.2847222222222222 0.07291666666666667 0.049305555555555554
1 0.5885416666666666 0.19027777777777777 0.030208333333333334 0.04375