2 0.20208333333333334 0.34375 0.03125 0.08541666666666667
2 0.1625 0.2513888888888889 0.03333333333333333 0.09930555555555555
2 0.3723958333333333 0.5451388888888888 0.05625 0.044444444444444446
2 0.47239583333333335 0.5763888888888888 0.08645833333333333 0.044444444444444446
2 0.24166666666666667 0.15486111111111112 0.0328125 0.05625
2 0.19270833333333334 0.15069444444444444 0.029166666666666667 0.08194444444444444
2 0.20052083333333334 0.26944444444444443 0.025520833333333333 0.049305555555555554
3 0.8255208333333334 0.5472222222222223 0.050520833333333334 0.029861111111111113
3 0.17760416666666667 0.39652777777777776 0.020833333333333332 0.04097222222222222
1 0.03802083333333333 0.30833333333333335 0.03333333333333333 0.03125
3 0.06197916666666667 0.26458333333333334 0.03697916666666667 0.027777777777777776
3 0.05260416666666667 0.28680555555555554 0.036458333333333336 0.02638888888888889
1 0.0109375 0.25069444444444444 0.021875 0.018055555555555554
1 0.013541666666666667 0.2361111111111111 0.027083333333333334 0.017361111111111112
1 0.0234375 0.33125 0.03333333333333333 0.02847222222222222
1 0.07552083333333333 0.2465277777777778 0.03697916666666667 0.022916666666666665
1 0.146875 0.3597222222222222 0.017708333333333333 0.04097222222222222
1 0.14947916666666666 0.4083333333333333 0.019791666666666666 0.04583333333333333
2 0.14322916666666666 0.30972222222222223 0.022395833333333334 0.049305555555555554
2 0.17083333333333334 0.3333333333333333 0.020833333333333332 0.05694444444444444
2 0.1984375 0.5631944444444444 0.034895833333333334 0.02361111111111111
1 0.6583333333333333 0.5763888888888888 0.0484375 0.02847222222222222
1 0.7291666666666666 0.5090277777777777 0.04375 0.02361111111111111
1 0.4901041666666667 0.5381944444444444 0.0421875 0.02638888888888889
1 0.4359375 0.25833333333333336 0.029166666666666667 0.03125
1 0.4666666666666667 0.21388888888888888 0.015104166666666667 0.03680555555555556
1 0.4822916666666667 0.20972222222222223 0.013541666666666667 0.03263888888888889
1 0.5182291666666666 0.20972222222222223 0.013541666666666667 0.03611111111111111
1 0.5359375 0.20833333333333334 0.013541666666666667 0.03888888888888889
1 0.19947916666666668 0.22013888888888888 0.01875 0.04097222222222222
1 0.16770833333333332 0.1840277777777778 0.016666666666666666 0.035416666666666666
1 0.09583333333333334 0.20277777777777778 0.030729166666666665 0.01875
1 0.14427083333333332 0.15486111111111112 0.0140625 0.035416666666666666
3 0.10520833333333333 0.17777777777777778 0.03125 0.02847222222222222
3 0.353125 0.12361111111111112 0.029166666666666667 0.027777777777777776
3 0.4088541666666667 0.01597222222222222 0.027604166666666666 0.01875
3 0.40989583333333335 0.029861111111111113 0.027083333333333334 0.01875
1 0.41041666666666665 0.041666666666666664 0.022395833333333334 0.018055555555555554
1 0.4197916666666667 0.06597222222222222 0.025520833333333333 0.022222222222222223
1 0.42083333333333334 0.07916666666666666 0.025520833333333333 0.01875
1 0.4244791666666667 0.08888888888888889 0.030208333333333334 0.022222222222222223
1 0.425 0.10555555555555556 0.0328125 0.02361111111111111
1 0.353125 0.10833333333333334 0.027604166666666666 0.022222222222222223
1 0.3541666666666667 0.09444444444444444 0.028645833333333332 0.022222222222222223
1 0.3416666666666667 0.034722222222222224 0.028645833333333332 0.02013888888888889
1 0.3458333333333333 0.059027777777777776 0.030208333333333334 0.022916666666666665
2 0.42239583333333336 0.04791666666666667 0.03802083333333333 0.02638888888888889
2 0.159375 0.10416666666666667 0.030208333333333334 0.11875
2 0.18125 0.03333333333333333 0.03125 0.06666666666666667
1 0.0171875 0.21805555555555556 0.034375 0.025
1 0.035416666666666666 0.14722222222222223 0.03229166666666667 0.022222222222222223
1 0.016145833333333335 0.19930555555555557 0.03229166666666667 0.022916666666666665
3 0.020833333333333332 0.1798611111111111 0.034375 0.02361111111111111
3 0.013541666666666667 0.16458333333333333 0.027083333333333334 0.022916666666666665
3 0.190625 0.10486111111111111 0.0140625 0.025
1 0.9640625 0.5305555555555556 0.0484375 0.02847222222222222
1 0.9536458333333333 0.4965277777777778 0.0484375 0.02638888888888889
1 0.8354166666666667 0.5097222222222222 0.04479166666666667 0.025694444444444443
2 0.8697916666666666 0.375 0.0421875 0.022916666666666665
1 0.7552083333333334 0.3277777777777778 0.021354166666666667 0.035416666666666666