1 0.20520833333333333 0.05486111111111111 0.030729166666666665 0.03125
1 0.18802083333333333 0.02013888888888889 0.029166666666666667 0.03333333333333333
3 0.0828125 0.31527777777777777 0.0328125 0.04583333333333333
3 0.09947916666666666 0.30833333333333335 0.019791666666666666 0.03125
3 0.22604166666666667 0.11597222222222223 0.029166666666666667 0.03333333333333333
1 0.2708333333333333 0.1736111111111111 0.03125 0.02638888888888889
1 0.2890625 0.14791666666666667 0.025 0.043055555555555555
1 0.30416666666666664 0.13472222222222222 0.024479166666666666 0.04097222222222222
1 0.2942708333333333 0.18958333333333333 0.028645833333333332 0.03819444444444445
1 0.5078125 0.4736111111111111 0.013020833333333334 0.044444444444444446
0 0.45260416666666664 0.37777777777777777 0.0578125 0.07430555555555556
0 0.45625 0.43125 0.036458333333333336 0.06458333333333334
3 0.5385416666666667 0.5902777777777778 0.019791666666666666 0.03819444444444445
2 0.6125 0.725 0.05625 0.10069444444444445
3 0.3171875 0.075 0.01875 0.034027777777777775
1 0.03802083333333333 0.2569444444444444 0.0265625 0.044444444444444446
1 0.2765625 0.0763888888888889 0.025520833333333333 0.04097222222222222
1 0.35104166666666664 0.10208333333333333 0.022395833333333334 0.04027777777777778
1 0.6208333333333333 0.36736111111111114 0.020833333333333332 0.041666666666666664
1 0.5994791666666667 0.5444444444444444 0.022395833333333334 0.03819444444444445
1 0.6578125 0.6576388888888889 0.0171875 0.03125
1 0.6442708333333333 0.5826388888888889 0.024479166666666666 0.04027777777777778
1 0.6744791666666666 0.6388888888888888 0.025520833333333333 0.041666666666666664
1 0.6942708333333333 0.6340277777777777 0.021354166666666667 0.04097222222222222
1 0.8765625 0.8708333333333333 0.021354166666666667 0.04097222222222222
1 0.8588541666666667 0.9680555555555556 0.013541666666666667 0.043055555555555555
1 0.9140625 0.8416666666666667 0.021354166666666667 0.043055555555555555
1 0.9822916666666667 0.6423611111111112 0.029166666666666667 0.03333333333333333
1 0.8973958333333333 0.45 0.028645833333333332 0.03680555555555556
1 0.609375 0.5145833333333333 0.024479166666666666 0.03888888888888889
1 0.3692708333333333 0.24791666666666667 0.021354166666666667 0.04097222222222222
1 0.43697916666666664 0.20972222222222223 0.027604166666666666 0.04097222222222222
1 0.5015625 0.12986111111111112 0.0265625 0.04375
1 0.5541666666666667 0.1736111111111111 0.020833333333333332 0.04027777777777778
1 0.5890625 0.23125 0.025 0.04027777777777778
1 0.6145833333333334 0.28541666666666665 0.0234375 0.03611111111111111
1 0.6447916666666667 0.33819444444444446 0.0265625 0.041666666666666664
1 0.80625 0.25972222222222224 0.022395833333333334 0.027777777777777776
1 0.4890625 0.02361111111111111 0.0171875 0.04097222222222222
2 0.5354166666666667 0.125 0.03229166666666667 0.04791666666666667
3 0.6166666666666667 0.14027777777777778 0.030729166666666665 0.03888888888888889
1 0.6869791666666667 0.075 0.027083333333333334 0.03263888888888889
1 0.7630208333333334 0.16597222222222222 0.021354166666666667 0.041666666666666664
1 0.784375 0.2111111111111111 0.019791666666666666 0.035416666666666666
3 0.884375 0.5375 0.03125 0.029861111111111113
3 0.9166666666666666 0.4263888888888889 0.022916666666666665 0.03125
1 0.8473958333333333 0.34305555555555556 0.0234375 0.034027777777777775
1 0.8026041666666667 0.3715277777777778 0.0265625 0.03263888888888889
1 0.8291666666666667 0.3055555555555556 0.016666666666666666 0.03819444444444445
1 0.8130208333333333 0.39166666666666666 0.019791666666666666 0.02847222222222222
3 0.8213541666666667 0.41458333333333336 0.022916666666666665 0.03263888888888889
1 0.8307291666666666 0.43125 0.022916666666666665 0.025
1 0.8390625 0.45069444444444445 0.025 0.029861111111111113
1 0.8484375 0.46597222222222223 0.025520833333333333 0.03263888888888889
1 0.8583333333333333 0.48333333333333334 0.0265625 0.029861111111111113
1 0.8677083333333333 0.5034722222222222 0.027604166666666666 0.034027777777777775
1 0.946875 0.44583333333333336 0.027604166666666666 0.03819444444444445
3 0.9479166666666666 0.40069444444444446 0.0328125 0.03263888888888889
1 0.9880208333333333 0.6951388888888889 0.0234375 0.030555555555555555
1 0.99375 0.7194444444444444 0.011979166666666667 0.022222222222222223
1 0.9911458333333333 0.3902777777777778 0.017708333333333333 0.03611111111111111