1 0.5302083333333333 0.7833333333333333 0.040625 0.05277777777777778
3 0.5401041666666667 0.7333333333333333 0.034895833333333334 0.04652777777777778
1 0.5114583333333333 0.7097222222222223 0.046875 0.02638888888888889
1 0.5536458333333333 0.6881944444444444 0.040625 0.025
1 0.6005208333333333 0.6340277777777777 0.027604166666666666 0.013888888888888888
1 0.6760416666666667 0.9694444444444444 0.1234375 0.06041666666666667
1 0.6921875 0.9361111111111111 0.12395833333333334 0.08541666666666667
1 0.6729166666666667 0.8875 0.09791666666666667 0.058333333333333334
1 0.6828125 0.8694444444444445 0.11979166666666667 0.06111111111111111
1 0.6864583333333333 0.8402777777777778 0.10625 0.043055555555555555
1 0.6875 0.8194444444444444 0.08229166666666667 0.04861111111111111
1 0.6739583333333333 0.7861111111111111 0.0734375 0.04722222222222222
1 0.6822916666666666 0.7763888888888889 0.08229166666666667 0.041666666666666664
1 0.6817708333333333 0.7604166666666666 0.08020833333333334 0.03611111111111111
1 0.6791666666666667 0.7451388888888889 0.058854166666666666 0.029166666666666667
1 0.6822916666666666 0.7263888888888889 0.059895833333333336 0.027777777777777776
1 0.6864583333333333 0.7166666666666667 0.05260416666666667 0.020833333333333332
1 0.6822916666666666 0.7097222222222223 0.059375 0.022916666666666665
1 0.6807291666666667 0.7006944444444444 0.05520833333333333 0.025
1 0.6833333333333333 0.6979166666666666 0.05520833333333333 0.020833333333333332
1 0.6869791666666667 0.6923611111111111 0.04895833333333333 0.022222222222222223
1 0.6869791666666667 0.6854166666666667 0.046875 0.020833333333333332
1 0.6854166666666667 0.68125 0.046875 0.019444444444444445
1 0.6828125 0.6770833333333334 0.04635416666666667 0.016666666666666666
1 0.6880208333333333 0.66875 0.0390625 0.013888888888888888
1 0.684375 0.6659722222222222 0.03958333333333333 0.015277777777777777
1 0.6786458333333333 0.6590277777777778 0.041666666666666664 0.018055555555555554
1 0.6822916666666666 0.6541666666666667 0.0390625 0.013888888888888888
1 0.6833333333333333 0.6513888888888889 0.0375 0.015277777777777777
1 0.6791666666666667 0.6444444444444445 0.035416666666666666 0.015277777777777777
1 0.9255208333333333 0.6333333333333333 0.0203125 0.015277777777777777
3 0.95 0.6402777777777777 0.021354166666666667 0.020833333333333332
1 0.9890625 0.6569444444444444 0.021875 0.01875
3 0.7541666666666667 0.5631944444444444 0.0067708333333333336 0.004166666666666667
1 0.7927083333333333 0.5729166666666666 0.009895833333333333 0.005555555555555556
1 0.8380208333333333 0.5847222222222223 0.013541666666666667 0.006944444444444444
1 0.8041666666666667 0.5819444444444445 0.013541666666666667 0.004861111111111111