1 0.14010416666666667 0.2902777777777778 0.09791666666666667 0.09652777777777778
1 0.28125 0.34652777777777777 0.08489583333333334 0.10486111111111111
1 0.3494791666666667 0.2520833333333333 0.06927083333333334 0.09513888888888888
1 0.3234375 0.11319444444444444 0.08020833333333334 0.04583333333333333
1 0.3458333333333333 0.08402777777777778 0.06197916666666667 0.03819444444444445
1 0.3640625 0.050694444444444445 0.06666666666666667 0.04027777777777778
2 0.4239583333333333 0.14027777777777778 0.06770833333333333 0.12569444444444444
1 0.46510416666666665 0.11319444444444444 0.028645833333333332 0.06180555555555556
1 0.48333333333333334 0.06944444444444445 0.034375 0.04375
1 0.5302083333333333 0.04791666666666667 0.0359375 0.04375
1 0.5161458333333333 0.029861111111111113 0.019270833333333334 0.03125
1 0.5359375 0.0125 0.027083333333333334 0.025
1 0.41770833333333335 0.3729166666666667 0.08854166666666667 0.1326388888888889
1 0.175 0.5097222222222222 0.11875 0.15902777777777777
1 0.057291666666666664 0.6868055555555556 0.1140625 0.19652777777777777
1 0.6854166666666667 0.11736111111111111 0.040625 0.04861111111111111
1 0.7489583333333333 0.013194444444444444 0.0265625 0.025694444444444443
1 0.8088541666666667 0.04027777777777778 0.075 0.03888888888888889
1 0.8822916666666667 0.09513888888888888 0.06979166666666667 0.030555555555555555
3 0.8432291666666667 0.12222222222222222 0.036458333333333336 0.07708333333333334
1 0.7776041666666667 0.10347222222222222 0.03333333333333333 0.050694444444444445
1 0.7776041666666667 0.14583333333333334 0.03802083333333333 0.05138888888888889
1 0.7796875 0.19305555555555556 0.034895833333333334 0.06388888888888888
1 0.7859375 0.25416666666666665 0.04375 0.0763888888888889
1 0.7885416666666667 0.3423611111111111 0.044270833333333336 0.09027777777777778
1 0.7380208333333333 0.15347222222222223 0.028645833333333332 0.05138888888888889
1 0.83125 0.4263888888888889 0.1359375 0.08888888888888889
1 0.7322916666666667 0.5590277777777778 0.0671875 0.15208333333333332
1 0.8166666666666667 0.8798611111111111 0.10572916666666667 0.2361111111111111
1 0.6864583333333333 0.9479166666666666 0.09739583333333333 0.09930555555555555
1 0.5520833333333334 0.9430555555555555 0.12135416666666667 0.11319444444444444