1 0.4328125 0.6506944444444445 0.058854166666666666 0.05277777777777778
1 0.459375 0.5388888888888889 0.052083333333333336 0.04652777777777778
1 0.4671875 0.5138888888888888 0.053125 0.04236111111111111
1 0.5375 0.4340277777777778 0.021875 0.05
3 0.6723958333333333 0.25833333333333336 0.016145833333333335 0.03611111111111111
3 0.49947916666666664 0.3736111111111111 0.04010416666666667 0.03263888888888889
3 0.49947916666666664 0.34652777777777777 0.0328125 0.02847222222222222
1 0.5239583333333333 0.3263888888888889 0.0375 0.027083333333333334
3 0.5291666666666667 0.30069444444444443 0.028125 0.027083333333333334
1 0.5276041666666667 0.28888888888888886 0.030208333333333334 0.02847222222222222
1 0.534375 0.2743055555555556 0.028125 0.02013888888888889
1 0.584375 0.23125 0.016145833333333335 0.03125
1 0.5541666666666667 0.18611111111111112 0.0265625 0.022916666666666665
3 0.5625 0.16944444444444445 0.027604166666666666 0.027083333333333334
3 0.5625 0.1486111111111111 0.028645833333333332 0.024305555555555556
3 0.5713541666666667 0.12083333333333333 0.019270833333333334 0.021527777777777778
1 0.5786458333333333 0.1111111111111111 0.022395833333333334 0.013888888888888888
1 0.7223958333333333 0.06944444444444445 0.008854166666666666 0.019444444444444445
1 0.7359375 0.024305555555555556 0.0171875 0.013888888888888888
1 0.7703125 0.03611111111111111 0.019270833333333334 0.016666666666666666
1 0.8 0.034027777777777775 0.022395833333333334 0.013888888888888888
1 0.8473958333333333 0.03125 0.0234375 0.013888888888888888
1 0.8244791666666667 0.04027777777777778 0.021354166666666667 0.019444444444444445
1 0.6864583333333333 0.022916666666666665 0.019270833333333334 0.013888888888888888
1 0.6380208333333334 0.013888888888888888 0.018229166666666668 0.014583333333333334
3 0.5723958333333333 0.059027777777777776 0.015104166666666667 0.017361111111111112
1 0.5697916666666667 0.08333333333333333 0.008333333333333333 0.014583333333333334