1 0.440625 0.74375 0.0203125 0.04652777777777778
3 0.4625 0.7527777777777778 0.019791666666666666 0.052083333333333336
1 0.49114583333333334 0.7645833333333333 0.021354166666666667 0.050694444444444445
1 0.5182291666666666 0.2743055555555556 0.025520833333333333 0.01875
1 0.48489583333333336 0.26458333333333334 0.0296875 0.020833333333333332
3 0.3875 0.23541666666666666 0.022395833333333334 0.01875
3 0.4171875 0.24722222222222223 0.03125 0.02361111111111111
1 0.027083333333333334 0.2513888888888889 0.0296875 0.025
1 0.09635416666666667 0.15 0.021875 0.01597222222222222
1 0.06875 0.14444444444444443 0.029166666666666667 0.016666666666666666
1 0.0421875 0.13819444444444445 0.028125 0.02013888888888889
1 0.013541666666666667 0.13055555555555556 0.0265625 0.02013888888888889
1 0.25416666666666665 0.11597222222222223 0.016145833333333335 0.029861111111111113
3 0.2578125 0.09166666666666666 0.013541666666666667 0.017361111111111112
3 0.26510416666666664 0.07222222222222222 0.015104166666666667 0.020833333333333332
1 0.1765625 0.10694444444444444 0.017708333333333333 0.025
1 0.18958333333333333 0.08611111111111111 0.016145833333333335 0.020833333333333332
1 0.2 0.06597222222222222 0.017708333333333333 0.020833333333333332
1 0.2171875 0.04236111111111111 0.019791666666666666 0.021527777777777778
1 0.14427083333333332 0.09027777777777778 0.0171875 0.021527777777777778
3 0.5734375 0.16666666666666666 0.01875 0.025
3 0.5776041666666667 0.15486111111111112 0.019791666666666666 0.027777777777777776
3 0.58125 0.1361111111111111 0.01875 0.02013888888888889
1 0.5885416666666666 0.12222222222222222 0.016666666666666666 0.024305555555555556
3 0.590625 0.10138888888888889 0.017708333333333333 0.022222222222222223
3 0.596875 0.08611111111111111 0.017708333333333333 0.025
3 0.6182291666666667 0.0798611111111111 0.0140625 0.02847222222222222
1 0.6026041666666667 0.07222222222222222 0.016666666666666666 0.022916666666666665
1 0.63125 0.3020833333333333 0.027083333333333334 0.018055555555555554
1 0.6666666666666666 0.3145833333333333 0.030729166666666665 0.025
1 0.7083333333333334 0.3263888888888889 0.03125 0.022222222222222223
3 0.7515625 0.33402777777777776 0.026041666666666668 0.017361111111111112
1 0.7276041666666667 0.5423611111111111 0.035416666666666666 0.025694444444444443
3 0.7796875 0.5569444444444445 0.04375 0.0375
1 0.8317708333333333 0.3527777777777778 0.03333333333333333 0.019444444444444445
3 0.8765625 0.35833333333333334 0.03697916666666667 0.02361111111111111
1 0.9109375 0.38680555555555557 0.025 0.017361111111111112
1 0.9755208333333333 0.3888888888888889 0.034895833333333334 0.024305555555555556
1 0.8770833333333333 0.5895833333333333 0.036458333333333336 0.02638888888888889
1 0.9161458333333333 0.6 0.03229166666666667 0.02638888888888889