1 0.24479166666666666 0.9868055555555556 0.04791666666666667 0.02638888888888889
1 0.6536458333333334 0.9076388888888889 0.03854166666666667 0.025
1 0.6270833333333333 0.8368055555555556 0.03125 0.01875
1 0.6677083333333333 0.8270833333333333 0.030729166666666665 0.018055555555555554
1 0.6484375 0.8145833333333333 0.029166666666666667 0.017361111111111112
1 0.471875 0.8006944444444445 0.029166666666666667 0.017361111111111112
1 0.3234375 0.8194444444444444 0.029166666666666667 0.022222222222222223
1 0.3572916666666667 0.7368055555555556 0.0140625 0.017361111111111112
1 0.37604166666666666 0.7326388888888888 0.011979166666666667 0.018055555555555554
1 0.8822916666666667 0.8048611111111111 0.030729166666666665 0.015277777777777777
1 0.9364583333333333 0.8159722222222222 0.03125 0.017361111111111112
1 0.9921875 0.8381944444444445 0.015625 0.015277777777777777
1 0.7932291666666667 0.6333333333333333 0.0109375 0.009722222222222222
1 0.4161458333333333 0.5777777777777777 0.0078125 0.006944444444444444
1 0.41302083333333334 0.5763888888888888 0.009375 0.006944444444444444
1 0.7677083333333333 0.5944444444444444 0.009895833333333333 0.005555555555555556
1 0.7302083333333333 0.5930555555555556 0.008333333333333333 0.005555555555555556
1 0.7369791666666666 0.5923611111111111 0.009375 0.007638888888888889
0 0.740625 0.5895833333333333 0.013020833333333334 0.009722222222222222