1 0.071875 0.2861111111111111 0.011979166666666667 0.008333333333333333
2 0.12447916666666667 0.24861111111111112 0.013541666666666667 0.009722222222222222
0 0.1625 0.21319444444444444 0.013541666666666667 0.01597222222222222
1 0.057291666666666664 0.23194444444444445 0.007291666666666667 0.008333333333333333
1 0.06875 0.23125 0.005208333333333333 0.008333333333333333
1 0.06354166666666666 0.2326388888888889 0.004166666666666667 0.007638888888888889
1 0.075 0.2298611111111111 0.009895833333333333 0.011111111111111112
1 0.3619791666666667 0.17777777777777778 0.0109375 0.007638888888888889
2 0.3640625 0.1736111111111111 0.011458333333333333 0.008333333333333333
1 0.4109375 0.6152777777777778 0.016666666666666666 0.022916666666666665
1 0.41770833333333335 0.6736111111111112 0.019791666666666666 0.02361111111111111
2 0.16666666666666666 0.40694444444444444 0.013541666666666667 0.022222222222222223
1 0.17708333333333334 0.39861111111111114 0.008333333333333333 0.0125
1 0.6416666666666667 0.2520833333333333 0.005208333333333333 0.006944444444444444
1 0.64375 0.24583333333333332 0.005208333333333333 0.007638888888888889
2 0.38385416666666666 0.1111111111111111 0.011979166666666667 0.009722222222222222
2 0.4661458333333333 0.10694444444444444 0.0109375 0.009722222222222222
2 0.4744791666666667 0.10416666666666667 0.005208333333333333 0.008333333333333333
2 0.3927083333333333 0.13472222222222222 0.013020833333333334 0.008333333333333333
1 0.4552083333333333 0.8993055555555556 0.0234375 0.02847222222222222
1 0.5421875 0.8777777777777778 0.025520833333333333 0.025694444444444443
1 0.3072916666666667 0.80625 0.025 0.035416666666666666