1 0.3859375 0.6611111111111111 0.04583333333333333 0.07222222222222222
1 0.46197916666666666 0.4041666666666667 0.034375 0.050694444444444445
1 0.3828125 0.4465277777777778 0.046875 0.035416666666666666
1 0.38229166666666664 0.4097222222222222 0.04375 0.03680555555555556
1 0.5390625 0.24166666666666667 0.0203125 0.05277777777777778
3 0.496875 0.12291666666666666 0.022916666666666665 0.03611111111111111
1 0.5203125 0.0763888888888889 0.035416666666666666 0.03333333333333333
1 0.5546875 0.03888888888888889 0.025 0.022222222222222223
1 0.31927083333333334 0.30625 0.03854166666666667 0.04375
1 0.05572916666666667 0.18194444444444444 0.026041666666666668 0.03888888888888889
1 0.11979166666666667 0.14166666666666666 0.025520833333333333 0.03819444444444445
1 0.15677083333333333 0.12083333333333333 0.023958333333333335 0.03680555555555556
1 0.1984375 0.09652777777777778 0.024479166666666666 0.03333333333333333
1 0.1484375 0.01597222222222222 0.03125 0.027083333333333334
1 0.16041666666666668 0.007638888888888889 0.030729166666666665 0.014583333333333334
1 0.0296875 0.04652777777777778 0.034375 0.027083333333333334
1 0.0421875 0.034027777777777775 0.030729166666666665 0.02847222222222222
1 0.059375 0.011111111111111112 0.03333333333333333 0.022222222222222223
1 0.3984375 0.9861111111111112 0.03958333333333333 0.025694444444444443