1 0.5026041666666666 0.7493055555555556 0.052083333333333336 0.1284722222222222
1 0.5734375 0.6444444444444445 0.04010416666666667 0.09166666666666666
1 0.5776041666666667 0.44166666666666665 0.0265625 0.05555555555555555
1 0.5390625 0.38333333333333336 0.019791666666666666 0.035416666666666666
1 0.5484375 0.3145833333333333 0.015625 0.027777777777777776
1 0.5619791666666667 0.27569444444444446 0.0140625 0.02361111111111111
1 0.578125 0.22361111111111112 0.0109375 0.01597222222222222
1 0.5515625 0.20069444444444445 0.009895833333333333 0.013194444444444444
1 0.8140625 0.6305555555555555 0.0578125 0.0763888888888889
1 0.7802083333333333 0.5493055555555556 0.04583333333333333 0.059722222222222225
1 0.7588541666666667 0.4888888888888889 0.034895833333333334 0.04583333333333333
1 0.7390625 0.4423611111111111 0.03125 0.03888888888888889
1 0.7182291666666667 0.4027777777777778 0.030729166666666665 0.034027777777777775
1 0.6958333333333333 0.34652777777777777 0.024479166666666666 0.025694444444444443
1 0.6802083333333333 0.30486111111111114 0.01875 0.020833333333333332
2 0.6765625 0.43680555555555556 0.049479166666666664 0.09305555555555556
2 0.6442708333333333 0.32013888888888886 0.0328125 0.058333333333333334
1 0.5541666666666667 0.25972222222222224 0.011979166666666667 0.017361111111111112
1 0.9255208333333333 0.6645833333333333 0.075 0.07777777777777778
1 0.95625 0.5381944444444444 0.0828125 0.05138888888888889
1 0.8890625 0.45694444444444443 0.07447916666666667 0.043055555555555555
1 0.9255208333333333 0.5055555555555555 0.07552083333333333 0.050694444444444445
1 0.7979166666666667 0.44305555555555554 0.03697916666666667 0.044444444444444446
1 0.7744791666666667 0.3111111111111111 0.029166666666666667 0.020833333333333332
1 0.7651041666666667 0.3013888888888889 0.030729166666666665 0.018055555555555554
1 0.7401041666666667 0.27152777777777776 0.03229166666666667 0.01875
1 0.7505208333333333 0.28125 0.03125 0.014583333333333334
1 0.7572916666666667 0.2902777777777778 0.0359375 0.017361111111111112
1 0.8885416666666667 0.3368055555555556 0.041666666666666664 0.020833333333333332
1 0.7901041666666667 0.325 0.03802083333333333 0.01875
1 0.7984375 0.3388888888888889 0.041666666666666664 0.01875
1 0.8302083333333333 0.37222222222222223 0.05 0.02847222222222222
1 0.8723958333333334 0.425 0.058333333333333334 0.03263888888888889
1 0.8515625 0.4048611111111111 0.05260416666666667 0.02847222222222222
1 0.8390625 0.3854166666666667 0.05572916666666667 0.02638888888888889
1 0.8088541666666667 0.35694444444444445 0.04791666666666667 0.025
1 0.6734375 0.2923611111111111 0.015625 0.017361111111111112
1 0.6677083333333333 0.2763888888888889 0.015625 0.01875
1 0.6619791666666667 0.2638888888888889 0.0140625 0.017361111111111112
1 0.6302083333333334 0.19305555555555556 0.008333333333333333 0.009722222222222222
1 0.6276041666666666 0.18888888888888888 0.007291666666666667 0.010416666666666666
1 0.61875 0.1673611111111111 0.005729166666666666 0.008333333333333333
1 0.6072916666666667 0.15138888888888888 0.005208333333333333 0.005555555555555556
1 0.6239583333333333 0.18125 0.00625 0.008333333333333333
1 0.6328125 0.19722222222222222 0.008333333333333333 0.009722222222222222
1 0.6416666666666667 0.21875 0.009895833333333333 0.011111111111111112
1 0.6447916666666667 0.22708333333333333 0.013020833333333334 0.0125
1 0.6484375 0.2326388888888889 0.011458333333333333 0.011111111111111112
1 0.6505208333333333 0.24027777777777778 0.009895833333333333 0.013194444444444444
3 0.6557291666666667 0.24861111111111112 0.0140625 0.022916666666666665
1 0.75625 0.37777777777777777 0.028645833333333332 0.02847222222222222
1 0.775 0.4076388888888889 0.034375 0.03611111111111111
1 0.5619791666666667 0.1763888888888889 0.00625 0.010416666666666666
1 0.5505208333333333 0.17777777777777778 0.007291666666666667 0.008333333333333333
1 0.5734375 0.15416666666666667 0.005729166666666666 0.007638888888888889
1 0.571875 0.14444444444444443 0.005208333333333333 0.004861111111111111
1 0.5609375 0.1486111111111111 0.0078125 0.007638888888888889
1 0.5645833333333333 0.13819444444444445 0.0036458333333333334 0.005555555555555556
1 0.5958333333333333 0.1375 0.00625 0.004861111111111111
1 0.5880208333333333 0.13541666666666666 0.0036458333333333334 0.004861111111111111
1 0.5807291666666666 0.13472222222222222 0.004166666666666667 0.004861111111111111
1 0.5739583333333333 0.13819444444444445 0.0036458333333333334 0.003472222222222222
1 0.5791666666666667 0.13958333333333334 0.005208333333333333 0.004861111111111111
2 0.5802083333333333 0.14652777777777778 0.00625 0.008333333333333333
2 0.6026041666666667 0.1673611111111111 0.005208333333333333 0.011111111111111112
1 0.6109375 0.17083333333333334 0.00625 0.008333333333333333
1 0.5619791666666667 0.1701388888888889 0.005729166666666666 0.007638888888888889
1 0.9838541666666667 0.5965277777777778 0.03229166666666667 0.04652777777777778