3 0.38229166666666664 0.04652777777777778 0.04010416666666667 0.03333333333333333
1 0.40208333333333335 0.11319444444444444 0.06145833333333333 0.030555555555555555
1 0.46770833333333334 0.17430555555555555 0.03697916666666667 0.04375
1 0.51875 0.25833333333333336 0.027083333333333334 0.05555555555555555
1 0.5088541666666667 0.3659722222222222 0.03229166666666667 0.06597222222222222
1 0.48020833333333335 0.47638888888888886 0.03333333333333333 0.075
3 0.45729166666666665 0.5673611111111111 0.041666666666666664 0.09444444444444444
3 0.5651041666666666 0.5875 0.03854166666666667 0.11458333333333333
1 0.43802083333333336 0.7006944444444444 0.0921875 0.1
2 0.3848958333333333 0.8395833333333333 0.08020833333333334 0.22013888888888888
1 0.3776041666666667 0.975 0.090625 0.049305555555555554
1 0.6682291666666667 0.8833333333333333 0.050520833333333334 0.14930555555555555
1 0.6765625 0.7298611111111111 0.04635416666666667 0.11597222222222223
2 0.6776041666666667 0.5375 0.04635416666666667 0.12291666666666666
1 0.6796875 0.3819444444444444 0.03333333333333333 0.07222222222222222
1 0.6489583333333333 0.3173611111111111 0.03333333333333333 0.07222222222222222
1 0.6854166666666667 0.27361111111111114 0.0265625 0.05138888888888889
1 0.6765625 0.18680555555555556 0.0265625 0.04375
1 0.6776041666666667 0.1486111111111111 0.025 0.04027777777777778
1 0.6723958333333333 0.11180555555555556 0.025 0.04097222222222222
1 0.6875 0.0763888888888889 0.022395833333333334 0.03611111111111111
1 0.09739583333333333 0.08541666666666667 0.0328125 0.020833333333333332
2 0.019270833333333334 0.09375 0.03854166666666667 0.03680555555555556