1 0.3625 0.7625 0.11041666666666666 0.18333333333333332
1 0.5984375 0.5291666666666667 0.06041666666666667 0.16180555555555556
1 0.5291666666666667 0.40902777777777777 0.06614583333333333 0.13958333333333334
1 0.7666666666666667 0.5638888888888889 0.109375 0.16597222222222222
1 0.6875 0.4326388888888889 0.09739583333333333 0.1388888888888889
1 0.6510416666666666 0.36180555555555555 0.09166666666666666 0.14305555555555555
1 0.6447916666666667 0.23680555555555555 0.07395833333333333 0.13472222222222222
1 0.6953125 0.11666666666666667 0.07291666666666667 0.10833333333333334
1 0.5708333333333333 0.32916666666666666 0.07135416666666666 0.11597222222222223
1 0.50625 0.9125 0.10885416666666667 0.175
1 0.234375 0.9611111111111111 0.15104166666666666 0.07708333333333334
3 0.8807291666666667 0.10069444444444445 0.08177083333333333 0.13541666666666666
2 0.8192708333333333 0.2861111111111111 0.09947916666666666 0.175
2 0.875 0.3506944444444444 0.09322916666666667 0.15208333333333332
2 0.9395833333333333 0.6354166666666666 0.1203125 0.1673611111111111