2 0.41770833333333335 0.15833333333333333 0.009375 0.030555555555555555
2 0.5270833333333333 0.9381944444444444 0.013020833333333334 0.04791666666666667
3 0.4625 0.21041666666666667 0.013541666666666667 0.02638888888888889
3 0.4869791666666667 0.2465277777777778 0.011979166666666667 0.034027777777777775
3 0.4947916666666667 0.21319444444444444 0.008333333333333333 0.029861111111111113
1 0.5421875 0.09236111111111112 0.021354166666666667 0.01875
1 0.51875 0.22847222222222222 0.011458333333333333 0.030555555555555555
1 0.5130208333333334 0.2590277777777778 0.013541666666666667 0.02847222222222222
1 0.5072916666666667 0.29930555555555555 0.0109375 0.029861111111111113
1 0.4828125 0.31319444444444444 0.0140625 0.029861111111111113
1 0.5114583333333333 0.33541666666666664 0.011458333333333333 0.02847222222222222
1 0.3265625 0.15208333333333332 0.021354166666666667 0.017361111111111112
1 0.509375 0.36666666666666664 0.009895833333333333 0.022916666666666665
1 0.5125 0.4236111111111111 0.009375 0.02847222222222222
1 0.5130208333333334 0.45694444444444443 0.009895833333333333 0.02361111111111111
1 0.5140625 0.49166666666666664 0.009895833333333333 0.02847222222222222
1 0.459375 0.4847222222222222 0.024479166666666666 0.015277777777777777
3 0.4786458333333333 0.4979166666666667 0.022916666666666665 0.0125
1 0.5140625 0.5319444444444444 0.009895833333333333 0.027777777777777776
1 0.45625 0.5173611111111112 0.022916666666666665 0.015277777777777777
1 0.4265625 0.5145833333333333 0.0234375 0.013194444444444444
3 0.42552083333333335 0.5368055555555555 0.020833333333333332 0.0125
1 0.5151041666666667 0.5736111111111111 0.009895833333333333 0.02638888888888889
1 0.5197916666666667 0.7548611111111111 0.0109375 0.03125
3 0.5234375 0.8215277777777777 0.009375 0.029861111111111113
1 0.5255208333333333 0.8944444444444445 0.011458333333333333 0.03125
1 0.5265625 0.9777777777777777 0.0109375 0.03125
1 0.07916666666666666 0.8534722222222222 0.0140625 0.03333333333333333
1 0.1109375 0.8902777777777777 0.025520833333333333 0.02013888888888889
1 0.1140625 0.9069444444444444 0.024479166666666666 0.01875
1 0.1171875 0.925 0.024479166666666666 0.01875
1 0.12135416666666667 0.9409722222222222 0.024479166666666666 0.01875
1 0.2015625 0.9923611111111111 0.022916666666666665 0.015277777777777777
1 0.06041666666666667 0.99375 0.0234375 0.0125
1 0.058333333333333334 0.9548611111111112 0.0234375 0.018055555555555554
3 0.050520833333333334 0.9416666666666667 0.0328125 0.022222222222222223
1 0.0390625 0.8840277777777777 0.024479166666666666 0.017361111111111112
3 0.04479166666666667 0.91875 0.021354166666666667 0.017361111111111112
1 0.2630208333333333 0.9805555555555555 0.013541666666666667 0.03333333333333333