1 0.5901041666666667 0.14305555555555555 0.027083333333333334 0.04791666666666667
1 0.925 0.21319444444444444 0.025520833333333333 0.04652777777777778
2 0.9369791666666667 0.3958333333333333 0.0390625 0.08125
1 0.9364583333333333 0.33541666666666664 0.0328125 0.05347222222222222
1 0.7208333333333333 0.24791666666666667 0.0328125 0.058333333333333334
1 0.7005208333333334 0.3034722222222222 0.034895833333333334 0.06458333333333334
1 0.6848958333333334 0.37430555555555556 0.042708333333333334 0.07777777777777778
1 0.6546875 0.4618055555555556 0.040625 0.07222222222222222
1 0.6255208333333333 0.5763888888888888 0.0515625 0.09722222222222222
1 0.5651041666666666 0.5916666666666667 0.052083333333333336 0.10486111111111111
1 0.696875 0.7180555555555556 0.052083333333333336 0.11597222222222223
2 0.5223958333333333 0.27361111111111114 0.04479166666666667 0.06736111111111111