1 0.5 0.021527777777777778 0.0234375 0.03958333333333333
1 0.5421875 0.05486111111111111 0.027604166666666666 0.05138888888888889
1 0.5807291666666666 0.3034722222222222 0.0359375 0.07847222222222222
1 0.6541666666666667 0.6916666666666667 0.0875 0.14583333333333334
1 0.4859375 0.7333333333333333 0.059375 0.18888888888888888
1 0.4890625 0.9201388888888888 0.0578125 0.1597222222222222
1 0.6895833333333333 0.9152777777777777 0.08125 0.16944444444444445
3 0.46822916666666664 0.5201388888888889 0.04114583333333333 0.10694444444444444
3 0.5734375 0.21875 0.041666666666666664 0.07916666666666666
3 0.4578125 0.2048611111111111 0.0375 0.06041666666666667
3 0.4510416666666667 0.29444444444444445 0.043229166666666666 0.09861111111111111
1 0.5625 0.1625 0.0375 0.06666666666666667
1 0.4609375 0.15208333333333332 0.033854166666666664 0.06041666666666667
1 0.4546875 0.09236111111111112 0.033854166666666664 0.05694444444444444
1 0.4546875 0.043055555555555555 0.03125 0.058333333333333334
1 0.4578125 0.016666666666666666 0.028645833333333332 0.03263888888888889
1 0.8291666666666667 0.010416666666666666 0.0375 0.020833333333333332
3 0.9796875 0.19166666666666668 0.040625 0.08541666666666667
1 0.984375 0.2777777777777778 0.03125 0.08541666666666667
3 0.334375 0.9416666666666667 0.08697916666666666 0.11597222222222223