1 0.528125 0.7784722222222222 0.07083333333333333 0.18611111111111112
1 0.646875 0.4583333333333333 0.03697916666666667 0.10902777777777778
1 0.6 0.18541666666666667 0.025 0.07847222222222222
1 0.5682291666666667 0.3472222222222222 0.034895833333333334 0.08402777777777778
1 0.5536458333333333 0.44722222222222224 0.042708333333333334 0.10486111111111111
1 0.6213541666666667 0.9166666666666666 0.07239583333333334 0.16041666666666668
3 0.8953125 0.35833333333333334 0.04739583333333333 0.07152777777777777
0 0.9192708333333334 0.19791666666666666 0.09635416666666667 0.15763888888888888
0 0.9572916666666667 0.36180555555555555 0.08385416666666666 0.2263888888888889
3 0.42083333333333334 0.19583333333333333 0.0609375 0.04791666666666667
1 0.30885416666666665 0.09305555555555556 0.040625 0.04513888888888889
1 0.40677083333333336 0.06875 0.03125 0.04375
1 0.3489583333333333 0.15694444444444444 0.03802083333333333 0.04861111111111111
1 0.37864583333333335 0.11666666666666667 0.0328125 0.04583333333333333
1 0.4244791666666667 0.03888888888888889 0.0234375 0.0375
1 0.3338541666666667 0.059027777777777776 0.0328125 0.03611111111111111
1 0.3671875 0.04652777777777778 0.0328125 0.03819444444444445
3 0.3671875 0.014583333333333334 0.024479166666666666 0.02847222222222222
1 0.40989583333333335 0.2722222222222222 0.07708333333333334 0.05555555555555555
3 0.31302083333333336 0.2534722222222222 0.0953125 0.09375