1 0.0671875 0.3034722222222222 0.024479166666666666 0.025694444444444443
1 0.0765625 0.32222222222222224 0.019270833333333334 0.022916666666666665
1 0.084375 0.3347222222222222 0.021354166666666667 0.029166666666666667
3 0.008854166666666666 0.71875 0.017708333333333333 0.041666666666666664
1 0.017708333333333333 0.9076388888888889 0.034375 0.05347222222222222
3 0.07604166666666666 0.8770833333333333 0.04479166666666667 0.05555555555555555
3 0.4234375 0.8277777777777777 0.0359375 0.04722222222222222
1 0.4276041666666667 0.42430555555555555 0.028645833333333332 0.03194444444444444
1 0.4713541666666667 0.22152777777777777 0.019791666666666666 0.021527777777777778
1 0.49375 0.2569444444444444 0.022395833333333334 0.01875
2 0.5354166666666667 0.2520833333333333 0.030729166666666665 0.034027777777777775
3 0.4265625 0.16041666666666668 0.0234375 0.029166666666666667
1 0.39947916666666666 0.17430555555555555 0.021354166666666667 0.024305555555555556
1 0.5901041666666667 0.2520833333333333 0.021354166666666667 0.021527777777777778
2 0.5520833333333334 0.3506944444444444 0.05 0.05694444444444444
3 0.6119791666666666 0.29583333333333334 0.0234375 0.025694444444444443
3 0.6473958333333333 0.2743055555555556 0.025 0.022916666666666665
1 0.6734375 0.26944444444444443 0.0234375 0.021527777777777778
1 0.9854166666666667 0.6444444444444445 0.029166666666666667 0.035416666666666666
3 0.9166666666666666 0.23819444444444443 0.027083333333333334 0.024305555555555556
3 0.8416666666666667 0.25625 0.027604166666666666 0.025694444444444443
2 0.3307291666666667 0.11388888888888889 0.08125 0.06736111111111111