1 0.4791666666666667 0.47430555555555554 0.052083333333333336 0.043055555555555555
1 0.48333333333333334 0.42986111111111114 0.050520833333333334 0.034027777777777775
1 0.48020833333333335 0.3861111111111111 0.049479166666666664 0.034027777777777775
1 0.48072916666666665 0.3402777777777778 0.04739583333333333 0.03819444444444445
1 0.5130208333333334 0.3 0.04739583333333333 0.034027777777777775
1 0.5119791666666667 0.25763888888888886 0.044270833333333336 0.03333333333333333
1 0.5140625 0.22430555555555556 0.04739583333333333 0.03194444444444444
1 0.44375 0.15416666666666667 0.01875 0.059722222222222225
1 0.3802083333333333 0.15069444444444444 0.021354166666666667 0.06875
1 0.1875 0.7020833333333333 0.03333333333333333 0.10277777777777777
1 0.25416666666666665 0.2465277777777778 0.057291666666666664 0.044444444444444446
1 0.26875 0.1284722222222222 0.05 0.04027777777777778
1 0.2760416666666667 0.07222222222222222 0.049479166666666664 0.04027777777777778
1 0.2828125 0.034722222222222224 0.0484375 0.034027777777777775
3 0.4010416666666667 0.6847222222222222 0.0234375 0.10555555555555556
1 0.6072916666666667 0.7277777777777777 0.05625 0.041666666666666664
1 0.59375 0.6861111111111111 0.059375 0.04722222222222222
1 0.5927083333333333 0.6256944444444444 0.059375 0.04791666666666667
1 0.5880208333333333 0.5770833333333333 0.05625 0.03819444444444445
1 0.5963541666666666 0.5277777777777778 0.0515625 0.04791666666666667
1 0.59375 0.47638888888888886 0.05625 0.041666666666666664
1 0.5901041666666667 0.4305555555555556 0.0515625 0.044444444444444446
1 0.5697916666666667 0.39305555555555555 0.05260416666666667 0.044444444444444446
1 0.5942708333333333 0.35625 0.05260416666666667 0.041666666666666664
1 0.5875 0.3138888888888889 0.050520833333333334 0.041666666666666664
1 0.5875 0.27569444444444446 0.04635416666666667 0.03958333333333333
1 0.5598958333333334 0.11458333333333333 0.019791666666666666 0.07222222222222222
1 0.5880208333333333 0.125 0.021354166666666667 0.06736111111111111
1 0.6109375 0.12430555555555556 0.020833333333333332 0.06597222222222222
1 0.5208333333333334 0.1125 0.04791666666666667 0.03680555555555556
1 0.5197916666666667 0.1451388888888889 0.04739583333333333 0.03680555555555556
3 0.5151041666666667 0.07361111111111111 0.042708333333333334 0.04027777777777778
3 0.5223958333333333 0.17430555555555555 0.04010416666666667 0.044444444444444446
3 0.5484375 0.7965277777777777 0.022916666666666665 0.09236111111111112
3 0.6109375 0.8333333333333334 0.07135416666666666 0.04722222222222222
1 0.6177083333333333 0.9041666666666667 0.06197916666666667 0.03958333333333333
3 0.6088541666666667 0.9590277777777778 0.05520833333333333 0.044444444444444446
1 0.30416666666666664 0.011805555555555555 0.04375 0.02361111111111111