1 0.615625 0.59375 0.0640625 0.07361111111111111
1 0.7640625 0.6875 0.08697916666666666 0.08194444444444444
1 0.39166666666666666 0.4534722222222222 0.065625 0.049305555555555554
1 0.540625 0.4875 0.028645833333333332 0.05694444444444444
1 0.09166666666666666 0.5263888888888889 0.075 0.04583333333333333
1 0.0984375 0.4979166666666667 0.06979166666666667 0.043055555555555555
1 0.5473958333333333 0.36875 0.027604166666666666 0.034027777777777775
1 0.07864583333333333 0.38472222222222224 0.05416666666666667 0.030555555555555555
1 0.5526041666666667 0.2965277777777778 0.020833333333333332 0.02638888888888889
1 0.5588541666666667 0.33819444444444446 0.0234375 0.02847222222222222
1 0.5885416666666666 0.3423611111111111 0.022916666666666665 0.027777777777777776
1 0.9526041666666667 0.7736111111111111 0.09427083333333333 0.06458333333333334
1 0.7286458333333333 0.05694444444444444 0.004166666666666667 0.005555555555555556
1 0.734375 0.05416666666666667 0.004166666666666667 0.005555555555555556
1 0.7291666666666666 0.05138888888888889 0.0036458333333333334 0.003472222222222222
1 0.7333333333333333 0.04097222222222222 0.004166666666666667 0.003472222222222222
1 0.7333333333333333 0.03333333333333333 0.004166666666666667 0.005555555555555556
1 0.6880208333333333 0.0763888888888889 0.00625 0.005555555555555556
1 0.6890625 0.06875 0.005729166666666666 0.005555555555555556
1 0.7 0.058333333333333334 0.005729166666666666 0.005555555555555556
1 0.7020833333333333 0.052083333333333336 0.005729166666666666 0.005555555555555556
1 0.6703125 0.10486111111111111 0.0078125 0.009722222222222222
1 0.665625 0.125 0.009895833333333333 0.010416666666666666
1 0.6484375 0.1375 0.009895833333333333 0.010416666666666666
0 0.6463541666666667 0.15763888888888888 0.0171875 0.027777777777777776
1 0.6583333333333333 0.14652777777777778 0.007291666666666667 0.010416666666666666
1 0.6817708333333333 0.10347222222222222 0.0078125 0.007638888888888889
1 0.6890625 0.08541666666666667 0.0078125 0.008333333333333333
1 0.68125 0.07361111111111111 0.005208333333333333 0.005555555555555556
1 0.6984375 0.06736111111111111 0.005208333333333333 0.004861111111111111
1 0.7380208333333333 0.034722222222222224 0.004166666666666667 0.006944444444444444
1 0.6942708333333333 0.07847222222222222 0.004166666666666667 0.006944444444444444
1 0.6651041666666667 0.09583333333333334 0.005729166666666666 0.006944444444444444
1 0.6130208333333333 0.2847222222222222 0.016666666666666666 0.025
1 0.7333333333333333 0.04652777777777778 0.004166666666666667 0.005555555555555556