1 0.346875 0.5229166666666667 0.025520833333333333 0.04791666666666667
2 0.3046875 0.45694444444444443 0.03802083333333333 0.16041666666666668
3 0.17708333333333334 0.11805555555555555 0.014583333333333334 0.011805555555555555
1 0.19114583333333332 0.10972222222222222 0.007291666666666667 0.013194444444444444
3 0.18645833333333334 0.1 0.0109375 0.008333333333333333
1 0.19947916666666668 0.16527777777777777 0.016145833333333335 0.01597222222222222
1 0.1921875 0.18055555555555555 0.013541666666666667 0.01597222222222222
2 0.31354166666666666 0.825 0.06458333333333334 0.29791666666666666
1 0.3697916666666667 0.6618055555555555 0.03177083333333333 0.06944444444444445
2 0.40572916666666664 0.48819444444444443 0.052083333333333336 0.14097222222222222
3 0.45729166666666665 0.3472222222222222 0.019270833333333334 0.03819444444444445
1 0.43125 0.34930555555555554 0.018229166666666668 0.02847222222222222
1 0.37552083333333336 0.21875 0.022916666666666665 0.016666666666666666
3 0.35 0.23125 0.0125 0.027083333333333334
1 0.34322916666666664 0.21805555555555556 0.009375 0.014583333333333334
1 0.3692708333333333 0.1875 0.008333333333333333 0.014583333333333334
1 0.3734375 0.17222222222222222 0.009375 0.017361111111111112
2 0.32708333333333334 0.15138888888888888 0.014583333333333334 0.025694444444444443
2 0.346875 0.11944444444444445 0.013541666666666667 0.013194444444444444
1 0.34010416666666665 0.0875 0.0078125 0.009027777777777777
2 0.33645833333333336 0.40694444444444444 0.030208333333333334 0.08055555555555556
0 0.290625 0.17291666666666666 0.011979166666666667 0.027083333333333334
3 0.2953125 0.2569444444444444 0.0125 0.029861111111111113
2 0.29739583333333336 0.31319444444444444 0.028125 0.08472222222222223
0 0.2864583333333333 0.09861111111111111 0.0109375 0.019444444444444445
2 0.3145833333333333 0.10138888888888889 0.009895833333333333 0.019444444444444445
2 0.2869791666666667 0.06180555555555556 0.00625 0.019444444444444445
2 0.30416666666666664 0.05416666666666667 0.0067708333333333336 0.011805555555555555
2 0.30104166666666665 0.04097222222222222 0.0067708333333333336 0.013888888888888888
0 0.28489583333333335 0.025694444444444443 0.004166666666666667 0.009027777777777777
1 0.28020833333333334 0.027083333333333334 0.0026041666666666665 0.005555555555555556