1 0.03697916666666667 0.6326388888888889 0.0453125 0.0798611111111111
1 0.14583333333333334 0.6541666666666667 0.040625 0.07777777777777778
1 0.2526041666666667 0.68125 0.033854166666666664 0.075
1 0.47552083333333334 0.7097222222222223 0.028125 0.08888888888888889
1 0.5307291666666667 0.7319444444444444 0.025 0.09305555555555556
1 0.5614583333333333 0.7534722222222222 0.026041666666666668 0.08888888888888889
1 0.7640625 0.8041666666666667 0.030208333333333334 0.09444444444444444
1 0.7973958333333333 0.8020833333333334 0.03333333333333333 0.09166666666666666
1 0.946875 0.8423611111111111 0.040625 0.1
2 0.46979166666666666 0.5180555555555556 0.0703125 0.06180555555555556
1 0.5276041666666667 0.4465277777777778 0.019270833333333334 0.058333333333333334
1 0.45989583333333334 0.43680555555555556 0.021354166666666667 0.05763888888888889
1 0.5307291666666667 0.33125 0.018229166666666668 0.052083333333333336
1 0.46510416666666665 0.2826388888888889 0.036458333333333336 0.03333333333333333
1 0.5239583333333333 0.07708333333333334 0.0109375 0.025694444444444443
1 0.509375 0.075 0.0125 0.027083333333333334
1 0.4588541666666667 0.12083333333333333 0.025520833333333333 0.027777777777777776
1 0.4515625 0.13680555555555557 0.029166666666666667 0.02847222222222222
1 0.4317708333333333 0.17222222222222222 0.027604166666666666 0.03125
1 0.421875 0.1909722222222222 0.024479166666666666 0.025694444444444443
1 0.4140625 0.20694444444444443 0.03333333333333333 0.03125
1 0.3963541666666667 0.24166666666666667 0.027604166666666666 0.02847222222222222
1 0.39114583333333336 0.2604166666666667 0.027604166666666666 0.029861111111111113
1 0.378125 0.2743055555555556 0.03697916666666667 0.03333333333333333
1 0.3109375 0.2965277777777778 0.023958333333333335 0.04513888888888889