1 0.23645833333333333 0.6736111111111112 0.12447916666666667 0.14791666666666667
1 0.22447916666666667 0.5347222222222222 0.0890625 0.1
1 0.034895833333333334 0.6486111111111111 0.06666666666666667 0.10833333333333334
1 0.4588541666666667 0.4048611111111111 0.05625 0.05555555555555555
1 0.3890625 0.4111111111111111 0.059895833333333336 0.06111111111111111
1 0.2265625 0.44930555555555557 0.075 0.06597222222222222
1 0.6484375 0.6076388888888888 0.13125 0.08194444444444444
1 0.9234375 0.86875 0.15260416666666668 0.11875
1 0.8838541666666667 0.6631944444444444 0.16354166666666667 0.08680555555555555
3 0.3260416666666667 0.3034722222222222 0.050520833333333334 0.050694444444444445
3 0.36354166666666665 0.2826388888888889 0.03125 0.03888888888888889
1 0.3927083333333333 0.2701388888888889 0.0265625 0.027777777777777776
1 0.43697916666666664 0.23125 0.025 0.02638888888888889
1 0.45416666666666666 0.21666666666666667 0.021354166666666667 0.025694444444444443
3 0.46875 0.20347222222222222 0.013541666666666667 0.02361111111111111
3 0.4713541666666667 0.31527777777777777 0.03697916666666667 0.04583333333333333
0 0.49947916666666664 0.20069444444444445 0.05 0.05555555555555555
1 0.5255208333333333 0.3034722222222222 0.0265625 0.04027777777777778
1 0.55 0.225 0.019791666666666666 0.018055555555555554
1 0.5729166666666666 0.16597222222222222 0.0171875 0.02361111111111111
1 0.5302083333333333 0.17777777777777778 0.0140625 0.018055555555555554
1 0.54375 0.16666666666666666 0.013541666666666667 0.01875
1 0.5447916666666667 0.15069444444444444 0.013541666666666667 0.014583333333333334