1 0.09635416666666667 0.3736111111111111 0.03697916666666667 0.025694444444444443
1 0.10104166666666667 0.3611111111111111 0.03333333333333333 0.017361111111111112
1 0.4354166666666667 0.7458333333333333 0.052083333333333336 0.06111111111111111
1 0.621875 0.7284722222222222 0.042708333333333334 0.06319444444444444
1 0.71875 0.6798611111111111 0.04635416666666667 0.04652777777777778
1 0.7833333333333333 0.6520833333333333 0.050520833333333334 0.04236111111111111
1 0.8739583333333333 0.6 0.046875 0.03819444444444445
1 0.4322916666666667 0.46944444444444444 0.017708333333333333 0.04652777777777778
1 0.41041666666666665 0.4548611111111111 0.020833333333333332 0.04375
1 0.39947916666666666 0.425 0.015104166666666667 0.03819444444444445
3 0.41875 0.4166666666666667 0.019270833333333334 0.04236111111111111
2 0.41041666666666665 0.37222222222222223 0.018229166666666668 0.044444444444444446
1 0.3885416666666667 0.36736111111111114 0.013020833333333334 0.03125
1 0.40625 0.2902777777777778 0.013541666666666667 0.025694444444444443
1 0.353125 0.22916666666666666 0.0125 0.022222222222222223
1 0.3697916666666667 0.22430555555555556 0.009895833333333333 0.019444444444444445
1 0.3614583333333333 0.18055555555555555 0.010416666666666666 0.017361111111111112
1 0.36354166666666665 0.1597222222222222 0.008854166666666666 0.017361111111111112
1 0.3489583333333333 0.11527777777777778 0.009375 0.014583333333333334
1 0.32708333333333334 0.125 0.0078125 0.016666666666666666
1 0.33541666666666664 0.1125 0.0078125 0.01597222222222222
1 0.3421875 0.09583333333333334 0.005208333333333333 0.011805555555555555
1 0.32447916666666665 0.06180555555555556 0.007291666666666667 0.011805555555555555
1 0.32916666666666666 0.08402777777777778 0.007291666666666667 0.011805555555555555
1 0.315625 0.05763888888888889 0.005208333333333333 0.011805555555555555
1 0.37864583333333335 0.3277777777777778 0.0125 0.027777777777777776