1 0.8473958333333333 0.41041666666666665 0.059375 0.059722222222222225
1 0.9208333333333333 0.66875 0.04010416666666667 0.08402777777777778
1 0.8333333333333334 0.34791666666666665 0.0515625 0.043055555555555555
1 0.7197916666666667 0.5847222222222223 0.058333333333333334 0.05694444444444444
1 0.5572916666666666 0.6722222222222223 0.06354166666666666 0.06458333333333334
1 0.35052083333333334 0.8090277777777778 0.0640625 0.075
1 0.20052083333333334 0.9166666666666666 0.065625 0.07708333333333334
1 0.10260416666666666 0.7805555555555556 0.07135416666666666 0.07847222222222222
1 0.029166666666666667 0.9298611111111111 0.05572916666666667 0.075
1 0.5765625 0.32569444444444445 0.019791666666666666 0.06736111111111111
1 0.61875 0.20902777777777778 0.036458333333333336 0.06736111111111111
3 0.6822916666666666 0.15833333333333333 0.03229166666666667 0.06319444444444444
0 0.9166666666666666 0.1951388888888889 0.0640625 0.06111111111111111
2 0.953125 0.15416666666666667 0.090625 0.1076388888888889
2 0.6973958333333333 0.027083333333333334 0.040625 0.052083333333333336