1 0.18072916666666666 0.6638888888888889 0.16302083333333334 0.24375
1 0.7322916666666667 0.5458333333333333 0.1921875 0.12777777777777777
1 0.35520833333333335 0.28402777777777777 0.04739583333333333 0.058333333333333334
1 0.5223958333333333 0.26666666666666666 0.04375 0.05694444444444444
1 0.5635416666666667 0.20208333333333334 0.059895833333333336 0.03333333333333333
1 0.39427083333333335 0.18819444444444444 0.027083333333333334 0.03680555555555556
1 0.39739583333333334 0.16319444444444445 0.022916666666666665 0.03333333333333333
1 0.4015625 0.13819444444444445 0.027604166666666666 0.025
1 0.3416666666666667 0.14305555555555555 0.0421875 0.025694444444444443
1 0.3390625 0.13333333333333333 0.04010416666666667 0.01875
1 0.3151041666666667 0.11875 0.040625 0.01875
1 0.2942708333333333 0.0875 0.024479166666666666 0.015277777777777777
1 0.3203125 0.09027777777777778 0.027604166666666666 0.018055555555555554
1 0.34739583333333335 0.09652777777777778 0.0234375 0.01597222222222222
1 0.6515625 0.19652777777777777 0.05416666666666667 0.03611111111111111
1 0.7317708333333334 0.19930555555555557 0.0609375 0.03263888888888889
1 0.8265625 0.2013888888888889 0.06354166666666666 0.035416666666666666