1 0.9036458333333334 0.9333333333333333 0.14427083333333332 0.13333333333333333
1 0.8026041666666667 0.7381944444444445 0.11875 0.1673611111111111
1 0.7140625 0.5493055555555556 0.09583333333333334 0.11805555555555555
1 0.6651041666666667 0.4395833333333333 0.075 0.09027777777777778
1 0.6255208333333333 0.3576388888888889 0.07916666666666666 0.08888888888888889
1 0.5640625 0.6159722222222223 0.08489583333333334 0.1597222222222222
1 0.5640625 0.25625 0.06927083333333334 0.07222222222222222
1 0.5369791666666667 0.16458333333333333 0.034895833333333334 0.049305555555555554
3 0.40625 0.8729166666666667 0.1578125 0.25416666666666665
1 0.384375 0.6868055555555556 0.0828125 0.16111111111111112
1 0.384375 0.5201388888888889 0.0859375 0.15138888888888888
1 0.3572916666666667 0.40902777777777777 0.059895833333333336 0.1076388888888889
1 0.35 0.3215277777777778 0.0515625 0.08888888888888889
1 0.3359375 0.2513888888888889 0.04479166666666667 0.06319444444444444
2 0.3223958333333333 0.1798611111111111 0.059895833333333336 0.08680555555555555
1 0.36354166666666665 0.14791666666666667 0.04010416666666667 0.06458333333333334
2 0.4453125 0.027777777777777776 0.05520833333333333 0.05555555555555555
1 0.3151041666666667 0.13541666666666666 0.0328125 0.03819444444444445
1 0.31197916666666664 0.10486111111111111 0.03802083333333333 0.04583333333333333
1 0.30364583333333334 0.06736111111111111 0.030208333333333334 0.035416666666666666
1 0.29375 0.04027777777777778 0.024479166666666666 0.04027777777777778
1 0.2864583333333333 0.01875 0.027083333333333334 0.03125