1 0.06510416666666667 0.5340277777777778 0.0359375 0.020833333333333332
1 0.3927083333333333 0.425 0.0265625 0.018055555555555554
1 0.4479166666666667 0.34652777777777777 0.028645833333333332 0.022916666666666665
1 0.3890625 0.35208333333333336 0.027604166666666666 0.018055555555555554
1 0.3880208333333333 0.32013888888888886 0.030208333333333334 0.01875
1 0.3859375 0.2791666666666667 0.030729166666666665 0.020833333333333332
1 0.3859375 0.2263888888888889 0.025520833333333333 0.020833333333333332
1 0.4421875 0.225 0.030208333333333334 0.022222222222222223
1 0.4427083333333333 0.17222222222222222 0.025 0.018055555555555554
1 0.4395833333333333 0.13333333333333333 0.027604166666666666 0.020833333333333332
1 0.37916666666666665 0.13402777777777777 0.025520833333333333 0.022222222222222223
3 0.39739583333333334 0.5611111111111111 0.024479166666666666 0.020833333333333332
1 0.46197916666666666 0.93125 0.030729166666666665 0.022222222222222223
2 0.5817708333333333 0.46111111111111114 0.022395833333333334 0.08541666666666667
1 0.7359375 0.38472222222222224 0.015625 0.03611111111111111