3 0.6890625 0.7979166666666667 0.0390625 0.035416666666666666
2 0.7786458333333334 0.7055555555555556 0.028645833333333332 0.058333333333333334
3 0.7666666666666667 0.6583333333333333 0.016666666666666666 0.03680555555555556
3 0.7984375 0.7159722222222222 0.011458333333333333 0.022916666666666665
3 0.7588541666666667 0.5638888888888889 0.017708333333333333 0.049305555555555554
2 0.7484375 0.5798611111111112 0.034375 0.10416666666666667
1 0.7265625 0.5138888888888888 0.015104166666666667 0.035416666666666666
3 0.7177083333333333 0.46597222222222223 0.011979166666666667 0.035416666666666666
3 0.7088541666666667 0.4305555555555556 0.011979166666666667 0.03958333333333333
3 0.6765625 0.30416666666666664 0.013020833333333334 0.034027777777777775
3 0.6375 0.18680555555555556 0.011979166666666667 0.03333333333333333
3 0.5807291666666666 0.08888888888888889 0.009895833333333333 0.022916666666666665
2 0.6401041666666667 0.1486111111111111 0.021354166666666667 0.043055555555555555
2 0.678125 0.22152777777777777 0.017708333333333333 0.041666666666666664
1 0.6604166666666667 0.2534722222222222 0.011979166666666667 0.022916666666666665
2 0.7447916666666666 0.24722222222222223 0.019791666666666666 0.05347222222222222
0 0.565625 0.04375 0.011458333333333333 0.03680555555555556
1 0.5739583333333333 0.04027777777777778 0.0078125 0.015277777777777777
3 0.8484375 0.9534722222222223 0.03125 0.075