1 0.46510416666666665 0.9680555555555556 0.051041666666666666 0.06388888888888888
2 0.459375 0.8868055555555555 0.04583333333333333 0.06597222222222222
1 0.5098958333333333 0.8145833333333333 0.03333333333333333 0.041666666666666664
1 0.5447916666666667 0.7465277777777778 0.021354166666666667 0.029861111111111113
1 0.58125 0.7465277777777778 0.020833333333333332 0.02847222222222222
1 0.571875 0.7236111111111111 0.017708333333333333 0.02361111111111111
2 0.5854166666666667 0.6694444444444444 0.013541666666666667 0.020833333333333332
1 0.6260416666666667 0.5958333333333333 0.0078125 0.008333333333333333
1 0.6109375 0.6069444444444444 0.008333333333333333 0.0125
1 0.590625 0.6326388888888889 0.008333333333333333 0.013194444444444444
1 0.5973958333333333 0.6270833333333333 0.009895833333333333 0.010416666666666666
1 0.6442708333333333 0.6263888888888889 0.009895833333333333 0.0125
1 0.659375 0.6277777777777778 0.009895833333333333 0.013194444444444444
1 0.6473958333333333 0.6145833333333334 0.0078125 0.011111111111111112
1 0.6640625 0.6069444444444444 0.011458333333333333 0.0125
1 0.6567708333333333 0.5944444444444444 0.00625 0.009722222222222222
1 0.6484375 0.5833333333333334 0.0078125 0.008333333333333333
1 0.6666666666666666 0.5826388888888889 0.008333333333333333 0.008333333333333333
2 0.6578125 0.58125 0.008333333333333333 0.011111111111111112
1 0.6489583333333333 0.5777777777777777 0.00625 0.008333333333333333
1 0.13802083333333334 0.7659722222222223 0.04010416666666667 0.02638888888888889
1 0.11197916666666667 0.7631944444444444 0.0390625 0.03263888888888889
1 0.0984375 0.7611111111111111 0.028645833333333332 0.030555555555555555
1 0.20416666666666666 0.7277777777777777 0.030729166666666665 0.025
1 0.18489583333333334 0.725 0.0328125 0.025
1 0.16197916666666667 0.7243055555555555 0.0359375 0.022222222222222223
1 0.1484375 0.71875 0.0328125 0.022222222222222223
1 0.12447916666666667 0.7201388888888889 0.03229166666666667 0.027777777777777776
1 0.10989583333333333 0.7180555555555556 0.03229166666666667 0.025