1 0.5713541666666667 0.6194444444444445 0.019791666666666666 0.06319444444444444
1 0.5234375 0.49375 0.016666666666666666 0.043055555555555555
1 0.5333333333333333 0.3590277777777778 0.015104166666666667 0.035416666666666666
1 0.5083333333333333 0.34097222222222223 0.013020833333333334 0.03194444444444444
1 0.5098958333333333 0.3111111111111111 0.009895833333333333 0.027777777777777776
1 0.5104166666666666 0.28125 0.013541666666666667 0.024305555555555556
1 0.528125 0.23472222222222222 0.0109375 0.025694444444444443
1 0.5255208333333333 0.1840277777777778 0.0109375 0.022916666666666665
1 0.46875 0.2534722222222222 0.009375 0.024305555555555556
1 0.3307291666666667 0.3798611111111111 0.03125 0.024305555555555556
1 0.5239583333333333 0.14305555555555555 0.009375 0.021527777777777778
1 0.5416666666666666 0.17083333333333334 0.008333333333333333 0.021527777777777778
1 0.490625 0.08888888888888889 0.008333333333333333 0.015277777777777777
1 0.49375 0.034722222222222224 0.005729166666666666 0.011111111111111112
1 0.5130208333333334 0.022916666666666665 0.005729166666666666 0.010416666666666666
1 0.4921875 0.01875 0.005729166666666666 0.0125
1 0.521875 0.014583333333333334 0.005208333333333333 0.011111111111111112
1 0.4859375 0.00625 0.005729166666666666 0.010416666666666666
1 0.5458333333333333 0.2298611111111111 0.009895833333333333 0.027777777777777776
3 0.46875 0.7118055555555556 0.0171875 0.050694444444444445
3 0.41354166666666664 0.6534722222222222 0.01875 0.05347222222222222
3 0.48802083333333335 0.19722222222222222 0.009895833333333333 0.021527777777777778
3 0.5213541666666667 0.034722222222222224 0.007291666666666667 0.01875
1 0.5255208333333333 0.025694444444444443 0.00625 0.013888888888888888
1 0.5317708333333333 0.04236111111111111 0.00625 0.016666666666666666
1 0.5375 0.11458333333333333 0.0078125 0.024305555555555556
1 0.5208333333333334 0.06041666666666667 0.008333333333333333 0.01875
0 0.6895833333333333 0.6680555555555555 0.11510416666666666 0.07222222222222222
1 0.5145833333333333 0.9756944444444444 0.025 0.04583333333333333
1 0.5979166666666667 0.9840277777777777 0.025520833333333333 0.029166666666666667
2 0.5453125 0.6555555555555556 0.0265625 0.12569444444444444