1 0.3255208333333333 0.6604166666666667 0.125 0.12638888888888888
1 0.20260416666666667 0.5229166666666667 0.10052083333333334 0.08402777777777778
1 0.6302083333333334 0.3819444444444444 0.04479166666666667 0.03611111111111111
1 0.6880208333333333 0.3229166666666667 0.03229166666666667 0.02847222222222222
1 0.7416666666666667 0.29305555555555557 0.0265625 0.022222222222222223
2 0.371875 0.4131944444444444 0.10052083333333334 0.08263888888888889
1 0.5463541666666667 0.3263888888888889 0.0328125 0.03125
1 0.7552083333333334 0.25972222222222224 0.0234375 0.020833333333333332
1 0.7322916666666667 0.25972222222222224 0.025520833333333333 0.020833333333333332
1 0.8067708333333333 0.2423611111111111 0.0265625 0.022222222222222223
1 0.8401041666666667 0.22847222222222222 0.016666666666666666 0.020833333333333332
1 0.042708333333333334 0.6451388888888889 0.08541666666666667 0.09861111111111111