3 0.05677083333333333 0.018055555555555554 0.0421875 0.03611111111111111
1 0.10052083333333334 0.052083333333333336 0.028645833333333332 0.029861111111111113
1 0.47552083333333334 0.125 0.044270833333333336 0.03125
1 0.446875 0.11736111111111111 0.03802083333333333 0.02847222222222222
1 0.4348958333333333 0.10625 0.03697916666666667 0.027777777777777776
1 0.49375 0.1 0.034375 0.025
1 0.5260416666666666 0.10833333333333334 0.027604166666666666 0.030555555555555555
1 0.5760416666666667 0.12569444444444444 0.0390625 0.030555555555555555
1 0.6598958333333333 0.03888888888888889 0.0265625 0.025
1 0.7041666666666667 0.059722222222222225 0.0328125 0.022222222222222223
1 0.7817708333333333 0.0375 0.0265625 0.029861111111111113
2 0.6963541666666667 0.2375 0.0671875 0.06597222222222222
1 0.6265625 0.29791666666666666 0.0640625 0.050694444444444445
2 0.5255208333333333 0.22361111111111112 0.06197916666666667 0.04027777777777778
2 0.6203125 0.2013888888888889 0.06510416666666667 0.04861111111111111
0 0.7447916666666666 0.42986111111111114 0.24166666666666667 0.21875