1 0.01875 0.15833333333333333 0.03697916666666667 0.07708333333333334
1 0.0265625 0.2847222222222222 0.052083333333333336 0.09305555555555556
1 0.07447916666666667 0.022222222222222223 0.05416666666666667 0.04375
1 0.12083333333333333 0.022916666666666665 0.04010416666666667 0.04583333333333333
1 0.1625 0.02361111111111111 0.0421875 0.044444444444444446
3 0.20364583333333333 0.017361111111111112 0.036458333333333336 0.034722222222222224
1 0.2713541666666667 0.01597222222222222 0.03697916666666667 0.03125
1 0.04739583333333333 0.16180555555555556 0.0640625 0.0798611111111111
1 0.11354166666666667 0.17847222222222223 0.06145833333333333 0.08472222222222223
1 0.18333333333333332 0.1673611111111111 0.0515625 0.08125
1 0.23333333333333334 0.15694444444444444 0.050520833333333334 0.08888888888888889
1 0.2796875 0.175 0.0421875 0.09027777777777778
1 0.32760416666666664 0.16527777777777777 0.04375 0.075
1 0.24322916666666666 0.2791666666666667 0.05520833333333333 0.08958333333333333
3 0.12708333333333333 0.28680555555555554 0.07864583333333333 0.11041666666666666
3 0.29635416666666664 0.275 0.04583333333333333 0.10277777777777777
3 0.34791666666666665 0.2791666666666667 0.04739583333333333 0.12777777777777777
3 0.5026041666666666 0.04861111111111111 0.08072916666666667 0.06458333333333334
2 0.4635416666666667 0.20347222222222222 0.05416666666666667 0.1076388888888889
2 0.5026041666666666 0.42083333333333334 0.07239583333333334 0.17152777777777778
2 0.6786458333333333 0.29444444444444445 0.057291666666666664 0.175
1 0.7052083333333333 0.6527777777777778 0.059895833333333336 0.16666666666666666
1 0.96875 0.8388888888888889 0.06197916666666667 0.1798611111111111
1 0.8770833333333333 0.4548611111111111 0.07291666666666667 0.1076388888888889
2 0.7651041666666667 0.9111111111111111 0.109375 0.17777777777777778
1 0.8447916666666667 0.35694444444444445 0.0734375 0.09652777777777778
1 0.196875 0.5541666666666667 0.06770833333333333 0.12222222222222222
3 0.05416666666666667 0.5416666666666666 0.08333333333333333 0.1284722222222222
2 0.14895833333333333 0.7277777777777777 0.10052083333333334 0.1875
2 0.05677083333333333 0.6979166666666666 0.11354166666666667 0.25833333333333336