1 0.09739583333333333 0.6 0.059895833333333336 0.10069444444444445
1 0.10833333333333334 0.7131944444444445 0.0921875 0.12986111111111112
1 0.3255208333333333 0.8611111111111112 0.09010416666666667 0.1763888888888889
1 0.6416666666666667 0.7881944444444444 0.1140625 0.14166666666666666
1 0.7036458333333333 0.7465277777777778 0.115625 0.13333333333333333
1 0.6302083333333334 0.4736111111111111 0.065625 0.0798611111111111
1 0.5463541666666667 0.5069444444444444 0.06875 0.08125
1 0.4609375 0.49444444444444446 0.06770833333333333 0.08125
1 0.39739583333333334 0.5263888888888889 0.08489583333333334 0.07361111111111111
1 0.3302083333333333 0.6027777777777777 0.0765625 0.10833333333333334
1 0.21145833333333333 0.5055555555555555 0.06145833333333333 0.10208333333333333
1 0.4796875 0.9395833333333333 0.10729166666666666 0.12083333333333333
1 0.6244791666666667 0.93125 0.12552083333333333 0.13680555555555557
1 0.1421875 0.46458333333333335 0.0484375 0.06666666666666667
1 0.18020833333333333 0.38125 0.034375 0.052083333333333336
1 0.2713541666666667 0.29097222222222224 0.028645833333333332 0.050694444444444445
1 0.19583333333333333 0.24861111111111112 0.034895833333333334 0.04027777777777778
1 0.246875 0.1701388888888889 0.022395833333333334 0.022916666666666665
1 0.265625 0.15555555555555556 0.021354166666666667 0.022916666666666665
1 0.2890625 0.22291666666666668 0.028645833333333332 0.034027777777777775
1 0.3255208333333333 0.25555555555555554 0.029166666666666667 0.034027777777777775
1 0.36302083333333335 0.32083333333333336 0.040625 0.04791666666666667
1 0.36666666666666664 0.22569444444444445 0.030208333333333334 0.030555555555555555
1 0.40520833333333334 0.16180555555555556 0.0171875 0.025
1 0.32135416666666666 0.19652777777777777 0.025520833333333333 0.025694444444444443
1 0.4708333333333333 0.17847222222222223 0.040625 0.02361111111111111
1 0.0984375 0.20208333333333334 0.025520833333333333 0.029861111111111113
1 0.13072916666666667 0.23194444444444445 0.028645833333333332 0.035416666666666666
0 0.15416666666666667 0.2847222222222222 0.075 0.11041666666666666
0 0.2682291666666667 0.3388888888888889 0.0921875 0.12777777777777777
0 0.16354166666666667 0.18125 0.057291666666666664 0.06388888888888888
1 0.3463541666666667 0.39375 0.044270833333333336 0.05416666666666667
1 0.45677083333333335 0.37777777777777777 0.052083333333333336 0.04861111111111111
1 0.5109375 0.36944444444444446 0.04479166666666667 0.05347222222222222
1 0.6057291666666667 0.3736111111111111 0.034375 0.058333333333333334
1 0.5458333333333333 0.3020833333333333 0.036458333333333336 0.044444444444444446
1 0.565625 0.25069444444444444 0.028645833333333332 0.035416666666666666
1 0.5723958333333333 0.20694444444444443 0.034895833333333334 0.03263888888888889
1 0.5515625 0.1673611111111111 0.04010416666666667 0.02638888888888889
1 0.05572916666666667 0.12638888888888888 0.0859375 0.041666666666666664
1 0.153125 0.12291666666666666 0.06770833333333333 0.041666666666666664
1 0.4473958333333333 0.08402777777777778 0.07864583333333333 0.044444444444444446
1 0.4875 0.14097222222222222 0.03333333333333333 0.017361111111111112
1 0.47552083333333334 0.13541666666666666 0.025 0.018055555555555554
1 0.5338541666666666 0.13055555555555556 0.030729166666666665 0.022916666666666665
1 0.5703125 0.12777777777777777 0.029166666666666667 0.018055555555555554
1 0.6078125 0.12222222222222222 0.028645833333333332 0.02013888888888889
1 0.6442708333333333 0.11597222222222223 0.021354166666666667 0.015277777777777777
1 0.6755208333333333 0.11319444444444444 0.025 0.02013888888888889
1 0.7036458333333333 0.10555555555555556 0.022916666666666665 0.02013888888888889
1 0.73125 0.10347222222222222 0.025520833333333333 0.01597222222222222
1 0.7380208333333333 0.18611111111111112 0.030729166666666665 0.025694444444444443
1 0.9822916666666667 0.33402777777777776 0.027604166666666666 0.035416666666666666
1 0.9333333333333333 0.29791666666666666 0.0421875 0.03819444444444445
1 0.8895833333333333 0.27361111111111114 0.03333333333333333 0.030555555555555555
1 0.9390625 0.24791666666666667 0.04010416666666667 0.030555555555555555
1 0.93125 0.25625 0.052083333333333336 0.02638888888888889
1 0.9536458333333333 0.24097222222222223 0.0359375 0.02638888888888889
1 0.9651041666666667 0.23680555555555555 0.0359375 0.029861111111111113
1 0.9765625 0.23125 0.030208333333333334 0.02638888888888889
1 0.984375 0.22916666666666666 0.025520833333333333 0.02361111111111111
1 0.9598958333333333 0.21458333333333332 0.030729166666666665 0.01597222222222222
1 0.9734375 0.21180555555555555 0.025 0.022222222222222223
1 0.9802083333333333 0.20347222222222222 0.034895833333333334 0.022916666666666665
1 0.9854166666666667 0.19166666666666668 0.0265625 0.014583333333333334
1 0.9494791666666667 0.1701388888888889 0.0171875 0.017361111111111112
3 0.9604166666666667 0.16805555555555557 0.027604166666666666 0.022222222222222223
3 0.9651041666666667 0.1597222222222222 0.028645833333333332 0.02361111111111111
1 0.9776041666666667 0.15555555555555556 0.025520833333333333 0.02361111111111111
1 0.990625 0.15694444444444444 0.01875 0.020833333333333332
1 0.9942708333333333 0.1527777777777778 0.011458333333333333 0.016666666666666666
1 0.9744791666666667 0.12013888888888889 0.01875 0.018055555555555554
0 0.34479166666666666 0.04791666666666667 0.10416666666666667 0.05416666666666667