1 0.8286458333333333 0.9215277777777777 0.07916666666666666 0.049305555555555554
1 0.828125 0.9208333333333333 0.07916666666666666 0.049305555555555554
1 0.8041666666666667 0.8194444444444444 0.06614583333333333 0.043055555555555555
1 0.7963541666666667 0.7743055555555556 0.0625 0.03819444444444445
1 0.7578125 0.675 0.065625 0.03611111111111111
1 0.7463541666666667 0.6354166666666666 0.04479166666666667 0.03611111111111111
1 0.7208333333333333 0.5597222222222222 0.04739583333333333 0.029166666666666667
3 0.6515625 0.8006944444444445 0.044270833333333336 0.10416666666666667
1 0.6421875 0.7104166666666667 0.06197916666666667 0.044444444444444446
3 0.6265625 0.6451388888888889 0.0484375 0.03819444444444445
1 0.8854166666666666 0.8243055555555555 0.06666666666666667 0.09513888888888888
1 0.6927083333333334 0.5048611111111111 0.04791666666666667 0.027083333333333334
1 0.6869791666666667 0.475 0.0359375 0.021527777777777778
1 0.6776041666666667 0.4548611111111111 0.044270833333333336 0.02361111111111111
1 0.7203125 0.5590277777777778 0.04739583333333333 0.029166666666666667
1 0.6125 0.5659722222222222 0.0421875 0.029861111111111113
1 0.5713541666666667 0.38263888888888886 0.03229166666666667 0.021527777777777778
1 0.6161458333333333 0.3215277777777778 0.022395833333333334 0.018055555555555554
1 0.6151041666666667 0.3125 0.0265625 0.01875
3 0.6526041666666667 0.31319444444444444 0.030729166666666665 0.025
1 0.54375 0.29097222222222224 0.030729166666666665 0.017361111111111112
1 0.5927083333333333 0.27152777777777776 0.025520833333333333 0.015277777777777777
3 0.534375 0.2673611111111111 0.0265625 0.017361111111111112
3 0.5932291666666667 0.2548611111111111 0.023958333333333335 0.013194444444444444
1 0.5890625 0.2638888888888889 0.027083333333333334 0.011805555555555555
1 0.5333333333333333 0.26180555555555557 0.024479166666666666 0.0125
3 0.41354166666666664 0.39791666666666664 0.015104166666666667 0.029861111111111113
3 0.39947916666666666 0.275 0.0109375 0.02013888888888889
3 0.4234375 0.2722222222222222 0.010416666666666666 0.01597222222222222
1 0.2953125 0.2048611111111111 0.0203125 0.011805555555555555
1 0.2359375 0.21458333333333332 0.0203125 0.011805555555555555
1 0.6255208333333333 0.20208333333333334 0.0140625 0.011805555555555555
1 0.5338541666666666 0.2 0.010416666666666666 0.0125
1 0.5614583333333333 0.19236111111111112 0.01875 0.009722222222222222
1 0.5359375 0.18541666666666667 0.022916666666666665 0.011111111111111112
1 0.5119791666666667 0.18125 0.019791666666666666 0.009722222222222222
3 0.46979166666666666 0.18263888888888888 0.018229166666666668 0.011805555555555555