2 0.31197916666666664 0.035416666666666666 0.009895833333333333 0.013194444444444444
3 0.3020833333333333 0.029861111111111113 0.007291666666666667 0.010416666666666666
1 0.29583333333333334 0.034027777777777775 0.005729166666666666 0.008333333333333333
1 0.37864583333333335 0.11458333333333333 0.013020833333333334 0.01597222222222222
1 0.4265625 0.15486111111111112 0.017708333333333333 0.02013888888888889
1 0.3104166666666667 0.08958333333333333 0.016666666666666666 0.011111111111111112
1 0.4041666666666667 0.0375 0.0078125 0.006944444444444444
2 0.6494791666666667 0.19791666666666666 0.036458333333333336 0.03888888888888889
2 0.7635416666666667 0.30069444444444443 0.03854166666666667 0.043055555555555555
2 0.515625 0.2902777777777778 0.05260416666666667 0.09305555555555556
1 0.85625 0.41875 0.052083333333333336 0.04652777777777778
1 0.23333333333333334 0.30486111111111114 0.05572916666666667 0.02638888888888889