1 0.3848958333333333 0.5097222222222222 0.027083333333333334 0.09236111111111112
1 0.46875 0.5055555555555555 0.052083333333333336 0.049305555555555554
1 0.4661458333333333 0.5715277777777777 0.0578125 0.05694444444444444
1 0.4583333333333333 0.6381944444444444 0.057291666666666664 0.058333333333333334
1 0.5578125 0.4736111111111111 0.05572916666666667 0.04791666666666667
1 0.5807291666666666 0.42569444444444443 0.05 0.04722222222222222
1 0.475 0.44513888888888886 0.05572916666666667 0.050694444444444445
1 0.48489583333333336 0.3958333333333333 0.04791666666666667 0.05347222222222222
1 0.4828125 0.35694444444444445 0.0515625 0.04583333333333333
1 0.453125 0.6909722222222222 0.05625 0.04722222222222222
1 0.16302083333333334 0.7097222222222223 0.05416666666666667 0.050694444444444445
1 0.24479166666666666 0.34305555555555556 0.052083333333333336 0.044444444444444446
1 0.22916666666666666 0.40208333333333335 0.052083333333333336 0.04027777777777778
1 0.22135416666666666 0.45208333333333334 0.0515625 0.049305555555555554
1 0.1328125 0.9666666666666667 0.06979166666666667 0.06458333333333334
1 0.5046875 0.11458333333333333 0.0421875 0.041666666666666664
1 0.5010416666666667 0.20694444444444443 0.049479166666666664 0.04791666666666667
1 0.5005208333333333 0.2534722222222222 0.04010416666666667 0.04027777777777778
1 0.5963541666666666 0.6166666666666667 0.05572916666666667 0.05347222222222222
1 0.5927083333333333 0.6763888888888889 0.057291666666666664 0.058333333333333334
1 0.5895833333333333 0.7520833333333333 0.059375 0.05486111111111111
1 0.45989583333333334 0.9631944444444445 0.06145833333333333 0.050694444444444445
3 0.5151041666666667 0.7868055555555555 0.05364583333333333 0.06111111111111111
1 0.5307291666666667 0.7256944444444444 0.0484375 0.050694444444444445
3 0.6140625 0.05555555555555555 0.040625 0.03819444444444445
1 0.6072916666666667 0.3298611111111111 0.050520833333333334 0.05347222222222222
1 0.6114583333333333 0.2986111111111111 0.05 0.044444444444444446
2 0.43333333333333335 0.7673611111111112 0.09427083333333333 0.11319444444444444
2 0.45260416666666664 0.8756944444444444 0.084375 0.06597222222222222
1 0.5630208333333333 0.06666666666666667 0.0328125 0.06458333333333334
1 0.5208333333333334 0.02847222222222222 0.0421875 0.03958333333333333
1 0.30520833333333336 0.03333333333333333 0.027083333333333334 0.06458333333333334
1 0.2557291666666667 0.03333333333333333 0.028645833333333332 0.05694444444444444
1 0.4666666666666667 0.08680555555555555 0.022916666666666665 0.06736111111111111
1 0.6161458333333333 0.029166666666666667 0.04375 0.03333333333333333
1 0.61875 0.09166666666666666 0.049479166666666664 0.03958333333333333
1 0.615625 0.12222222222222222 0.04739583333333333 0.044444444444444446
1 0.6151041666666667 0.18819444444444444 0.05 0.04722222222222222
1 0.609375 0.22152777777777777 0.0484375 0.044444444444444446
1 0.6130208333333333 0.2604166666666667 0.0515625 0.04583333333333333