1 0.5109375 0.009722222222222222 0.04895833333333333 0.019444444444444445
1 0.4473958333333333 0.013888888888888888 0.019270833333333334 0.027777777777777776
1 0.5145833333333333 0.025694444444444443 0.049479166666666664 0.02638888888888889
1 0.5208333333333334 0.05 0.044270833333333336 0.029861111111111113
1 0.51875 0.18541666666666667 0.05416666666666667 0.043055555555555555
2 0.6177083333333333 0.20069444444444445 0.027083333333333334 0.07013888888888889
1 0.5255208333333333 0.2534722222222222 0.06145833333333333 0.03611111111111111
1 0.528125 0.28888888888888886 0.0609375 0.03680555555555556
1 0.5338541666666666 0.35138888888888886 0.0609375 0.041666666666666664
1 0.5354166666666667 0.4388888888888889 0.06666666666666667 0.04097222222222222
1 0.5380208333333333 0.4798611111111111 0.0515625 0.03819444444444445
1 0.5411458333333333 0.51875 0.06927083333333334 0.043055555555555555
1 0.63125 0.26458333333333334 0.04010416666666667 0.06736111111111111
1 0.6427083333333333 0.3215277777777778 0.03229166666666667 0.06736111111111111
1 0.6526041666666667 0.40694444444444444 0.03697916666666667 0.08125
1 0.6770833333333334 0.5333333333333333 0.04010416666666667 0.08958333333333333
1 0.5473958333333333 0.5736111111111111 0.07239583333333334 0.041666666666666664
1 0.5453125 0.6236111111111111 0.06927083333333334 0.04861111111111111
1 0.5473958333333333 0.6673611111111111 0.07552083333333333 0.049305555555555554
1 0.69375 0.6625 0.03854166666666667 0.1
3 0.5473958333333333 0.725 0.07760416666666667 0.04861111111111111
1 0.5447916666666667 0.7965277777777777 0.0828125 0.050694444444444445
1 0.16666666666666666 0.8965277777777778 0.0859375 0.04861111111111111
3 0.7958333333333333 0.8840277777777777 0.06875 0.10833333333333334
1 0.9109375 0.8902777777777777 0.04791666666666667 0.12083333333333333
1 0.9052083333333333 0.9868055555555556 0.09479166666666666 0.025694444444444443
1 0.7739583333333333 0.9743055555555555 0.0875 0.05138888888888889