3 0.0140625 0.30416666666666664 0.013020833333333334 0.022222222222222223
1 0.12135416666666667 0.3506944444444444 0.025520833333333333 0.014583333333333334
1 0.13541666666666666 0.33125 0.017708333333333333 0.011111111111111112
1 0.34322916666666664 0.3506944444444444 0.020833333333333332 0.014583333333333334
0 0.12552083333333333 0.3145833333333333 0.04375 0.025
1 0.28854166666666664 0.4465277777777778 0.011458333333333333 0.025
1 0.5177083333333333 0.7173611111111111 0.009895833333333333 0.03611111111111111
1 0.48020833333333335 0.5104166666666666 0.011458333333333333 0.03263888888888889
1 0.5265625 0.5055555555555555 0.008333333333333333 0.025694444444444443
1 0.5104166666666666 0.5402777777777777 0.009375 0.02847222222222222
1 0.5041666666666667 0.3284722222222222 0.008333333333333333 0.02638888888888889
1 0.5427083333333333 0.10138888888888889 0.005729166666666666 0.014583333333333334
1 0.5072916666666667 0.14444444444444443 0.008333333333333333 0.02013888888888889
1 0.5447916666666667 0.011805555555555555 0.007291666666666667 0.010416666666666666
1 0.6125 0.05763888888888889 0.011979166666666667 0.010416666666666666
1 0.6473958333333333 0.16805555555555557 0.015104166666666667 0.010416666666666666
1 0.6484375 0.21388888888888888 0.016666666666666666 0.01597222222222222
1 0.65 0.24305555555555555 0.0171875 0.014583333333333334
1 0.653125 0.26944444444444443 0.016666666666666666 0.013194444444444444
1 0.6588541666666666 0.2986111111111111 0.016666666666666666 0.0125
1 0.6572916666666667 0.31180555555555556 0.016666666666666666 0.0125
1 0.6286458333333333 0.7152777777777778 0.0328125 0.022916666666666665
1 0.6255208333333333 0.6395833333333333 0.0265625 0.01597222222222222
1 0.6885416666666667 0.4847222222222222 0.019791666666666666 0.017361111111111112
2 0.7442708333333333 0.4840277777777778 0.01875 0.018055555555555554