3 0.20208333333333334 0.9826388888888888 0.13385416666666666 0.034722222222222224
3 0.23333333333333334 0.9305555555555556 0.11197916666666667 0.08402777777777778
3 0.28229166666666666 0.8166666666666667 0.10260416666666666 0.06805555555555555
3 0.28854166666666664 0.7756944444444445 0.07760416666666667 0.05277777777777778
1 0.29322916666666665 0.7111111111111111 0.071875 0.04236111111111111
1 0.31979166666666664 0.6868055555555556 0.0671875 0.03888888888888889
1 0.3411458333333333 0.6625 0.06979166666666667 0.035416666666666666
2 0.3963541666666667 0.5423611111111111 0.021875 0.029861111111111113
1 0.37864583333333335 0.5069444444444444 0.03697916666666667 0.01875
1 0.38229166666666664 0.4930555555555556 0.03333333333333333 0.01597222222222222
3 0.38385416666666666 0.48541666666666666 0.03125 0.017361111111111112
3 0.38229166666666664 0.4791666666666667 0.03229166666666667 0.016666666666666666
1 0.38177083333333334 0.475 0.0265625 0.014583333333333334
1 0.3880208333333333 0.4708333333333333 0.0265625 0.014583333333333334
1 0.40729166666666666 0.4222222222222222 0.008854166666666666 0.010416666666666666
1 0.4192708333333333 0.42569444444444443 0.009375 0.010416666666666666
3 0.45208333333333334 0.3909722222222222 0.0125 0.011805555555555555
3 0.45260416666666664 0.3798611111111111 0.010416666666666666 0.006944444444444444
1 0.471875 0.3819444444444444 0.0109375 0.005555555555555556
3 0.6005208333333333 0.6298611111111111 0.027083333333333334 0.04791666666666667
1 0.5416666666666666 0.5840277777777778 0.022916666666666665 0.029166666666666667
1 0.5338541666666666 0.5576388888888889 0.019270833333333334 0.024305555555555556
1 0.5260416666666666 0.5340277777777778 0.01875 0.022222222222222223
3 0.5234375 0.5131944444444444 0.016145833333333335 0.02013888888888889
1 0.5119791666666667 0.4618055555555556 0.0109375 0.013194444444444444
1 0.5078125 0.4395833333333333 0.009895833333333333 0.011805555555555555
1 0.5015625 0.4125 0.0078125 0.008333333333333333
1 0.4984375 0.3993055555555556 0.0067708333333333336 0.007638888888888889
1 0.4973958333333333 0.3854166666666667 0.0125 0.00625
1 0.49583333333333335 0.3659722222222222 0.0036458333333333334 0.005555555555555556
1 0.49635416666666665 0.36736111111111114 0.004166666666666667 0.004861111111111111
1 0.49635416666666665 0.3701388888888889 0.005208333333333333 0.00625
1 0.47760416666666666 0.3638888888888889 0.004166666666666667 0.004861111111111111
1 0.484375 0.3645833333333333 0.004166666666666667 0.004861111111111111
1 0.4864583333333333 0.35694444444444445 0.004166666666666667 0.003472222222222222
1 0.49322916666666666 0.35555555555555557 0.003125 0.003472222222222222
1 0.4791666666666667 0.3451388888888889 0.0026041666666666665 0.003472222222222222
2 0.48020833333333335 0.33819444444444446 0.0026041666666666665 0.003472222222222222
2 0.47291666666666665 0.3486111111111111 0.0046875 0.008333333333333333
3 0.46979166666666666 0.3638888888888889 0.005729166666666666 0.007638888888888889
2 0.4708333333333333 0.3590277777777778 0.0046875 0.007638888888888889
1 0.63125 0.9777777777777777 0.05677083333333333 0.04375
1 0.5973958333333333 0.8541666666666666 0.04739583333333333 0.08194444444444444
2 0.7510416666666667 0.9548611111111112 0.10625 0.09027777777777778
1 0.8932291666666666 0.6854166666666667 0.07291666666666667 0.034027777777777775
3 0.640625 0.4965277777777778 0.016666666666666666 0.02013888888888889
3 0.5958333333333333 0.5055555555555555 0.03229166666666667 0.018055555555555554
2 0.6182291666666667 0.525 0.03177083333333333 0.03819444444444445
1 0.5734375 0.3625 0.007291666666666667 0.005555555555555556
1 0.51875 0.3638888888888889 0.008854166666666666 0.004861111111111111
1 0.5239583333333333 0.36041666666666666 0.008854166666666666 0.004166666666666667
3 0.5369791666666667 0.35833333333333334 0.008333333333333333 0.005555555555555556
1 0.5588541666666667 0.3590277777777778 0.008854166666666666 0.003472222222222222
1 0.5567708333333333 0.3576388888888889 0.0078125 0.004861111111111111
3 0.5541666666666667 0.3548611111111111 0.0078125 0.004861111111111111
1 0.5494791666666666 0.3541666666666667 0.007291666666666667 0.004166666666666667
1 0.5375 0.3506944444444444 0.0026041666666666665 0.003472222222222222
3 0.534375 0.35625 0.00625 0.004861111111111111
1 0.5489583333333333 0.3527777777777778 0.00625 0.004166666666666667
1 0.5473958333333333 0.35138888888888886 0.00625 0.004166666666666667
1 0.5458333333333333 0.35 0.0078125 0.004166666666666667
1 0.5421875 0.34791666666666665 0.005729166666666666 0.003472222222222222
1 0.5411458333333333 0.34652777777777777 0.00625 0.002777777777777778
1 0.5390625 0.34652777777777777 0.00625 0.003472222222222222
1 0.5380208333333333 0.34444444444444444 0.00625 0.002777777777777778
1 0.5322916666666667 0.3423611111111111 0.00625 0.003472222222222222
1 0.5067708333333333 0.33819444444444446 0.005729166666666666 0.002777777777777778
1 0.5302083333333333 0.35208333333333336 0.0067708333333333336 0.003472222222222222
1 0.528125 0.35138888888888886 0.00625 0.003472222222222222
1 0.5276041666666667 0.35 0.0067708333333333336 0.004861111111111111
3 0.521875 0.34444444444444444 0.007291666666666667 0.004861111111111111
2 0.4125 0.3902777777777778 0.008333333333333333 0.011111111111111112