3 0.0984375 0.1909722222222222 0.027083333333333334 0.052083333333333336
3 0.23802083333333332 0.19027777777777777 0.0234375 0.06111111111111111
3 0.284375 0.02638888888888889 0.022916666666666665 0.05277777777777778
3 0.3359375 0.2743055555555556 0.0265625 0.0763888888888889
3 0.38125 0.4861111111111111 0.0234375 0.06597222222222222
3 0.4265625 0.6430555555555556 0.025520833333333333 0.08402777777777778
1 0.215625 0.5097222222222222 0.027083333333333334 0.07013888888888889
1 0.3645833333333333 0.7333333333333333 0.029166666666666667 0.09166666666666666
3 0.4421875 0.7854166666666667 0.028645833333333332 0.07847222222222222
1 0.48489583333333336 0.96875 0.030208333333333334 0.059722222222222225
0 0.5088541666666667 0.8291666666666667 0.0609375 0.25
3 0.6098958333333333 0.9006944444444445 0.049479166666666664 0.05555555555555555
1 0.5973958333333333 0.8555555555555555 0.049479166666666664 0.05347222222222222
1 0.5895833333333333 0.80625 0.04791666666666667 0.049305555555555554
2 0.6505208333333333 0.5347222222222222 0.0421875 0.15625
2 0.6260416666666667 0.34930555555555554 0.0390625 0.1673611111111111
1 0.4640625 0.6069444444444444 0.025 0.08125
1 0.4552083333333333 0.4326388888888889 0.020833333333333332 0.07361111111111111
1 0.4005208333333333 0.40694444444444444 0.020833333333333332 0.075
1 0.44166666666666665 0.31875 0.019270833333333334 0.0763888888888889
1 0.4140625 0.2111111111111111 0.019270833333333334 0.06458333333333334
1 0.5895833333333333 0.1625 0.019270833333333334 0.05347222222222222
3 0.5630208333333333 0.15486111111111112 0.019791666666666666 0.05347222222222222
3 0.5401041666666667 0.15486111111111112 0.019270833333333334 0.06111111111111111
3 0.5473958333333333 0.3229166666666667 0.041666666666666664 0.05486111111111111
3 0.5494791666666666 0.3701388888888889 0.0421875 0.059722222222222225
3 0.5578125 0.4222222222222222 0.04583333333333333 0.06458333333333334
3 0.5651041666666666 0.4756944444444444 0.0390625 0.058333333333333334
3 0.5770833333333333 0.5875 0.04583333333333333 0.06875
1 0.56875 0.5270833333333333 0.041666666666666664 0.059722222222222225