1 0.3359375 0.675 0.04114583333333333 0.02847222222222222
1 0.4671875 0.7354166666666667 0.0375 0.03680555555555556
1 0.46927083333333336 0.7152777777777778 0.041666666666666664 0.03125
3 0.5875 0.6479166666666667 0.03229166666666667 0.03263888888888889
3 0.590625 0.6222222222222222 0.03958333333333333 0.027777777777777776
3 0.5979166666666667 0.5798611111111112 0.027604166666666666 0.027777777777777776
1 0.5875 0.5756944444444444 0.027083333333333334 0.027083333333333334
1 0.6213541666666667 0.5590277777777778 0.030208333333333334 0.022916666666666665
1 0.6208333333333333 0.5381944444444444 0.029166666666666667 0.022222222222222223
1 0.6223958333333334 0.5298611111111111 0.028645833333333332 0.024305555555555556
3 0.6182291666666667 0.5173611111111112 0.029166666666666667 0.024305555555555556
1 0.6057291666666667 0.44930555555555557 0.021875 0.016666666666666666
1 0.5927083333333333 0.44027777777777777 0.0203125 0.017361111111111112
3 0.6067708333333334 0.4354166666666667 0.016666666666666666 0.01597222222222222
1 0.5973958333333333 0.4305555555555556 0.0140625 0.011111111111111112
1 0.6046875 0.4284722222222222 0.017708333333333333 0.013194444444444444
3 0.603125 0.41944444444444445 0.023958333333333335 0.019444444444444445
3 0.5625 0.3333333333333333 0.0067708333333333336 0.011805555555555555
1 0.5833333333333334 0.38819444444444445 0.01875 0.011805555555555555
1 0.5854166666666667 0.3763888888888889 0.016145833333333335 0.011805555555555555
1 0.6026041666666667 0.3923611111111111 0.016666666666666666 0.013194444444444444
1 0.6015625 0.38680555555555557 0.016666666666666666 0.014583333333333334
3 0.6026041666666667 0.38055555555555554 0.013020833333333334 0.013888888888888888
3 0.6 0.3770833333333333 0.013020833333333334 0.013888888888888888
1 0.6026041666666667 0.375 0.015104166666666667 0.011111111111111112
1 0.6015625 0.36875 0.017708333333333333 0.013888888888888888
1 0.5895833333333333 0.37222222222222223 0.014583333333333334 0.011805555555555555
1 0.5989583333333334 0.3472222222222222 0.014583333333333334 0.010416666666666666
1 0.5984375 0.3458333333333333 0.013541666666666667 0.011111111111111112
1 0.5859375 0.3486111111111111 0.00625 0.011805555555555555
1 0.5838541666666667 0.3458333333333333 0.0140625 0.010416666666666666
1 0.5864583333333333 0.34444444444444444 0.015625 0.011111111111111112
1 0.6364583333333333 0.36527777777777776 0.008333333333333333 0.013888888888888888
1 0.6244791666666667 0.32013888888888886 0.005729166666666666 0.009027777777777777
2 0.6385416666666667 0.27847222222222223 0.0109375 0.016666666666666666
2 0.6375 0.2604166666666667 0.0078125 0.017361111111111112
0 0.65625 0.26666666666666666 0.00625 0.011805555555555555
1 0.6609375 0.28958333333333336 0.0046875 0.007638888888888889
1 0.6635416666666667 0.2972222222222222 0.00625 0.008333333333333333
1 0.65625 0.30277777777777776 0.00625 0.008333333333333333
2 0.665625 0.32083333333333336 0.009895833333333333 0.02013888888888889
1 0.6682291666666667 0.3458333333333333 0.008333333333333333 0.014583333333333334
1 0.6697916666666667 0.3388888888888889 0.007291666666666667 0.011111111111111112
1 0.6807291666666667 0.34444444444444444 0.007291666666666667 0.011805555555555555
3 0.7 0.3548611111111111 0.0078125 0.013888888888888888
1 0.6864583333333333 0.4013888888888889 0.009375 0.01597222222222222
2 0.7244791666666667 0.38472222222222224 0.01875 0.029861111111111113
2 0.7359375 0.3861111111111111 0.011458333333333333 0.021527777777777778
2 0.7536458333333333 0.4263888888888889 0.027083333333333334 0.04513888888888889
1 0.759375 0.4083333333333333 0.011458333333333333 0.01875
0 0.7177083333333333 0.4701388888888889 0.019791666666666666 0.035416666666666666
1 0.7432291666666667 0.48333333333333334 0.016145833333333335 0.025694444444444443
2 0.7859375 0.4895833333333333 0.017708333333333333 0.027083333333333334
1 0.803125 0.5305555555555556 0.01875 0.024305555555555556
1 0.9411458333333333 0.5638888888888889 0.029166666666666667 0.02847222222222222
2 0.9453125 0.7020833333333333 0.06822916666666666 0.09375
1 0.6375 0.32708333333333334 0.0046875 0.008333333333333333
2 0.7927083333333333 0.4125 0.009375 0.016666666666666666
1 0.7588541666666667 0.34652777777777777 0.0109375 0.011805555555555555
1 0.75625 0.34375 0.011979166666666667 0.010416666666666666
3 0.7552083333333334 0.34097222222222223 0.0125 0.011805555555555555
3 0.753125 0.3402777777777778 0.011979166666666667 0.008333333333333333
3 0.7479166666666667 0.33611111111111114 0.015625 0.013194444444444444
2 0.75 0.3284722222222222 0.019791666666666666 0.014583333333333334
3 0.7416666666666667 0.32708333333333334 0.0109375 0.011805555555555555
3 0.7390625 0.3263888888888889 0.010416666666666666 0.010416666666666666
1 0.7369791666666666 0.325 0.0125 0.010416666666666666
3 0.734375 0.31805555555555554 0.0109375 0.010416666666666666
1 0.7260416666666667 0.31180555555555556 0.0109375 0.010416666666666666
1 0.7390625 0.31180555555555556 0.0109375 0.010416666666666666
2 0.7276041666666667 0.30694444444444446 0.016666666666666666 0.013194444444444444
1 0.7229166666666667 0.30833333333333335 0.011979166666666667 0.010416666666666666
1 0.7197916666666667 0.30416666666666664 0.010416666666666666 0.007638888888888889
1 0.7161458333333334 0.3013888888888889 0.010416666666666666 0.009027777777777777
1 0.7125 0.2965277777777778 0.009375 0.009027777777777777
1 0.7104166666666667 0.2965277777777778 0.008854166666666666 0.008333333333333333
1 0.7067708333333333 0.29097222222222224 0.009375 0.007638888888888889
3 0.7036458333333333 0.2881944444444444 0.009375 0.007638888888888889
1 0.7005208333333334 0.2861111111111111 0.008333333333333333 0.00625
3 0.7020833333333333 0.28541666666666665 0.007291666666666667 0.008333333333333333
3 0.725 0.2972222222222222 0.009375 0.008333333333333333
1 0.721875 0.29444444444444445 0.009375 0.008333333333333333
3 0.7192708333333333 0.29097222222222224 0.0078125 0.005555555555555556
1 0.7166666666666667 0.2916666666666667 0.008854166666666666 0.008333333333333333
1 0.7161458333333334 0.2875 0.008333333333333333 0.009027777777777777