1 0.49375 0.7888888888888889 0.00625 0.009722222222222222
1 0.5098958333333333 0.8013888888888889 0.008333333333333333 0.0125
1 0.5359375 0.8048611111111111 0.013020833333333334 0.017361111111111112
1 0.603125 0.75625 0.015104166666666667 0.020833333333333332
1 0.6625 0.7208333333333333 0.0265625 0.04027777777777778
0 0.6489583333333333 0.6555555555555556 0.036458333333333336 0.03611111111111111
1 0.6166666666666667 0.6520833333333333 0.01875 0.017361111111111112
1 0.6385416666666667 0.6361111111111111 0.009895833333333333 0.013194444444444444
1 0.6447916666666667 0.6298611111111111 0.008333333333333333 0.0125
1 0.6536458333333334 0.6222222222222222 0.008333333333333333 0.013194444444444444
1 0.6583333333333333 0.6201388888888889 0.009895833333333333 0.011111111111111112
3 0.6661458333333333 0.6104166666666667 0.015104166666666667 0.025
1 0.6536458333333334 0.6368055555555555 0.013020833333333334 0.015277777777777777
1 0.6625 0.6340277777777777 0.0109375 0.013194444444444444
1 0.6708333333333333 0.6284722222222222 0.015104166666666667 0.01875
1 0.6744791666666666 0.6381944444444444 0.0171875 0.017361111111111112
1 0.6880208333333333 0.5916666666666667 0.0140625 0.018055555555555554
1 0.7015625 0.5791666666666667 0.015104166666666667 0.01875
1 0.7109375 0.5708333333333333 0.0140625 0.018055555555555554
0 0.7333333333333333 0.5465277777777777 0.025520833333333333 0.03125
1 0.7276041666666667 0.5569444444444445 0.011979166666666667 0.014583333333333334
3 0.7390625 0.575 0.01875 0.034027777777777775
2 0.7291666666666666 0.6097222222222223 0.019270833333333334 0.020833333333333332
3 0.7515625 0.5659722222222222 0.01875 0.03333333333333333
1 0.8119791666666667 0.5847222222222223 0.0390625 0.034027777777777775
1 0.7640625 0.5659722222222222 0.016666666666666666 0.025694444444444443
1 0.775 0.5555555555555556 0.0171875 0.029861111111111113
1 0.7875 0.5465277777777777 0.015104166666666667 0.027777777777777776
1 0.8005208333333333 0.5368055555555555 0.015104166666666667 0.02361111111111111
1 0.8140625 0.5263888888888889 0.015625 0.02361111111111111
1 0.8130208333333333 0.5097222222222222 0.019791666666666666 0.03263888888888889
1 0.8291666666666667 0.5111111111111111 0.015625 0.029861111111111113
1 0.8484375 0.4965277777777778 0.021354166666666667 0.030555555555555555
1 0.8791666666666667 0.4666666666666667 0.019270833333333334 0.03263888888888889
1 0.8994791666666667 0.44583333333333336 0.019270833333333334 0.03263888888888889
2 0.9161458333333333 0.42291666666666666 0.030729166666666665 0.04027777777777778
1 0.95 0.4583333333333333 0.028645833333333332 0.04375
1 0.9848958333333333 0.4263888888888889 0.027083333333333334 0.041666666666666664
1 0.9645833333333333 0.6604166666666667 0.07083333333333333 0.06944444444444445
1 0.42135416666666664 0.9840277777777777 0.03125 0.030555555555555555
1 0.4317708333333333 0.9590277777777778 0.029166666666666667 0.03263888888888889
1 0.43072916666666666 0.9534722222222223 0.024479166666666666 0.02847222222222222
1 0.43020833333333336 0.9479166666666666 0.024479166666666666 0.029861111111111113
1 0.4317708333333333 0.9375 0.022395833333333334 0.02361111111111111
1 0.4359375 0.9298611111111111 0.01875 0.022916666666666665
2 0.4119791666666667 0.9493055555555555 0.011458333333333333 0.02013888888888889
0 0.4348958333333333 0.9201388888888888 0.0328125 0.03611111111111111
1 0.4359375 0.9041666666666667 0.022916666666666665 0.02013888888888889
1 0.43697916666666664 0.8958333333333334 0.017708333333333333 0.01597222222222222
1 0.4510416666666667 0.8736111111111111 0.017708333333333333 0.01597222222222222
1 0.453125 0.8597222222222223 0.0078125 0.009722222222222222
2 0.44166666666666665 0.8701388888888889 0.009895833333333333 0.017361111111111112
1 0.3890625 0.9548611111111112 0.015625 0.02013888888888889