3 0.8630208333333333 0.8888888888888888 0.09375 0.2013888888888889
1 0.7572916666666667 0.8208333333333333 0.09791666666666667 0.20625
3 0.6729166666666667 0.7118055555555556 0.11354166666666667 0.15625
1 0.6234375 0.6055555555555555 0.0953125 0.17152777777777778
2 0.3703125 0.5180555555555556 0.17864583333333334 0.19305555555555556
1 0.278125 0.46458333333333335 0.125 0.11805555555555555
1 0.23489583333333333 0.40208333333333335 0.11145833333333334 0.11736111111111111
3 0.1796875 0.3416666666666667 0.09895833333333333 0.09305555555555556
3 0.05364583333333333 0.35138888888888886 0.10677083333333333 0.10138888888888889
1 0.23697916666666666 0.8826388888888889 0.1671875 0.18333333333333332
3 0.0515625 0.925 0.103125 0.14930555555555555