1 0.184375 0.9131944444444444 0.044270833333333336 0.08472222222222223
1 0.47760416666666666 0.8868055555555555 0.034375 0.10694444444444444
1 0.61875 0.8576388888888888 0.042708333333333334 0.11388888888888889
1 0.5421875 0.42986111111111114 0.019791666666666666 0.044444444444444446
1 0.4265625 0.6055555555555555 0.03333333333333333 0.05347222222222222
1 0.5807291666666666 0.6215277777777778 0.030208333333333334 0.08402777777777778
1 0.56875 0.4791666666666667 0.021354166666666667 0.052083333333333336
1 0.4869791666666667 0.44583333333333336 0.019791666666666666 0.05694444444444444
1 0.5072916666666667 0.3472222222222222 0.015104166666666667 0.03680555555555556
1 0.12083333333333333 0.40347222222222223 0.020833333333333332 0.022916666666666665
1 0.13802083333333334 0.41458333333333336 0.020833333333333332 0.02638888888888889
1 0.5411458333333333 0.25625 0.015104166666666667 0.022916666666666665
1 0.5765625 0.25 0.013541666666666667 0.027777777777777776
1 0.6140625 0.19236111111111112 0.0109375 0.016666666666666666
1 0.778125 0.3368055555555556 0.020833333333333332 0.021527777777777778
1 0.7291666666666666 0.35138888888888886 0.021354166666666667 0.022916666666666665
1 0.8046875 0.32708333333333334 0.019270833333333334 0.022916666666666665
1 0.8338541666666667 0.32430555555555557 0.022395833333333334 0.01875
1 0.56875 0.21388888888888888 0.013541666666666667 0.01875
1 0.5703125 0.19583333333333333 0.016666666666666666 0.01875
1 0.6369791666666667 0.14375 0.0109375 0.013888888888888888
1 0.6479166666666667 0.14652777777777778 0.011458333333333333 0.016666666666666666
1 0.6927083333333334 0.125 0.0109375 0.013888888888888888
1 0.8130208333333333 0.08541666666666667 0.0078125 0.009027777777777777
1 0.8666666666666667 0.0763888888888889 0.009895833333333333 0.010416666666666666
1 0.8109375 0.09166666666666666 0.008333333333333333 0.009027777777777777
1 0.7708333333333334 0.10625 0.009375 0.011111111111111112
1 0.8848958333333333 0.06805555555555555 0.00625 0.009027777777777777
1 0.89375 0.06319444444444444 0.005729166666666666 0.010416666666666666
1 0.915625 0.06111111111111111 0.004166666666666667 0.004861111111111111
1 0.4119791666666667 0.9666666666666667 0.04010416666666667 0.06458333333333334
0 0.46927083333333336 0.36319444444444443 0.0328125 0.09930555555555555
0 0.7489583333333333 0.12361111111111112 0.025 0.03194444444444444
0 0.703125 0.13125 0.022395833333333334 0.03194444444444444
2 0.6 0.2520833333333333 0.01875 0.041666666666666664
2 0.5109375 0.2673611111111111 0.022395833333333334 0.041666666666666664
2 0.6645833333333333 0.16111111111111112 0.020833333333333332 0.027777777777777776
2 0.8473958333333333 0.07847222222222222 0.013541666666666667 0.022916666666666665
2 0.8729166666666667 0.13541666666666666 0.011458333333333333 0.021527777777777778
3 0.6276041666666666 0.19930555555555557 0.0140625 0.022916666666666665
0 0.7671875 0.38055555555555554 0.028645833333333332 0.03819444444444445