3 0.16354166666666667 0.5694444444444444 0.024479166666666666 0.041666666666666664
2 0.20364583333333333 0.7722222222222223 0.0453125 0.11597222222222223
3 0.240625 0.8701388888888889 0.07239583333333334 0.0875
2 0.3182291666666667 0.9590277777777778 0.06822916666666666 0.07083333333333333
1 0.4270833333333333 0.4673611111111111 0.015625 0.035416666666666666
2 0.4390625 0.34444444444444444 0.011458333333333333 0.021527777777777778
1 0.4473958333333333 0.25 0.007291666666666667 0.011805555555555555
2 0.42864583333333334 0.2048611111111111 0.00625 0.013888888888888888
3 0.40260416666666665 0.1597222222222222 0.003125 0.00625
1 0.6895833333333333 0.5666666666666667 0.040625 0.03333333333333333
1 0.73125 0.5645833333333333 0.04010416666666667 0.02847222222222222
3 0.5161458333333333 0.48055555555555557 0.016666666666666666 0.035416666666666666
2 0.47604166666666664 0.34305555555555556 0.0203125 0.03958333333333333