1 0.2833333333333333 0.8548611111111111 0.034895833333333334 0.03333333333333333
1 0.29270833333333335 0.825 0.030729166666666665 0.030555555555555555
3 0.37083333333333335 0.5131944444444444 0.013020833333333334 0.018055555555555554
1 0.3609375 0.5222222222222223 0.009375 0.010416666666666666
1 0.3578125 0.525 0.009895833333333333 0.009722222222222222
1 0.4666666666666667 0.8423611111111111 0.025 0.07361111111111111
1 0.49895833333333334 0.7972222222222223 0.025 0.07222222222222222
1 0.540625 0.7493055555555556 0.024479166666666666 0.06319444444444444
1 0.565625 0.7055555555555556 0.030208333333333334 0.05694444444444444
1 0.47239583333333335 0.7736111111111111 0.024479166666666666 0.05416666666666667
1 0.5057291666666667 0.7284722222222222 0.022916666666666665 0.05555555555555555
1 0.4796875 0.7201388888888889 0.020833333333333332 0.04791666666666667
1 0.5354166666666667 0.6861111111111111 0.0234375 0.050694444444444445
1 0.5630208333333333 0.6402777777777777 0.0234375 0.04375
1 0.5375 0.6402777777777777 0.020833333333333332 0.04375
1 0.5078125 0.6763888888888889 0.019791666666666666 0.04375
3 0.4822916666666667 0.6708333333333333 0.020833333333333332 0.043055555555555555
1 0.50625 0.6361111111111111 0.017708333333333333 0.04027777777777778
1 0.48489583333333336 0.6340277777777777 0.0171875 0.03263888888888889
1 0.5588541666666667 0.5993055555555555 0.019270833333333334 0.04097222222222222
1 0.5348958333333333 0.5979166666666667 0.020833333333333332 0.04097222222222222
1 0.5098958333333333 0.5979166666666667 0.0171875 0.03333333333333333
1 0.4869791666666667 0.5965277777777778 0.019270833333333334 0.03333333333333333
1 0.48854166666666665 0.5694444444444444 0.0140625 0.02638888888888889
3 0.5067708333333333 0.5673611111111111 0.016666666666666666 0.034027777777777775
1 0.5333333333333333 0.5680555555555555 0.0171875 0.029861111111111113
1 0.5557291666666667 0.5604166666666667 0.01875 0.03333333333333333
3 0.5307291666666667 0.5326388888888889 0.015625 0.029861111111111113
1 0.5505208333333333 0.5263888888888889 0.017708333333333333 0.030555555555555555
1 0.5125 0.525 0.013541666666666667 0.025694444444444443
1 0.5130208333333334 0.5006944444444444 0.011979166666666667 0.022916666666666665
1 0.5489583333333333 0.5034722222222222 0.013541666666666667 0.02361111111111111
3 0.546875 0.47708333333333336 0.015104166666666667 0.022916666666666665
1 0.5421875 0.4618055555555556 0.013020833333333334 0.020833333333333332
1 0.5302083333333333 0.47638888888888886 0.011458333333333333 0.022222222222222223
1 0.5302083333333333 0.45 0.0109375 0.018055555555555554
1 0.5713541666666667 0.45902777777777776 0.013020833333333334 0.022916666666666665
1 0.5875 0.42986111111111114 0.011979166666666667 0.022916666666666665
1 0.5630208333333333 0.425 0.011458333333333333 0.018055555555555554
3 0.5567708333333333 0.3951388888888889 0.009375 0.017361111111111112
1 0.5708333333333333 0.39444444444444443 0.0109375 0.017361111111111112
1 0.5848958333333333 0.3736111111111111 0.008333333333333333 0.015277777777777777
1 0.5697916666666667 0.37222222222222223 0.008333333333333333 0.0125
1 0.5541666666666667 0.3840277777777778 0.0078125 0.011111111111111112
1 0.5630208333333333 0.3611111111111111 0.0078125 0.010416666666666666
1 0.5515625 0.36875 0.008333333333333333 0.0125
1 0.5619791666666667 0.3548611111111111 0.00625 0.010416666666666666
1 0.5505208333333333 0.3576388888888889 0.005729166666666666 0.008333333333333333
1 0.5473958333333333 0.3506944444444444 0.007291666666666667 0.010416666666666666
1 0.5583333333333333 0.34305555555555556 0.00625 0.008333333333333333
1 0.5453125 0.3402777777777778 0.005208333333333333 0.007638888888888889
1 0.5572916666666666 0.3215277777777778 0.005729166666666666 0.008333333333333333
1 0.5453125 0.33125 0.005208333333333333 0.007638888888888889
1 0.55 0.32222222222222224 0.004166666666666667 0.006944444444444444
1 0.5416666666666666 0.3284722222222222 0.0036458333333333334 0.007638888888888889
1 0.540625 0.32013888888888886 0.004166666666666667 0.004861111111111111
1 0.546875 0.3159722222222222 0.0036458333333333334 0.005555555555555556
1 0.5401041666666667 0.3145833333333333 0.004166666666666667 0.005555555555555556
1 0.5458333333333333 0.3090277777777778 0.004166666666666667 0.004861111111111111
1 0.5442708333333334 0.3055555555555556 0.004166666666666667 0.005555555555555556
1 0.5380208333333333 0.30833333333333335 0.0036458333333333334 0.004861111111111111
1 0.5364583333333334 0.30416666666666664 0.004166666666666667 0.004861111111111111
1 0.5427083333333333 0.3 0.0036458333333333334 0.005555555555555556
1 0.5416666666666666 0.29444444444444445 0.0036458333333333334 0.002777777777777778
1 0.5354166666666667 0.3 0.0036458333333333334 0.003472222222222222
0 0.5177083333333333 0.28888888888888886 0.004166666666666667 0.007638888888888889
1 0.5223958333333333 0.28541666666666665 0.0026041666666666665 0.003472222222222222
1 0.5140625 0.29305555555555557 0.0026041666666666665 0.003472222222222222
1 0.5265625 0.2875 0.0026041666666666665 0.003472222222222222
1 0.525 0.2916666666666667 0.0026041666666666665 0.003472222222222222
1 0.5130208333333334 0.30694444444444446 0.0036458333333333334 0.002777777777777778
1 0.5177083333333333 0.3055555555555556 0.0026041666666666665 0.003472222222222222
1 0.5223958333333333 0.3020833333333333 0.0026041666666666665 0.004861111111111111
1 0.5255208333333333 0.30069444444444443 0.0026041666666666665 0.004861111111111111
1 0.5265625 0.3125 0.0036458333333333334 0.003472222222222222
1 0.5182291666666666 0.3111111111111111 0.0036458333333333334 0.003472222222222222
1 0.5057291666666667 0.33611111111111114 0.004166666666666667 0.007638888888888889
1 0.5125 0.33611111111111114 0.0036458333333333334 0.005555555555555556
1 0.5166666666666667 0.33958333333333335 0.005729166666666666 0.006944444444444444
1 0.5223958333333333 0.34444444444444444 0.005208333333333333 0.007638888888888889
1 0.5020833333333333 0.3597222222222222 0.005729166666666666 0.009722222222222222
1 0.5140625 0.35347222222222224 0.005208333333333333 0.006944444444444444
1 0.50625 0.38472222222222224 0.005729166666666666 0.011111111111111112
3 0.534375 0.3701388888888889 0.007291666666666667 0.011111111111111112
1 0.5130208333333334 0.3951388888888889 0.007291666666666667 0.013194444444444444
1 0.43333333333333335 0.45208333333333334 0.013541666666666667 0.011111111111111112
2 0.4348958333333333 0.4479166666666667 0.0109375 0.011111111111111112
1 0.4583333333333333 0.4465277777777778 0.015104166666666667 0.011111111111111112
1 0.44427083333333334 0.42916666666666664 0.011458333333333333 0.014583333333333334