1 0.2625 0.7944444444444444 0.06770833333333333 0.04236111111111111
1 0.33541666666666664 0.9034722222222222 0.07395833333333333 0.04097222222222222
3 0.34010416666666665 0.7270833333333333 0.027083333333333334 0.0625
1 0.3453125 0.6423611111111112 0.027604166666666666 0.06805555555555555
3 0.3255208333333333 0.5604166666666667 0.040625 0.034722222222222224
3 0.4244791666666667 0.5166666666666667 0.04739583333333333 0.027083333333333334
1 0.45416666666666666 0.7819444444444444 0.06197916666666667 0.041666666666666664
3 0.4765625 0.9368055555555556 0.0375 0.1125
3 0.5244791666666667 0.7909722222222222 0.059895833333333336 0.0375
3 0.5932291666666667 0.7805555555555556 0.06041666666666667 0.044444444444444446
1 0.9734375 0.7381944444444445 0.053125 0.043055555555555555