1 0.6135416666666667 0.06666666666666667 0.07291666666666667 0.059027777777777776
1 0.6869791666666667 0.26458333333333334 0.08229166666666667 0.1076388888888889
3 0.5322916666666667 0.13402777777777777 0.0890625 0.09513888888888888
3 0.43020833333333336 0.22777777777777777 0.1078125 0.10694444444444444
3 0.32395833333333335 0.32222222222222224 0.1078125 0.1125
3 0.4796875 0.4861111111111111 0.1078125 0.13055555555555556
1 0.6078125 0.5097222222222222 0.10729166666666666 0.12986111111111112
1 0.08177083333333333 0.9215277777777777 0.16354166666666667 0.15694444444444444
1 0.19739583333333333 0.44027777777777777 0.140625 0.1361111111111111
1 0.0609375 0.5819444444444445 0.11875 0.15833333333333333
1 0.7583333333333333 0.6888888888888889 0.175 0.24097222222222223