1 0.49166666666666664 0.9034722222222222 0.07916666666666666 0.16111111111111112
1 0.45260416666666664 0.7611111111111111 0.09947916666666666 0.07708333333333334
1 0.4739583333333333 0.7131944444444445 0.09635416666666667 0.07013888888888889
1 0.4765625 0.6722222222222223 0.07708333333333334 0.050694444444444445
1 0.5401041666666667 0.5618055555555556 0.0765625 0.04791666666666667
1 0.5619791666666667 0.5180555555555556 0.06510416666666667 0.03819444444444445
1 0.5984375 0.49027777777777776 0.027083333333333334 0.03611111111111111
1 0.8572916666666667 0.7680555555555556 0.08229166666666667 0.1
1 0.8947916666666667 0.88125 0.0859375 0.12291666666666666
1 0.7286458333333333 0.7854166666666667 0.06302083333333333 0.11458333333333333
1 0.7401041666666667 0.9173611111111111 0.07447916666666667 0.15833333333333333
1 0.6583333333333333 0.7416666666666667 0.058333333333333334 0.11041666666666666
1 0.7151041666666667 0.6444444444444445 0.04791666666666667 0.07430555555555556
1 0.65625 0.6534722222222222 0.049479166666666664 0.07777777777777778
1 0.7020833333333333 0.5881944444444445 0.0359375 0.050694444444444445
3 0.6598958333333333 0.5819444444444445 0.041666666666666664 0.07222222222222222
1 0.7072916666666667 0.5430555555555555 0.042708333333333334 0.04583333333333333
1 0.6614583333333334 0.5270833333333333 0.0359375 0.058333333333333334
3 0.696875 0.49375 0.027604166666666666 0.050694444444444445
1 0.6630208333333333 0.49166666666666664 0.0265625 0.03888888888888889
1 0.6630208333333333 0.46597222222222223 0.0234375 0.03680555555555556
1 0.69375 0.45069444444444445 0.027083333333333334 0.03263888888888889
1 0.6640625 0.41388888888888886 0.019791666666666666 0.035416666666666666
1 0.6901041666666666 0.41875 0.025 0.03125
1 0.6890625 0.38958333333333334 0.019270833333333334 0.02638888888888889
1 0.6645833333333333 0.38125 0.017708333333333333 0.02847222222222222
1 0.6895833333333333 0.37777777777777777 0.016666666666666666 0.022222222222222223
1 0.6786458333333333 0.35833333333333334 0.0171875 0.02847222222222222
1 0.6916666666666667 0.33819444444444446 0.0140625 0.025
1 0.6697916666666667 0.34375 0.013541666666666667 0.017361111111111112
1 0.6755208333333333 0.32916666666666666 0.015625 0.018055555555555554
1 0.7119791666666667 0.3090277777777778 0.011458333333333333 0.018055555555555554
1 0.684375 0.30972222222222223 0.0140625 0.013194444444444444
1 0.63125 0.35833333333333334 0.01875 0.01875
1 0.6166666666666667 0.34791666666666665 0.027083333333333334 0.02013888888888889
2 0.6177083333333333 0.33819444444444446 0.04010416666666667 0.02847222222222222
1 0.6453125 0.3263888888888889 0.013541666666666667 0.015277777777777777
1 0.6484375 0.31875 0.0140625 0.02013888888888889
1 0.7291666666666666 0.3701388888888889 0.019270833333333334 0.020833333333333332
1 0.7505208333333333 0.3645833333333333 0.0328125 0.02013888888888889
1 0.6213541666666667 0.38333333333333336 0.019791666666666666 0.02361111111111111
1 0.6177083333333333 0.4027777777777778 0.021354166666666667 0.025
1 0.6130208333333333 0.42291666666666666 0.027083333333333334 0.02638888888888889
1 0.60625 0.44722222222222224 0.025520833333333333 0.035416666666666666
1 0.759375 0.45694444444444443 0.034375 0.03333333333333333
1 0.7447916666666666 0.40902777777777777 0.0265625 0.025694444444444443
1 0.7463541666666667 0.38333333333333336 0.0328125 0.022222222222222223
1 0.7645833333333333 0.40069444444444446 0.036458333333333336 0.020833333333333332
1 0.7609375 0.3909722222222222 0.0390625 0.02361111111111111
1 0.8052083333333333 0.47708333333333336 0.06666666666666667 0.030555555555555555
1 0.8098958333333334 0.49375 0.065625 0.029861111111111113
1 0.8171875 0.5138888888888888 0.07708333333333334 0.035416666666666666
1 0.83125 0.5319444444444444 0.07864583333333333 0.043055555555555555
1 0.8614583333333333 0.5701388888888889 0.084375 0.044444444444444446
1 0.8109375 0.5958333333333333 0.057291666666666664 0.059722222222222225
3 0.64375 0.9541666666666667 0.0671875 0.09166666666666666
1 0.93125 0.9652777777777778 0.08802083333333334 0.06944444444444445