1 0.5171875 0.8611111111111112 0.059895833333333336 0.044444444444444446
1 0.6567708333333333 0.76875 0.022395833333333334 0.09930555555555555
1 0.7078125 0.6618055555555555 0.04739583333333333 0.09513888888888888
1 0.7119791666666667 0.4097222222222222 0.025 0.09375
1 0.6104166666666667 0.7229166666666667 0.052083333333333336 0.03958333333333333
1 0.6041666666666666 0.6506944444444445 0.06666666666666667 0.04791666666666667
1 0.6114583333333333 0.5965277777777778 0.05 0.03819444444444445
1 0.6083333333333333 0.5298611111111111 0.05572916666666667 0.03958333333333333
1 0.6109375 0.47430555555555554 0.05572916666666667 0.03958333333333333
1 0.6109375 0.4111111111111111 0.05416666666666667 0.03819444444444445
1 0.6151041666666667 0.3597222222222222 0.0515625 0.041666666666666664
1 0.6072916666666667 0.3090277777777778 0.050520833333333334 0.041666666666666664
1 0.5255208333333333 0.21944444444444444 0.05520833333333333 0.05347222222222222
1 0.6072916666666667 0.08611111111111111 0.0578125 0.04791666666666667
1 0.6041666666666666 0.03333333333333333 0.0578125 0.041666666666666664
3 0.7171875 0.15208333333333332 0.022916666666666665 0.09375
3 0.6145833333333334 0.2604166666666667 0.052083333333333336 0.03819444444444445
3 0.25052083333333336 0.08194444444444444 0.027604166666666666 0.1
2 0.6067708333333334 0.20416666666666666 0.07083333333333333 0.058333333333333334
1 0.5229166666666667 0.38958333333333334 0.06145833333333333 0.050694444444444445
1 0.5276041666666667 0.4597222222222222 0.05572916666666667 0.04583333333333333
1 0.5265625 0.5298611111111111 0.0578125 0.03958333333333333
1 0.5255208333333333 0.6597222222222222 0.05572916666666667 0.04583333333333333
3 0.5239583333333333 0.7166666666666667 0.04635416666666667 0.03819444444444445
0 0.4083333333333333 0.6194444444444445 0.0390625 0.2513888888888889
1 0.2359375 0.8423611111111111 0.0234375 0.09930555555555555
1 0.2390625 0.7263888888888889 0.024479166666666666 0.09513888888888888
1 0.24270833333333333 0.6055555555555555 0.0265625 0.09930555555555555
1 0.24739583333333334 0.46875 0.025 0.09236111111111112
1 0.24479166666666666 0.33611111111111114 0.019791666666666666 0.09652777777777778
2 0.24375 0.2111111111111111 0.034375 0.12083333333333333
1 0.23385416666666667 0.9645833333333333 0.027604166666666666 0.06875