1 0.5630208333333333 0.6791666666666667 0.04010416666666667 0.030555555555555555
1 0.5807291666666666 0.6722222222222223 0.034895833333333334 0.025
1 0.5921875 0.6625 0.035416666666666666 0.025
1 0.6088541666666667 0.6541666666666667 0.036458333333333336 0.02361111111111111
1 0.6333333333333333 0.6381944444444444 0.03333333333333333 0.022222222222222223
1 0.640625 0.6256944444444444 0.03333333333333333 0.018055555555555554
1 0.6515625 0.6215277777777778 0.034895833333333334 0.020833333333333332
1 0.6619791666666667 0.6138888888888889 0.027604166666666666 0.018055555555555554
1 0.6770833333333334 0.6083333333333333 0.03125 0.01875
1 0.6875 0.6020833333333333 0.035416666666666666 0.016666666666666666
1 0.6979166666666666 0.5965277777777778 0.03177083333333333 0.017361111111111112
1 0.6338541666666667 0.7729166666666667 0.04739583333333333 0.035416666666666666
1 0.7546875 0.7215277777777778 0.044270833333333336 0.027083333333333334
1 0.7713541666666667 0.7111111111111111 0.044270833333333336 0.030555555555555555
1 0.7807291666666667 0.7027777777777777 0.0375 0.025694444444444443
1 0.79375 0.6923611111111111 0.0453125 0.030555555555555555
1 0.8005208333333333 0.68125 0.03854166666666667 0.020833333333333332
1 0.8119791666666667 0.6736111111111112 0.0421875 0.02361111111111111
1 0.8234375 0.6659722222222222 0.04375 0.027083333333333334
1 0.79375 0.6416666666666667 0.0390625 0.021527777777777778
1 0.7786458333333334 0.6486111111111111 0.03958333333333333 0.025
1 0.7640625 0.6569444444444444 0.0375 0.020833333333333332
1 0.7572916666666667 0.6645833333333333 0.035416666666666666 0.01875
1 0.7489583333333333 0.6756944444444445 0.041666666666666664 0.02847222222222222
1 0.7354166666666667 0.6847222222222222 0.03802083333333333 0.027083333333333334
1 0.9 0.7513888888888889 0.051041666666666666 0.027083333333333334
1 0.7963541666666667 0.9222222222222223 0.06197916666666667 0.04861111111111111
1 0.06458333333333334 0.5916666666666667 0.016666666666666666 0.007638888888888889
1 0.0671875 0.5993055555555555 0.025 0.010416666666666666
1 0.0734375 0.60625 0.03333333333333333 0.015277777777777777
1 0.08072916666666667 0.6145833333333334 0.0296875 0.020833333333333332
1 0.0875 0.61875 0.0375 0.024305555555555556
1 0.09427083333333333 0.6263888888888889 0.035416666666666666 0.019444444444444445
1 0.1 0.6298611111111111 0.034375 0.02013888888888889
1 0.11770833333333333 0.6444444444444445 0.03125 0.022222222222222223
1 0.11927083333333334 0.6541666666666667 0.0265625 0.021527777777777778
1 0.11875 0.5625 0.019270833333333334 0.01597222222222222
1 0.13229166666666667 0.5638888888888889 0.0296875 0.016666666666666666
1 0.14114583333333333 0.5694444444444444 0.024479166666666666 0.011805555555555555
1 0.15 0.5736111111111111 0.024479166666666666 0.011805555555555555
1 0.15625 0.5777777777777777 0.030208333333333334 0.018055555555555554
1 0.1671875 0.5875 0.027604166666666666 0.016666666666666666
1 0.18072916666666666 0.5916666666666667 0.030729166666666665 0.021527777777777778
1 0.1890625 0.5965277777777778 0.028125 0.019444444444444445
1 0.1984375 0.6006944444444444 0.029166666666666667 0.025
1 0.21458333333333332 0.6125 0.03125 0.02013888888888889
1 0.22552083333333334 0.6173611111111111 0.025520833333333333 0.02013888888888889
1 0.23697916666666666 0.6201388888888889 0.0296875 0.022916666666666665
1 0.246875 0.6270833333333333 0.03333333333333333 0.025
1 0.2552083333333333 0.6319444444444444 0.029166666666666667 0.02361111111111111
1 0.26927083333333335 0.6381944444444444 0.033854166666666664 0.03263888888888889
1 0.28020833333333334 0.6451388888888889 0.03125 0.027083333333333334
1 0.28958333333333336 0.6527777777777778 0.03177083333333333 0.025
1 0.3015625 0.6618055555555555 0.03697916666666667 0.03125
1 0.3125 0.6680555555555555 0.028125 0.02847222222222222
1 0.3546875 0.6472222222222223 0.028125 0.022222222222222223
1 0.3375 0.6409722222222223 0.03125 0.022222222222222223
1 0.31354166666666666 0.6305555555555555 0.03177083333333333 0.017361111111111112
1 0.30364583333333334 0.6215277777777778 0.034895833333333334 0.01597222222222222
1 0.29322916666666665 0.6152777777777778 0.028645833333333332 0.015277777777777777
1 0.2786458333333333 0.6125 0.0234375 0.014583333333333334
1 0.2682291666666667 0.6055555555555555 0.028645833333333332 0.013194444444444444
1 0.25885416666666666 0.6 0.03125 0.011111111111111112
1 0.2515625 0.5944444444444444 0.035416666666666666 0.016666666666666666
1 0.24322916666666666 0.5909722222222222 0.03177083333333333 0.013888888888888888
1 0.234375 0.5868055555555556 0.027604166666666666 0.0125
1 0.225 0.5791666666666667 0.029166666666666667 0.016666666666666666
1 0.20989583333333334 0.5798611111111112 0.0203125 0.013888888888888888
1 0.20833333333333334 0.5729166666666666 0.03125 0.009722222222222222
1 0.19739583333333333 0.5694444444444444 0.030208333333333334 0.011111111111111112
1 0.19375 0.5645833333333333 0.028125 0.010416666666666666
1 0.1984375 0.5486111111111112 0.020833333333333332 0.013194444444444444
1 0.18489583333333334 0.5583333333333333 0.0296875 0.010416666666666666
1 0.17395833333333333 0.55625 0.033854166666666664 0.010416666666666666
1 0.16927083333333334 0.5513888888888889 0.03229166666666667 0.011111111111111112
1 0.1578125 0.55 0.026041666666666668 0.015277777777777777
1 0.14947916666666666 0.5381944444444444 0.0140625 0.011805555555555555
1 0.22239583333333332 0.5284722222222222 0.0203125 0.0125
1 0.23333333333333334 0.5333333333333333 0.018229166666666668 0.013888888888888888
1 0.240625 0.5368055555555555 0.020833333333333332 0.013888888888888888
1 0.2520833333333333 0.5375 0.011458333333333333 0.010416666666666666
1 0.25729166666666664 0.5416666666666666 0.0171875 0.017361111111111112
1 0.265625 0.5451388888888888 0.01875 0.014583333333333334
1 0.27447916666666666 0.55 0.013020833333333334 0.01597222222222222
3 0.2875 0.55 0.0234375 0.02013888888888889
1 0.3020833333333333 0.5583333333333333 0.019791666666666666 0.014583333333333334
1 0.3109375 0.5638888888888889 0.030208333333333334 0.018055555555555554
1 0.3229166666666667 0.5708333333333333 0.025 0.014583333333333334
1 0.334375 0.5736111111111111 0.0265625 0.017361111111111112
1 0.35572916666666665 0.5791666666666667 0.023958333333333335 0.022916666666666665
1 0.36666666666666664 0.5833333333333334 0.019791666666666666 0.01597222222222222
1 0.3729166666666667 0.5895833333333333 0.019270833333333334 0.015277777777777777
1 0.3828125 0.5951388888888889 0.028125 0.017361111111111112
1 0.403125 0.5965277777777778 0.022395833333333334 0.018055555555555554
1 0.4140625 0.6034722222222222 0.0234375 0.014583333333333334
1 0.4276041666666667 0.6097222222222223 0.027083333333333334 0.016666666666666666
1 0.08802083333333334 0.9840277777777777 0.04635416666666667 0.03125
1 0.13645833333333332 0.9770833333333333 0.052083333333333336 0.04513888888888889
3 0.175 0.9631944444444445 0.040625 0.05138888888888889
3 0.21041666666666667 0.93125 0.04583333333333333 0.0625
1 0.2390625 0.9104166666666667 0.04635416666666667 0.044444444444444446
1 0.2703125 0.8916666666666667 0.04114583333333333 0.04513888888888889
1 0.296875 0.8736111111111111 0.040625 0.04583333333333333
1 0.325 0.8569444444444444 0.04739583333333333 0.04513888888888889
1 0.390625 0.96875 0.06041666666666667 0.06180555555555556
1 0.4515625 0.9298611111111111 0.0546875 0.05277777777777778
1 0.5739583333333333 0.9048611111111111 0.05625 0.05694444444444444
3 0.596875 0.8840277777777777 0.0515625 0.058333333333333334
1 0.7203125 0.8270833333333333 0.058333333333333334 0.03819444444444445
1 0.6932291666666667 0.7847222222222222 0.05260416666666667 0.04097222222222222
1 0.6703125 0.7347222222222223 0.04583333333333333 0.03263888888888889
1 0.7052083333333333 0.7145833333333333 0.04114583333333333 0.03263888888888889
1 0.7494791666666667 0.7381944444444445 0.04583333333333333 0.03125
1 0.7234375 0.69375 0.040625 0.03125
1 0.6166666666666667 0.7895833333333333 0.05364583333333333 0.043055555555555555
1 0.8197916666666667 0.8770833333333333 0.06145833333333333 0.05347222222222222
1 0.7817708333333333 0.9430555555555555 0.0703125 0.06736111111111111
1 0.7614583333333333 0.9645833333333333 0.07447916666666667 0.06666666666666667
1 0.7395833333333334 0.9756944444444444 0.06666666666666667 0.04236111111111111
1 0.896875 0.7708333333333334 0.046875 0.03194444444444444
1 0.965625 0.6708333333333333 0.019270833333333334 0.034027777777777775
1 0.9416666666666667 0.6618055555555555 0.0234375 0.03263888888888889
1 0.9088541666666666 0.6527777777777778 0.028125 0.03125
1 0.8723958333333334 0.6423611111111112 0.0265625 0.029166666666666667
1 0.8526041666666667 0.6354166666666666 0.0203125 0.02847222222222222
1 0.8317708333333333 0.6284722222222222 0.022916666666666665 0.027083333333333334
1 0.8104166666666667 0.6222222222222222 0.022916666666666665 0.025694444444444443
1 0.7390625 0.5965277777777778 0.022395833333333334 0.024305555555555556
1 0.771875 0.6090277777777777 0.025 0.022222222222222223
1 0.7578125 0.6013888888888889 0.020833333333333332 0.021527777777777778
1 0.3927083333333333 0.6159722222222223 0.034895833333333334 0.02847222222222222
1 0.3385416666666667 0.5944444444444444 0.028645833333333332 0.02361111111111111
1 0.13854166666666667 0.5201388888888889 0.027083333333333334 0.011805555555555555
1 0.18020833333333333 0.5256944444444445 0.018229166666666668 0.015277777777777777
1 0.20416666666666666 0.5305555555555556 0.021875 0.014583333333333334
1 0.1078125 0.5145833333333333 0.0203125 0.01597222222222222