0 0.12239583333333333 0.02013888888888889 0.019270833333333334 0.030555555555555555
1 0.15052083333333333 0.019444444444444445 0.011979166666666667 0.0125
1 0.18020833333333333 0.06875 0.0140625 0.017361111111111112
1 0.23125 0.11180555555555556 0.015625 0.018055555555555554
1 0.08645833333333333 0.0625 0.011458333333333333 0.01597222222222222
1 0.21614583333333334 0.12569444444444444 0.009375 0.011111111111111112
1 0.1265625 0.16805555555555557 0.016666666666666666 0.025694444444444443
1 0.28854166666666664 0.26875 0.025520833333333333 0.03333333333333333
1 0.43333333333333335 0.5895833333333333 0.04010416666666667 0.059027777777777776
1 0.3619791666666667 0.45625 0.034895833333333334 0.049305555555555554
1 0.9098958333333333 0.8576388888888888 0.090625 0.043055555555555555
2 0.9520833333333333 0.6944444444444444 0.065625 0.06458333333333334