1 0.11354166666666667 0.25069444444444444 0.08697916666666666 0.059027777777777776
1 0.09739583333333333 0.31319444444444444 0.09375 0.06875
0 0.0375 0.42777777777777776 0.075 0.18194444444444444
0 0.23333333333333334 0.32222222222222224 0.20052083333333334 0.2388888888888889
0 0.1109375 0.6833333333333333 0.221875 0.5027777777777778
1 0.7125 0.7326388888888888 0.09479166666666666 0.23402777777777778
1 0.6052083333333333 0.48125 0.06875 0.12291666666666666
1 0.4197916666666667 0.34791666666666665 0.06302083333333333 0.08472222222222223
1 0.6151041666666667 0.3701388888888889 0.050520833333333334 0.10069444444444445
1 0.30364583333333334 0.18125 0.04010416666666667 0.049305555555555554
1 0.3416666666666667 0.15069444444444444 0.040625 0.050694444444444445
1 0.3692708333333333 0.12569444444444444 0.034375 0.03819444444444445
1 0.4114583333333333 0.11875 0.034375 0.03888888888888889
1 0.3932291666666667 0.10069444444444445 0.027604166666666666 0.04652777777777778
1 0.41875 0.0763888888888889 0.0265625 0.03888888888888889
1 0.44114583333333335 0.06111111111111111 0.0265625 0.025694444444444443
1 0.4546875 0.04652777777777778 0.025 0.027777777777777776
1 0.4666666666666667 0.030555555555555555 0.015625 0.03611111111111111
1 0.49114583333333334 0.022916666666666665 0.025 0.02638888888888889
1 0.4973958333333333 0.18472222222222223 0.044270833333333336 0.05347222222222222
1 0.5510416666666667 0.07361111111111111 0.019270833333333334 0.02847222222222222
0 0.40729166666666666 0.20208333333333334 0.11145833333333334 0.1673611111111111
3 0.3625 0.1909722222222222 0.05364583333333333 0.07916666666666666
3 0.6890625 0.4 0.04583333333333333 0.10277777777777777
1 0.6807291666666667 0.3236111111111111 0.05 0.06944444444444445
1 0.6203125 0.28680555555555554 0.0421875 0.06597222222222222
1 0.6317708333333333 0.2298611111111111 0.036458333333333336 0.04791666666666667
1 0.5859375 0.19444444444444445 0.034375 0.049305555555555554
1 0.6333333333333333 0.17222222222222222 0.0328125 0.041666666666666664
1 0.6390625 0.13680555555555557 0.028645833333333332 0.04027777777777778
1 0.5901041666666667 0.15763888888888888 0.027604166666666666 0.029861111111111113
1 0.6015625 0.12986111111111112 0.0328125 0.04027777777777778
1 0.6140625 0.0875 0.025 0.03263888888888889
1 0.6734375 0.10486111111111111 0.027083333333333334 0.03819444444444445
1 0.6109375 0.05694444444444444 0.017708333333333333 0.025694444444444443
1 0.6520833333333333 0.06319444444444444 0.025520833333333333 0.02638888888888889
1 0.690625 0.075 0.04583333333333333 0.030555555555555555
1 0.69375 0.058333333333333334 0.044270833333333336 0.025694444444444443
1 0.69375 0.05 0.052083333333333336 0.02013888888888889
1 0.6927083333333334 0.03611111111111111 0.04583333333333333 0.022916666666666665
1 0.6505208333333333 0.022222222222222223 0.0171875 0.020833333333333332
1 0.6255208333333333 0.027083333333333334 0.01875 0.018055555555555554
1 0.625 0.014583333333333334 0.0171875 0.01875
2 0.5963541666666666 0.03263888888888889 0.024479166666666666 0.05347222222222222