1 0.615625 0.9590277777777778 0.15 0.08194444444444444
1 0.30833333333333335 0.9340277777777778 0.184375 0.12986111111111112
1 0.18802083333333333 0.7263888888888889 0.1234375 0.08125
1 0.08697916666666666 0.5444444444444444 0.12864583333333332 0.08680555555555555
1 0.39010416666666664 0.7097222222222223 0.13645833333333332 0.07708333333333334
1 0.4588541666666667 0.7868055555555555 0.14947916666666666 0.125
1 0.6026041666666667 0.64375 0.1390625 0.08194444444444444
1 0.7848958333333333 0.7069444444444445 0.14947916666666666 0.07708333333333334
1 0.7822916666666667 0.8173611111111111 0.19583333333333333 0.10069444444444445
1 0.8140625 0.9277777777777778 0.14635416666666667 0.11875
1 0.9520833333333333 0.8770833333333333 0.09583333333333334 0.13125
1 0.6046875 0.2701388888888889 0.0609375 0.034027777777777775
1 0.7619791666666667 0.14583333333333334 0.0390625 0.030555555555555555
1 0.7291666666666666 0.13125 0.044270833333333336 0.03333333333333333
1 0.6927083333333334 0.1840277777777778 0.0421875 0.03333333333333333
3 0.6354166666666666 0.2076388888888889 0.050520833333333334 0.04027777777777778
1 0.7255208333333333 0.16319444444444445 0.03802083333333333 0.03333333333333333
1 0.7890625 0.13125 0.03229166666666667 0.035416666666666666
1 0.5369791666666667 0.21736111111111112 0.04583333333333333 0.02638888888888889
1 0.5401041666666667 0.2326388888888889 0.049479166666666664 0.035416666666666666
1 0.5807291666666666 0.24027777777777778 0.05416666666666667 0.034027777777777775
1 0.509375 0.275 0.0484375 0.03819444444444445
1 0.4546875 0.25416666666666665 0.04791666666666667 0.03263888888888889
1 0.4119791666666667 0.29444444444444445 0.052083333333333336 0.04375
1 0.4869791666666667 0.25972222222222224 0.05572916666666667 0.04375
3 0.44635416666666666 0.3020833333333333 0.0515625 0.04375
1 0.3807291666666667 0.28402777777777777 0.059895833333333336 0.041666666666666664
1 0.35989583333333336 0.35208333333333336 0.07135416666666666 0.05694444444444444
1 0.33541666666666664 0.33958333333333335 0.07083333333333333 0.04861111111111111
1 0.3078125 0.32083333333333336 0.0671875 0.04375
1 0.24375 0.3763888888888889 0.07447916666666667 0.049305555555555554
1 0.20572916666666666 0.3645833333333333 0.08697916666666666 0.05555555555555555
1 0.25 0.39861111111111114 0.07135416666666666 0.059722222222222225
0 0.21770833333333334 0.31875 0.18697916666666667 0.11805555555555555
1 0.5166666666666667 0.14444444444444443 0.034895833333333334 0.03333333333333333
1 0.2953125 0.225 0.0390625 0.03888888888888889
1 0.27291666666666664 0.24097222222222223 0.042708333333333334 0.04375
1 0.24270833333333333 0.2465277777777778 0.03854166666666667 0.04375
1 0.2140625 0.25763888888888886 0.03854166666666667 0.035416666666666666
1 0.18802083333333333 0.26875 0.04010416666666667 0.050694444444444445
1 0.15260416666666668 0.28194444444444444 0.036458333333333336 0.04375
1 0.12135416666666667 0.2659722222222222 0.030208333333333334 0.03611111111111111
1 0.16302083333333334 0.25069444444444444 0.0359375 0.03680555555555556
1 0.08697916666666666 0.275 0.030729166666666665 0.03125
1 0.025 0.26944444444444443 0.04583333333333333 0.03819444444444445
1 0.0125 0.23055555555555557 0.025 0.02638888888888889
1 0.015104166666666667 0.20833333333333334 0.030208333333333334 0.025
1 0.017708333333333333 0.19791666666666666 0.03229166666666667 0.025
1 0.019270833333333334 0.18680555555555556 0.0359375 0.01597222222222222
1 0.0296875 0.1798611111111111 0.03333333333333333 0.02013888888888889
1 0.009895833333333333 0.1673611111111111 0.019270833333333334 0.015277777777777777
1 0.013020833333333334 0.16041666666666668 0.026041666666666668 0.018055555555555554
1 0.018229166666666668 0.15208333333333332 0.034895833333333334 0.018055555555555554
1 0.07291666666666667 0.1388888888888889 0.030208333333333334 0.022222222222222223
1 0.024479166666666666 0.12638888888888888 0.019270833333333334 0.025
1 0.033854166666666664 0.11180555555555556 0.019270833333333334 0.02361111111111111
1 0.03802083333333333 0.07847222222222222 0.036458333333333336 0.014583333333333334
1 0.05 0.09791666666666667 0.021354166666666667 0.008333333333333333
3 0.03802083333333333 0.05416666666666667 0.027083333333333334 0.015277777777777777
3 0.034375 0.06111111111111111 0.034375 0.013194444444444444
3 0.03125 0.06597222222222222 0.03333333333333333 0.014583333333333334
3 0.0265625 0.07152777777777777 0.030729166666666665 0.013194444444444444
1 0.09427083333333333 0.14652777777777778 0.027083333333333334 0.02013888888888889
1 0.10833333333333334 0.15208333333333332 0.03802083333333333 0.02013888888888889
1 0.1125 0.16319444444444445 0.034895833333333334 0.022916666666666665
1 0.1234375 0.1673611111111111 0.030729166666666665 0.022222222222222223
1 0.14583333333333334 0.17152777777777778 0.04010416666666667 0.020833333333333332
1 0.15520833333333334 0.17916666666666667 0.03125 0.02847222222222222
1 0.17708333333333334 0.175 0.03697916666666667 0.02013888888888889
1 0.19166666666666668 0.17708333333333334 0.0359375 0.01875
1 0.21770833333333334 0.18125 0.0390625 0.025694444444444443
3 0.5630208333333333 0.09027777777777778 0.020833333333333332 0.02361111111111111
1 0.5416666666666666 0.10208333333333333 0.030729166666666665 0.022916666666666665
1 0.5197916666666667 0.10416666666666667 0.022395833333333334 0.025694444444444443
1 0.49947916666666664 0.11944444444444445 0.04010416666666667 0.029861111111111113
1 0.4515625 0.13402777777777777 0.034895833333333334 0.022916666666666665
1 0.4125 0.19444444444444445 0.025 0.02847222222222222
1 0.3651041666666667 0.20555555555555555 0.034895833333333334 0.03333333333333333
1 0.8604166666666667 0.09166666666666666 0.05520833333333333 0.04027777777777778