2 0.4328125 0.825 0.06875 0.21666666666666667
2 0.6671875 0.6590277777777778 0.10677083333333333 0.10138888888888889
1 0.6083333333333333 0.5840277777777778 0.04375 0.08888888888888889
1 0.540625 0.5930555555555556 0.0390625 0.09236111111111112
2 0.45989583333333334 0.6409722222222223 0.0390625 0.12777777777777777
2 0.5697916666666667 0.41041666666666665 0.03333333333333333 0.06319444444444444
1 0.42604166666666665 0.41805555555555557 0.06458333333333334 0.041666666666666664
1 0.47760416666666666 0.3798611111111111 0.025 0.04791666666666667
2 0.45677083333333335 0.3347222222222222 0.05625 0.029861111111111113
1 0.43385416666666665 0.30277777777777776 0.020833333333333332 0.03333333333333333
1 0.48125 0.2659722222222222 0.018229166666666668 0.02638888888888889
1 0.48333333333333334 0.24583333333333332 0.016666666666666666 0.021527777777777778
1 0.5354166666666667 0.24027777777777778 0.015104166666666667 0.020833333333333332
1 0.5083333333333333 0.19375 0.0125 0.015277777777777777
1 0.5161458333333333 0.14027777777777778 0.008333333333333333 0.008333333333333333
1 0.4583333333333333 0.18263888888888888 0.013020833333333334 0.018055555555555554
1 0.4510416666666667 0.15625 0.01875 0.013194444444444444
1 0.45729166666666665 0.16041666666666668 0.015625 0.014583333333333334
1 0.4375 0.15069444444444444 0.0203125 0.010416666666666666
1 0.49114583333333334 0.1388888888888889 0.007291666666666667 0.0125
1 0.5010416666666667 0.13125 0.007291666666666667 0.008333333333333333
1 0.4984375 0.11319444444444444 0.00625 0.008333333333333333
1 0.50625 0.10416666666666667 0.0067708333333333336 0.007638888888888889
1 0.515625 0.10833333333333334 0.00625 0.008333333333333333
1 0.4166666666666667 0.15694444444444444 0.017708333333333333 0.009722222222222222
1 0.49635416666666665 0.08194444444444444 0.0046875 0.006944444444444444
1 0.5046875 0.08333333333333333 0.0046875 0.005555555555555556
1 0.5114583333333333 0.09930555555555555 0.005208333333333333 0.008333333333333333
1 0.5119791666666667 0.09166666666666666 0.004166666666666667 0.004166666666666667
1 0.5098958333333333 0.07569444444444444 0.004166666666666667 0.00625
1 0.49947916666666664 0.06597222222222222 0.0046875 0.004861111111111111