1 0.3671875 0.9 0.03229166666666667 0.04652777777777778
1 0.4817708333333333 0.5208333333333334 0.019270833333333334 0.03611111111111111
3 0.5088541666666667 0.5590277777777778 0.014583333333333334 0.04375
2 0.4348958333333333 0.5041666666666667 0.0359375 0.027083333333333334
1 0.4557291666666667 0.4 0.027083333333333334 0.016666666666666666
1 0.5177083333333333 0.35833333333333334 0.010416666666666666 0.019444444444444445
3 0.5354166666666667 0.39652777777777776 0.013541666666666667 0.03611111111111111
3 0.5552083333333333 0.4215277777777778 0.0234375 0.022916666666666665
1 0.5760416666666667 0.5263888888888889 0.03229166666666667 0.027083333333333334
1 0.5505208333333333 0.6361111111111111 0.019791666666666666 0.052083333333333336
1 0.5697916666666667 0.7854166666666667 0.020833333333333332 0.058333333333333334
3 0.5145833333333333 0.20069444444444445 0.003125 0.009027777777777777
3 0.434375 0.5430555555555555 0.03958333333333333 0.03263888888888889
1 0.0546875 0.5729166666666666 0.0328125 0.04722222222222222
3 0.4765625 0.21736111111111112 0.011979166666666667 0.013888888888888888
3 0.5276041666666667 0.22847222222222222 0.0078125 0.016666666666666666
1 0.4942708333333333 0.24791666666666667 0.007291666666666667 0.013888888888888888
1 0.49270833333333336 0.23958333333333334 0.008333333333333333 0.01597222222222222