1 0.6619791666666667 0.5215277777777778 0.1234375 0.1875
3 0.42604166666666665 0.12777777777777777 0.03697916666666667 0.07361111111111111
3 0.5619791666666667 0.10833333333333334 0.058333333333333334 0.05694444444444444
3 0.5322916666666667 0.07430555555555556 0.044270833333333336 0.0625
3 0.5369791666666667 0.28055555555555556 0.08020833333333334 0.12291666666666666
2 0.4890625 0.05486111111111111 0.06354166666666666 0.04027777777777778
3 0.928125 0.05625 0.08385416666666666 0.052083333333333336
3 0.9395833333333333 0.125 0.07239583333333334 0.05555555555555555
3 0.9666666666666667 0.17777777777777778 0.06666666666666667 0.075
3 0.9760416666666667 0.1527777777777778 0.04739583333333333 0.07361111111111111
3 0.8661458333333333 0.22361111111111112 0.09375 0.08680555555555555
3 0.22447916666666667 0.13402777777777777 0.07083333333333333 0.06458333333333334
3 0.14166666666666666 0.1625 0.06927083333333334 0.0625
3 0.19114583333333332 0.08263888888888889 0.05677083333333333 0.06666666666666667
1 0.2015625 0.027777777777777776 0.06614583333333333 0.035416666666666666
1 0.2578125 0.016666666666666666 0.071875 0.03125
1 0.09270833333333334 0.02013888888888889 0.034375 0.03680555555555556
1 0.04791666666666667 0.03958333333333333 0.06875 0.044444444444444446
1 0.0234375 0.016666666666666666 0.03229166666666667 0.03333333333333333
1 0.1046875 0.47638888888888886 0.096875 0.13958333333333334