1 0.5723958333333333 0.7541666666666667 0.08072916666666667 0.058333333333333334
1 0.5567708333333333 0.7097222222222223 0.07604166666666666 0.04861111111111111
1 0.5447916666666667 0.6666666666666666 0.07552083333333333 0.044444444444444446
1 0.5104166666666666 0.6277777777777778 0.06770833333333333 0.04375
1 0.4947916666666667 0.6006944444444444 0.06875 0.043055555555555555
1 0.4973958333333333 0.5659722222222222 0.06614583333333333 0.034027777777777775
1 0.4875 0.54375 0.0671875 0.034722222222222224
1 0.4734375 0.5222222222222223 0.06510416666666667 0.034027777777777775
1 0.3614583333333333 0.37916666666666665 0.022395833333333334 0.027083333333333334
3 0.43125 0.32430555555555557 0.01875 0.030555555555555555
1 0.41458333333333336 0.3055555555555556 0.01875 0.019444444444444445
3 0.4947916666666667 0.34375 0.023958333333333335 0.029861111111111113
3 0.4640625 0.2965277777777778 0.021875 0.024305555555555556
3 0.45260416666666664 0.2826388888888889 0.019270833333333334 0.019444444444444445
3 0.4041666666666667 0.2875 0.0171875 0.022222222222222223
3 0.3729166666666667 0.2569444444444444 0.027604166666666666 0.02013888888888889
1 0.365625 0.24375 0.025 0.02013888888888889
1 0.36354166666666665 0.2263888888888889 0.015104166666666667 0.019444444444444445
3 0.39791666666666664 0.22013888888888888 0.016666666666666666 0.016666666666666666
1 0.39010416666666664 0.21180555555555555 0.0171875 0.013888888888888888
1 0.35208333333333336 0.2152777777777778 0.013541666666666667 0.01597222222222222
1 0.36302083333333335 0.1875 0.015104166666666667 0.011805555555555555
3 0.3380208333333333 0.19930555555555557 0.013541666666666667 0.014583333333333334
3 0.3296875 0.18958333333333333 0.011979166666666667 0.013194444444444444
1 0.3223958333333333 0.18541666666666667 0.0125 0.01597222222222222
1 0.3536458333333333 0.18055555555555555 0.013541666666666667 0.011805555555555555
1 0.3125 0.17777777777777778 0.0140625 0.010416666666666666
1 0.33229166666666665 0.15694444444444444 0.015104166666666667 0.010416666666666666
1 0.3182291666666667 0.12083333333333333 0.016145833333333335 0.008333333333333333
3 0.2875 0.11736111111111111 0.01875 0.010416666666666666
3 0.26458333333333334 0.11666666666666667 0.019270833333333334 0.011111111111111112
1 0.6677083333333333 0.13958333333333334 0.014583333333333334 0.009722222222222222
1 0.9067708333333333 0.15625 0.0140625 0.009722222222222222
3 0.9375 0.28888888888888886 0.022916666666666665 0.021527777777777778
3 0.5479166666666667 0.2611111111111111 0.018229166666666668 0.025
3 0.22864583333333333 0.11736111111111111 0.013541666666666667 0.008333333333333333
3 0.2 0.10486111111111111 0.00625 0.008333333333333333
1 0.18177083333333333 0.09236111111111112 0.008854166666666666 0.008333333333333333