1 0.10729166666666666 0.39861111111111114 0.019270833333333334 0.02013888888888889
1 0.12291666666666666 0.40694444444444444 0.027083333333333334 0.02013888888888889
2 0.25052083333333336 0.45902777777777776 0.059375 0.05555555555555555
1 0.32864583333333336 0.5131944444444444 0.041666666666666664 0.044444444444444446
1 0.378125 0.5381944444444444 0.04791666666666667 0.049305555555555554
1 0.44427083333333334 0.5430555555555555 0.03697916666666667 0.04861111111111111
1 0.5177083333333333 0.5430555555555555 0.041666666666666664 0.049305555555555554
1 0.5734375 0.5340277777777778 0.05572916666666667 0.052083333333333336
1 0.6296875 0.5284722222222222 0.05625 0.05347222222222222
1 0.6723958333333333 0.5173611111111112 0.05260416666666667 0.04583333333333333
1 0.9078125 0.5854166666666667 0.07135416666666666 0.06736111111111111
1 0.8609375 0.63125 0.08802083333333334 0.07361111111111111
1 0.8572916666666667 0.7090277777777778 0.08854166666666667 0.10347222222222222
1 0.029166666666666667 0.46111111111111114 0.036458333333333336 0.03333333333333333
1 0.06979166666666667 0.5111111111111111 0.04791666666666667 0.04791666666666667
1 0.10104166666666667 0.5534722222222223 0.0609375 0.05694444444444444
1 0.15 0.5902777777777778 0.07864583333333333 0.07013888888888889
1 0.21197916666666666 0.68125 0.09739583333333333 0.11597222222222223
1 0.47708333333333336 0.9541666666666667 0.20572916666666666 0.09166666666666666
2 0.11145833333333334 0.8993055555555556 0.22291666666666668 0.19791666666666666