1 0.22083333333333333 0.7326388888888888 0.08645833333333333 0.12569444444444444
1 0.5588541666666667 0.6173611111111111 0.07760416666666667 0.10694444444444444
1 0.6109375 0.6611111111111111 0.07708333333333334 0.1076388888888889
1 0.6776041666666667 0.8201388888888889 0.08645833333333333 0.13125
1 0.7453125 0.86875 0.08333333333333333 0.13333333333333333
1 0.771875 0.6645833333333333 0.08333333333333333 0.12361111111111112
1 0.8244791666666667 0.7 0.08125 0.12569444444444444
1 0.69375 0.54375 0.0734375 0.10486111111111111
1 0.6479166666666667 0.49444444444444446 0.07552083333333333 0.1111111111111111
1 0.7416666666666667 0.3576388888888889 0.06197916666666667 0.08888888888888889
1 0.7645833333333333 0.4375 0.07239583333333334 0.10972222222222222
1 0.8515625 0.29444444444444445 0.06302083333333333 0.08680555555555555
1 0.8135416666666667 0.25277777777777777 0.06145833333333333 0.08680555555555555
1 0.9223958333333333 0.19166666666666668 0.057291666666666664 0.07916666666666666
1 0.9739583333333334 0.30625 0.052083333333333336 0.10138888888888889
2 0.9208333333333333 0.5430555555555555 0.10208333333333333 0.14930555555555555
1 0.715625 0.6388888888888888 0.0828125 0.12569444444444444
3 0.6328125 0.7611111111111111 0.07291666666666667 0.10972222222222222
3 0.2708333333333333 0.46875 0.08020833333333334 0.08888888888888889
1 0.36822916666666666 0.3784722222222222 0.0734375 0.10555555555555556
1 0.19583333333333333 0.36875 0.0765625 0.07916666666666666
1 0.171875 0.33819444444444446 0.0765625 0.07222222222222222
1 0.14739583333333334 0.30833333333333335 0.07864583333333333 0.06944444444444445
1 0.12604166666666666 0.2826388888888889 0.06770833333333333 0.06875
1 0.10208333333333333 0.2534722222222222 0.07291666666666667 0.07013888888888889
1 0.08854166666666667 0.225 0.07135416666666666 0.06458333333333334
1 0.06927083333333334 0.19791666666666666 0.065625 0.07152777777777777
1 0.5166666666666667 0.11736111111111111 0.059895833333333336 0.06597222222222222
1 0.5713541666666667 0.06388888888888888 0.05 0.06111111111111111
1 0.5927083333333333 0.03680555555555556 0.05364583333333333 0.059722222222222225
1 0.6380208333333334 0.07916666666666666 0.05520833333333333 0.07222222222222222
1 0.5453125 0.08055555555555556 0.059375 0.06388888888888888
1 0.4265625 0.23402777777777778 0.059895833333333336 0.07152777777777777
1 0.30520833333333336 0.27361111111111114 0.06145833333333333 0.07152777777777777
1 0.17239583333333333 0.12916666666666668 0.0515625 0.059722222222222225
1 0.12760416666666666 0.07777777777777778 0.049479166666666664 0.059027777777777776
1 0.08854166666666667 0.035416666666666666 0.044270833333333336 0.04861111111111111
1 0.22395833333333334 0.4048611111111111 0.08333333333333333 0.08958333333333333
1 0.4078125 0.1527777777777778 0.06302083333333333 0.08472222222222223