1 0.20729166666666668 0.6034722222222222 0.0328125 0.075
1 0.2755208333333333 0.6097222222222223 0.030729166666666665 0.09305555555555556
1 0.30520833333333336 0.6173611111111111 0.029166666666666667 0.09375
1 0.4010416666666667 0.6229166666666667 0.027604166666666666 0.09583333333333334
1 0.43385416666666665 0.6236111111111111 0.027604166666666666 0.09930555555555555
3 0.4671875 0.625 0.024479166666666666 0.10833333333333334
1 0.46510416666666665 0.3993055555555556 0.021875 0.07361111111111111
1 0.5 0.39444444444444443 0.022916666666666665 0.07083333333333333
1 0.5765625 0.3923611111111111 0.022395833333333334 0.06527777777777778
1 0.61875 0.6083333333333333 0.0265625 0.09166666666666666
1 0.6166666666666667 0.3888888888888889 0.022395833333333334 0.075
1 0.6505208333333333 0.39166666666666666 0.021875 0.07222222222222222
1 0.740625 0.6104166666666667 0.03229166666666667 0.09097222222222222
1 0.7729166666666667 0.6152777777777778 0.03229166666666667 0.08819444444444445
1 0.6098958333333333 0.8868055555555555 0.028645833333333332 0.08333333333333333
2 0.6885416666666667 0.9493055555555555 0.0296875 0.08888888888888889
2 0.721875 0.9458333333333333 0.03854166666666667 0.09930555555555555
1 0.8026041666666667 0.9402777777777778 0.044270833333333336 0.11597222222222223
1 0.8494791666666667 0.7729166666666667 0.06354166666666666 0.05625
1 0.8869791666666667 0.6284722222222222 0.034895833333333334 0.08263888888888889
1 0.8723958333333334 0.55 0.027083333333333334 0.0763888888888889
2 0.8822916666666667 0.3277777777777778 0.053125 0.08819444444444445
1 0.9307291666666667 0.3597222222222222 0.03177083333333333 0.07430555555555556
1 0.9604166666666667 0.36944444444444446 0.0296875 0.06180555555555556
1 0.45729166666666665 0.9381944444444444 0.030208333333333334 0.1111111111111111
1 0.4166666666666667 0.9444444444444444 0.030729166666666665 0.10208333333333333
1 0.3421875 0.9486111111111111 0.034375 0.09930555555555555