1 0.4473958333333333 0.8638888888888889 0.12395833333333334 0.2722222222222222
3 0.07239583333333334 0.9027777777777778 0.13854166666666667 0.19444444444444445
1 0.809375 0.6722222222222223 0.09166666666666666 0.17430555555555555
1 0.5848958333333333 0.6895833333333333 0.09375 0.16597222222222222
1 0.5119791666666667 0.5763888888888888 0.0921875 0.14097222222222222
1 0.6088541666666667 0.5555555555555556 0.07083333333333333 0.1111111111111111
1 0.3770833333333333 0.5208333333333334 0.09739583333333333 0.12013888888888889
1 0.05364583333333333 0.4986111111111111 0.10729166666666666 0.1111111111111111
1 0.45729166666666665 0.40694444444444444 0.07239583333333334 0.08958333333333333
1 0.6072916666666667 0.4638888888888889 0.0640625 0.08541666666666667
1 0.8890625 0.5402777777777777 0.11302083333333333 0.08541666666666667
1 0.9296875 0.375 0.06927083333333334 0.059027777777777776
1 0.8833333333333333 0.3173611111111111 0.09635416666666667 0.059722222222222225
1 0.7901041666666667 0.40694444444444444 0.05 0.06944444444444445
1 0.7895833333333333 0.34791666666666665 0.052083333333333336 0.06388888888888888
1 0.5005208333333333 0.35138888888888886 0.05572916666666667 0.07222222222222222
1 0.5333333333333333 0.3125 0.034895833333333334 0.05555555555555555
1 0.5609375 0.2826388888888889 0.0484375 0.050694444444444445
1 0.58125 0.25555555555555554 0.0421875 0.04027777777777778
1 0.5947916666666667 0.23194444444444445 0.030729166666666665 0.03680555555555556
1 0.6265625 0.3055555555555556 0.042708333333333334 0.059722222222222225
1 0.6578125 0.24444444444444444 0.03125 0.04027777777777778
1 0.6927083333333334 0.2465277777777778 0.030208333333333334 0.04652777777777778
3 0.6203125 0.19305555555555556 0.0234375 0.030555555555555555
1 0.7015625 0.21597222222222223 0.0265625 0.025
1 0.7052083333333333 0.20694444444444443 0.019791666666666666 0.025
1 0.7677083333333333 0.28194444444444444 0.03125 0.041666666666666664
1 0.7734375 0.2569444444444444 0.030729166666666665 0.03888888888888889
1 0.7682291666666666 0.23194444444444445 0.03333333333333333 0.035416666666666666
1 0.7661458333333333 0.21666666666666667 0.025 0.03125
1 0.7630208333333334 0.20069444444444445 0.0234375 0.029861111111111113
1 0.7567708333333333 0.1736111111111111 0.0265625 0.025694444444444443
1 0.7614583333333333 0.15902777777777777 0.0359375 0.02638888888888889
1 0.6713541666666667 0.21597222222222223 0.027083333333333334 0.03333333333333333
1 0.6755208333333333 0.19722222222222222 0.021354166666666667 0.022916666666666665
1 0.6817708333333333 0.18125 0.0234375 0.02013888888888889
1 0.6833333333333333 0.16319444444444445 0.019270833333333334 0.01875
1 0.6776041666666667 0.15347222222222223 0.022395833333333334 0.022916666666666665
1 0.7041666666666667 0.16041666666666668 0.021354166666666667 0.022222222222222223
1 0.7333333333333333 0.14027777777777778 0.01875 0.02361111111111111