2 0.40260416666666665 0.75625 0.09791666666666667 0.24027777777777778
2 0.37135416666666665 0.7208333333333333 0.05260416666666667 0.10625
3 0.39427083333333335 0.6722222222222223 0.030208333333333334 0.06041666666666667
1 0.45208333333333334 0.6333333333333333 0.030208333333333334 0.043055555555555555
1 0.41510416666666666 0.6236111111111111 0.029166666666666667 0.04236111111111111
1 0.47291666666666665 0.5881944444444445 0.0234375 0.03680555555555556
1 0.44479166666666664 0.5763888888888888 0.025520833333333333 0.03611111111111111
1 0.48020833333333335 0.5493055555555556 0.022916666666666665 0.03819444444444445
3 0.4557291666666667 0.5430555555555555 0.021354166666666667 0.0375
1 0.49270833333333336 0.5243055555555556 0.020833333333333332 0.03125
1 0.46979166666666666 0.51875 0.019270833333333334 0.027777777777777776
2 0.46927083333333336 0.49375 0.021354166666666667 0.029861111111111113
3 0.4765625 0.47291666666666665 0.015625 0.027777777777777776
1 0.5 0.49166666666666664 0.019270833333333334 0.025
1 0.5078125 0.4673611111111111 0.016666666666666666 0.025
1 0.4890625 0.46111111111111114 0.018229166666666668 0.02361111111111111
0 0.51875 0.425 0.022916666666666665 0.050694444444444445
1 0.5296875 0.39375 0.011458333333333333 0.013888888888888888
2 0.49114583333333334 0.44027777777777777 0.019791666666666666 0.025
2 0.5020833333333333 0.4097222222222222 0.026041666666666668 0.04722222222222222
2 0.5114583333333333 0.38055555555555554 0.0203125 0.035416666666666666
2 0.51875 0.3597222222222222 0.016145833333333335 0.025
2 0.525 0.3451388888888889 0.011458333333333333 0.022222222222222223
2 0.5260416666666666 0.3326388888888889 0.013541666666666667 0.02638888888888889
1 0.5328125 0.33055555555555555 0.0067708333333333336 0.011805555555555555
2 0.5369791666666667 0.3104166666666667 0.0125 0.02361111111111111
2 0.5401041666666667 0.3 0.009375 0.016666666666666666
1 0.5588541666666667 0.2791666666666667 0.005729166666666666 0.006944444444444444
1 0.5489583333333333 0.29444444444444445 0.00625 0.007638888888888889
1 0.5515625 0.30694444444444446 0.00625 0.008333333333333333
1 0.5682291666666667 0.32083333333333336 0.0067708333333333336 0.007638888888888889
1 0.5744791666666667 0.27569444444444446 0.005729166666666666 0.006944444444444444
1 0.5838541666666667 0.2743055555555556 0.003125 0.005555555555555556
2 0.5838541666666667 0.25833333333333336 0.0067708333333333336 0.010416666666666666
1 0.5645833333333333 0.2548611111111111 0.0078125 0.004166666666666667
1 0.5927083333333333 0.25416666666666665 0.0036458333333333334 0.00625
1 0.571875 0.2534722222222222 0.0036458333333333334 0.005555555555555556
1 0.5708333333333333 0.25069444444444444 0.0036458333333333334 0.005555555555555556
2 0.578125 0.25069444444444444 0.005729166666666666 0.008333333333333333
2 0.58125 0.24305555555555555 0.0046875 0.011805555555555555
1 0.575 0.24583333333333332 0.004166666666666667 0.005555555555555556
1 0.5755208333333334 0.24166666666666667 0.003125 0.005555555555555556
1 0.5760416666666667 0.24097222222222223 0.003125 0.004166666666666667
1 0.5932291666666667 0.2361111111111111 0.003125 0.004861111111111111
1 0.5864583333333333 0.2298611111111111 0.003125 0.004861111111111111
1 0.5807291666666666 0.23125 0.0026041666666666665 0.003472222222222222
2 0.5859375 0.22013888888888888 0.003125 0.007638888888888889
1 0.6208333333333333 0.2972222222222222 0.0140625 0.008333333333333333
1 0.5984375 0.3611111111111111 0.024479166666666666 0.0125
1 0.625 0.3638888888888889 0.018229166666666668 0.009722222222222222
0 0.9541666666666667 0.3326388888888889 0.05416666666666667 0.01875
0 0.9401041666666666 0.3472222222222222 0.03333333333333333 0.02638888888888889
0 0.9645833333333333 0.3506944444444444 0.03802083333333333 0.02847222222222222
0 0.921875 0.3368055555555556 0.053125 0.022916666666666665