3 0.20052083333333334 0.9104166666666667 0.0890625 0.175
1 0.23697916666666666 0.7430555555555556 0.0765625 0.12638888888888888
1 0.2984375 0.5791666666666667 0.065625 0.12222222222222222
1 0.32760416666666664 0.48541666666666666 0.04010416666666667 0.07430555555555556
1 0.42239583333333336 0.2520833333333333 0.03333333333333333 0.05138888888888889
1 0.3723958333333333 0.3993055555555556 0.042708333333333334 0.06944444444444445
3 0.5927083333333333 0.9173611111111111 0.057291666666666664 0.16319444444444445
1 0.6973958333333333 0.9402777777777778 0.07864583333333333 0.11875
1 0.8697916666666666 0.7965277777777777 0.08854166666666667 0.1486111111111111
1 0.7651041666666667 0.8131944444444444 0.06927083333333334 0.15694444444444444
1 0.6723958333333333 0.7222222222222222 0.06197916666666667 0.1284722222222222
1 0.5958333333333333 0.7236111111111111 0.0515625 0.12986111111111112
1 0.5875 0.5881944444444445 0.04375 0.09652777777777778
1 0.6572916666666667 0.5645833333333333 0.050520833333333334 0.10069444444444445
1 0.7333333333333333 0.5777777777777777 0.05364583333333333 0.12013888888888889
1 0.8109375 0.6034722222222222 0.06666666666666667 0.1111111111111111
1 0.5901041666666667 0.4701388888888889 0.034895833333333334 0.07013888888888889
1 0.8239583333333333 0.3527777777777778 0.07083333333333333 0.06597222222222222
1 0.4546875 0.1638888888888889 0.036458333333333336 0.04027777777777778
1 0.40260416666666665 0.11041666666666666 0.0515625 0.02847222222222222
1 0.4166666666666667 0.08541666666666667 0.041666666666666664 0.01597222222222222
1 0.3385416666666667 0.13541666666666666 0.05260416666666667 0.02847222222222222
1 0.2791666666666667 0.12986111111111112 0.034895833333333334 0.018055555555555554
1 0.19375 0.13194444444444445 0.03854166666666667 0.025694444444444443
1 0.32135416666666666 0.10069444444444445 0.05 0.025694444444444443
1 0.11927083333333334 0.11458333333333333 0.05 0.022222222222222223
1 0.075 0.12777777777777777 0.05416666666666667 0.025694444444444443
1 0.2125 0.10902777777777778 0.04479166666666667 0.025694444444444443
1 0.24166666666666667 0.12708333333333333 0.03802083333333333 0.025694444444444443
1 0.47604166666666664 0.044444444444444446 0.019270833333333334 0.025694444444444443
1 0.4473958333333333 0.03333333333333333 0.030729166666666665 0.01875
1 0.53125 0.15416666666666667 0.04375 0.049305555555555554
1 0.6005208333333333 0.21805555555555556 0.05572916666666667 0.05694444444444444
1 0.790625 0.08541666666666667 0.057291666666666664 0.027777777777777776
0 0.7666666666666667 0.04027777777777778 0.06666666666666667 0.06736111111111111
1 0.7098958333333333 0.05277777777777778 0.020833333333333332 0.022222222222222223
1 0.6770833333333334 0.058333333333333334 0.027083333333333334 0.027777777777777776
1 0.6083333333333333 0.08194444444444444 0.0515625 0.02847222222222222
0 0.6651041666666667 0.030555555555555555 0.0390625 0.05555555555555555
1 0.6369791666666667 0.014583333333333334 0.03697916666666667 0.022222222222222223
1 0.8416666666666667 0.013194444444444444 0.034895833333333334 0.025
1 0.9041666666666667 0.06875 0.05364583333333333 0.02638888888888889
1 0.9765625 0.050694444444444445 0.04635416666666667 0.03125
1 0.8755208333333333 0.009027777777777777 0.034895833333333334 0.018055555555555554
1 0.9161458333333333 0.008333333333333333 0.036458333333333336 0.016666666666666666
1 0.9567708333333333 0.006944444444444444 0.03854166666666667 0.013888888888888888