1 0.6151041666666667 0.5430555555555555 0.036458333333333336 0.050694444444444445
1 0.6333333333333333 0.5034722222222222 0.029166666666666667 0.041666666666666664
1 0.6208333333333333 0.46458333333333335 0.030729166666666665 0.041666666666666664
1 0.9526041666666667 0.28125 0.027604166666666666 0.022222222222222223
1 0.9572916666666667 0.26319444444444445 0.024479166666666666 0.020833333333333332
1 0.9151041666666667 0.12986111111111112 0.01875 0.02013888888888889
1 0.88125 0.07222222222222222 0.019791666666666666 0.018055555555555554
1 0.8333333333333334 0.04652777777777778 0.022395833333333334 0.015277777777777777
1 0.8119791666666667 0.034027777777777775 0.0171875 0.01597222222222222
1 0.796875 0.025694444444444443 0.017708333333333333 0.01875
1 0.7765625 0.018055555555555554 0.016666666666666666 0.017361111111111112
3 0.7614583333333333 0.008333333333333333 0.0140625 0.015277777777777777
3 0.7479166666666667 0.005555555555555556 0.013020833333333334 0.010416666666666666