1 0.4046875 0.38333333333333336 0.009375 0.010416666666666666
3 0.4036458333333333 0.3736111111111111 0.0067708333333333336 0.009722222222222222
3 0.40677083333333336 0.36875 0.00625 0.009027777777777777
3 0.40572916666666664 0.3590277777777778 0.008333333333333333 0.015277777777777777
1 0.3958333333333333 0.35625 0.010416666666666666 0.00625
1 0.3723958333333333 0.3548611111111111 0.013020833333333334 0.006944444444444444
2 0.4203125 0.37569444444444444 0.009895833333333333 0.01875
1 0.4166666666666667 0.3590277777777778 0.00625 0.00625
2 0.4166666666666667 0.36666666666666664 0.0067708333333333336 0.011805555555555555
1 0.42135416666666664 0.44375 0.0140625 0.017361111111111112
1 0.4005208333333333 0.47638888888888886 0.016666666666666666 0.025
3 0.05572916666666667 0.8194444444444444 0.1046875 0.08958333333333333
1 0.5875 0.8583333333333333 0.103125 0.09861111111111111
1 0.7692708333333333 0.7472222222222222 0.09739583333333333 0.05763888888888889
1 0.8015625 0.9597222222222223 0.06927083333333334 0.0798611111111111