1 0.059375 0.5826388888888889 0.015625 0.022916666666666665
1 0.07447916666666667 0.7131944444444445 0.015104166666666667 0.02013888888888889
1 0.05520833333333333 0.7375 0.01875 0.022916666666666665
1 0.06979166666666667 0.7916666666666666 0.019791666666666666 0.022916666666666665
3 0.10729166666666666 0.7722222222222223 0.025520833333333333 0.01875
3 0.09739583333333333 0.9416666666666667 0.0140625 0.035416666666666666
1 0.11875 0.9798611111111111 0.029166666666666667 0.022916666666666665
3 0.15989583333333332 0.8166666666666667 0.022916666666666665 0.021527777777777778
1 0.1625 0.7979166666666667 0.019270833333333334 0.018055555555555554
3 0.19791666666666666 0.7888888888888889 0.025520833333333333 0.021527777777777778
1 0.20520833333333333 0.7534722222222222 0.0265625 0.018055555555555554
3 0.21302083333333333 0.9375 0.013541666666666667 0.03194444444444444
1 0.265625 0.7340277777777777 0.022916666666666665 0.021527777777777778
1 0.2677083333333333 0.7506944444444444 0.021354166666666667 0.01875
1 0.2635416666666667 0.7694444444444445 0.01875 0.01875
3 0.2515625 0.8277777777777777 0.0265625 0.024305555555555556
1 0.25833333333333336 0.9916666666666667 0.029166666666666667 0.013888888888888888
0 0.2786458333333333 0.8638888888888889 0.0671875 0.043055555555555555
1 0.4354166666666667 0.9902777777777778 0.009375 0.016666666666666666
3 0.5390625 0.9736111111111111 0.013020833333333334 0.035416666666666666
1 0.5135416666666667 0.8340277777777778 0.008333333333333333 0.022916666666666665
1 0.4322916666666667 0.9090277777777778 0.009895833333333333 0.034027777777777775
1 0.43333333333333335 0.9548611111111112 0.0109375 0.03680555555555556
1 0.44947916666666665 0.9597222222222223 0.009895833333333333 0.035416666666666666
1 0.4515625 0.7902777777777777 0.009375 0.03194444444444444
1 0.4348958333333333 0.7784722222222222 0.008333333333333333 0.024305555555555556
0 0.43385416666666665 0.8319444444444445 0.013541666666666667 0.09513888888888888
0 0.45260416666666664 0.7166666666666667 0.009375 0.043055555555555555
0 0.4401041666666667 0.6993055555555555 0.013020833333333334 0.06319444444444444
3 0.4375 0.7513888888888889 0.0078125 0.025694444444444443
3 0.41510416666666666 0.7076388888888889 0.011458333333333333 0.02638888888888889
1 0.45416666666666666 0.6861111111111111 0.0078125 0.024305555555555556
1 0.45729166666666665 0.6458333333333334 0.007291666666666667 0.022916666666666665
1 0.4432291666666667 0.6652777777777777 0.0078125 0.02013888888888889
1 0.42239583333333336 0.6763888888888889 0.009895833333333333 0.022916666666666665
1 0.42604166666666665 0.6520833333333333 0.009375 0.022916666666666665
1 0.4473958333333333 0.6326388888888889 0.008333333333333333 0.021527777777777778
3 0.46197916666666666 0.5868055555555556 0.007291666666666667 0.01875
3 0.43333333333333335 0.5951388888888889 0.007291666666666667 0.018055555555555554
0 0.44895833333333335 0.5847222222222223 0.011979166666666667 0.06319444444444444
0 0.43020833333333336 0.6180555555555556 0.011458333333333333 0.03819444444444445
0 0.459375 0.6083333333333333 0.008333333333333333 0.034027777777777775
0 0.47708333333333336 0.5895833333333333 0.013020833333333334 0.06736111111111111
1 0.496875 0.5326388888888889 0.0078125 0.01875
1 0.4796875 0.5409722222222222 0.00625 0.01875
0 0.4479166666666667 0.4875 0.027083333333333334 0.04791666666666667
0 0.5072916666666667 0.3451388888888889 0.009375 0.04583333333333333
0 0.45625 0.42291666666666666 0.0109375 0.049305555555555554
0 0.5052083333333334 0.4284722222222222 0.011458333333333333 0.052083333333333336
0 0.47552083333333334 0.34930555555555554 0.007291666666666667 0.021527777777777778
0 0.4671875 0.5111111111111111 0.007291666666666667 0.03194444444444444
3 0.45625 0.5152777777777777 0.009895833333333333 0.02013888888888889
3 0.4703125 0.4888888888888889 0.00625 0.018055555555555554
1 0.45677083333333335 0.4965277777777778 0.009375 0.018055555555555554
1 0.45677083333333335 0.4597222222222222 0.005208333333333333 0.016666666666666666
1 0.4640625 0.4583333333333333 0.007291666666666667 0.015277777777777777
3 0.47239583333333335 0.4708333333333333 0.00625 0.015277777777777777
2 0.48802083333333335 0.4527777777777778 0.0078125 0.03333333333333333
1 0.49322916666666666 0.4236111111111111 0.00625 0.015277777777777777
3 0.4661458333333333 0.35694444444444445 0.00625 0.013888888888888888
3 0.46875 0.3416666666666667 0.005208333333333333 0.011111111111111112
3 0.4765625 0.42916666666666664 0.00625 0.018055555555555554
3 0.4786458333333333 0.4111111111111111 0.007291666666666667 0.018055555555555554
1 0.4744791666666667 0.45 0.00625 0.013888888888888888
1 0.46770833333333334 0.44027777777777777 0.005208333333333333 0.0125
1 0.4666666666666667 0.4270833333333333 0.00625 0.011111111111111112
1 0.46875 0.4076388888888889 0.00625 0.015277777777777777
1 0.46510416666666665 0.3902777777777778 0.005729166666666666 0.013888888888888888
1 0.4640625 0.37569444444444444 0.005208333333333333 0.010416666666666666
1 0.4744791666666667 0.36875 0.005729166666666666 0.013888888888888888
1 0.4786458333333333 0.3229166666666667 0.005729166666666666 0.009027777777777777
0 0.4703125 0.32222222222222224 0.00625 0.022916666666666665
1 0.47291666666666665 0.3861111111111111 0.005729166666666666 0.013888888888888888
1 0.48020833333333335 0.3923611111111111 0.00625 0.0125
1 0.49270833333333336 0.39444444444444443 0.005729166666666666 0.015277777777777777
2 0.4822916666666667 0.3680555555555556 0.008333333333333333 0.025694444444444443
1 0.5 0.3298611111111111 0.005729166666666666 0.0125
1 0.484375 0.3541666666666667 0.005729166666666666 0.0125
3 0.47760416666666666 0.3368055555555556 0.005208333333333333 0.013888888888888888
3 0.4859375 0.3368055555555556 0.005729166666666666 0.013888888888888888
1 0.4869791666666667 0.325 0.005729166666666666 0.010416666666666666
3 0.5020833333333333 0.30486111111111114 0.004166666666666667 0.015277777777777777
3 0.5083333333333333 0.32013888888888886 0.005729166666666666 0.011111111111111112
3 0.5104166666666666 0.2965277777777778 0.005208333333333333 0.013888888888888888
1 0.4984375 0.28055555555555556 0.007291666666666667 0.0125
1 0.47552083333333334 0.26458333333333334 0.009375 0.011111111111111112
1 0.5265625 0.25555555555555554 0.011458333333333333 0.009027777777777777
3 0.4244791666666667 0.2534722222222222 0.011979166666666667 0.009027777777777777
3 0.4234375 0.24444444444444444 0.009895833333333333 0.00625
3 0.44375 0.25833333333333336 0.009895833333333333 0.011111111111111112
3 0.46875 0.24027777777777778 0.0078125 0.009027777777777777
1 0.5880208333333333 0.2708333333333333 0.0109375 0.011111111111111112
1 0.5875 0.2881944444444444 0.0109375 0.010416666666666666
1 0.5713541666666667 0.2923611111111111 0.011458333333333333 0.011111111111111112
1 0.5885416666666666 0.28402777777777777 0.011458333333333333 0.010416666666666666
1 0.5109375 0.21666666666666667 0.005208333333333333 0.011111111111111112
3 0.5052083333333334 0.21458333333333332 0.0026041666666666665 0.010416666666666666
1 0.50625 0.20347222222222222 0.0036458333333333334 0.011111111111111112
1 0.5119791666666667 0.20555555555555555 0.0036458333333333334 0.010416666666666666
1 0.7229166666666667 0.30416666666666664 0.011458333333333333 0.011111111111111112