3 0.2869791666666667 0.8930555555555556 0.084375 0.20555555555555555
0 0.4890625 0.30486111111111114 0.0734375 0.2263888888888889
1 0.6645833333333333 0.31319444444444444 0.04375 0.0763888888888889
0 0.5119791666666667 0.11875 0.05 0.15833333333333333
1 0.47291666666666665 0.02361111111111111 0.025520833333333333 0.041666666666666664
3 0.7083333333333334 0.21805555555555556 0.04479166666666667 0.06666666666666667
3 0.8333333333333334 0.22569444444444445 0.08072916666666667 0.05694444444444444
2 0.70625 0.075 0.036458333333333336 0.06736111111111111
1 0.6619791666666667 0.8166666666666667 0.06354166666666666 0.1763888888888889
1 0.9651041666666667 0.375 0.06979166666666667 0.059722222222222225
1 0.9520833333333333 0.3333333333333333 0.09583333333333334 0.05694444444444444
1 0.8677083333333333 0.19444444444444445 0.08802083333333334 0.05625
1 0.8229166666666666 0.16041666666666668 0.07552083333333333 0.05416666666666667
1 0.7484375 0.12638888888888888 0.0328125 0.04861111111111111
1 0.8401041666666667 0.13541666666666666 0.0765625 0.04375
1 0.8098958333333334 0.11319444444444444 0.065625 0.044444444444444446
1 0.7973958333333333 0.0763888888888889 0.042708333333333334 0.05347222222222222
1 0.875 0.011111111111111112 0.027083333333333334 0.022222222222222223
1 0.9223958333333333 0.7791666666666667 0.10416666666666667 0.1736111111111111
1 0.9729166666666667 0.7736111111111111 0.05416666666666667 0.16111111111111112
1 0.9244791666666666 0.6013888888888889 0.08125 0.13055555555555556
1 0.9192708333333334 0.49375 0.12447916666666667 0.07152777777777777
3 0.8645833333333334 0.6020833333333333 0.0921875 0.15069444444444444