1 0.3020833333333333 0.9291666666666667 0.057291666666666664 0.14166666666666666
1 0.328125 0.7479166666666667 0.052083333333333336 0.13541666666666666
1 0.2708333333333333 0.5104166666666666 0.08645833333333333 0.06319444444444444
1 0.5177083333333333 0.34097222222222223 0.0390625 0.11041666666666666
1 0.45989583333333334 0.3145833333333333 0.0390625 0.10833333333333334
1 0.4166666666666667 0.15069444444444444 0.03854166666666667 0.1
1 0.38333333333333336 0.12222222222222222 0.03697916666666667 0.09305555555555556
1 0.7515625 0.9402777777777778 0.04635416666666667 0.11875
1 0.7296875 0.5993055555555555 0.04635416666666667 0.12361111111111112
1 0.7286458333333333 0.43333333333333335 0.04010416666666667 0.10833333333333334
1 0.7234375 0.30069444444444443 0.0359375 0.09166666666666666
1 0.7203125 0.17916666666666667 0.03802083333333333 0.10069444444444445
1 0.7171875 0.06736111111111111 0.0359375 0.08680555555555555
3 0.6244791666666667 0.03125 0.03125 0.06180555555555556
1 0.39375 0.02847222222222222 0.03333333333333333 0.05694444444444444
1 0.3572916666666667 0.03194444444444444 0.03125 0.06388888888888888