1 0.7416666666666667 0.4666666666666667 0.06302083333333333 0.03819444444444445
1 0.17916666666666667 0.44027777777777777 0.059375 0.043055555555555555
1 0.1859375 0.16527777777777777 0.0578125 0.04722222222222222
1 0.7359375 0.11805555555555555 0.0578125 0.04791666666666667
1 0.6619791666666667 0.5659722222222222 0.0609375 0.07083333333333333
1 0.5796875 0.7340277777777777 0.04479166666666667 0.11527777777777778
3 0.6130208333333333 0.5055555555555555 0.059895833333333336 0.07013888888888889
3 0.69375 0.8347222222222223 0.03802083333333333 0.13333333333333333
3 0.809375 0.28402777777777777 0.07447916666666667 0.05555555555555555
0 0.31302083333333336 0.4666666666666667 0.16197916666666667 0.10277777777777777
0 0.9489583333333333 0.45625 0.10208333333333333 0.07361111111111111
1 0.9921875 0.22708333333333333 0.015625 0.04861111111111111
1 0.7921875 0.5131944444444444 0.06875 0.044444444444444446
1 0.39947916666666666 0.4284722222222222 0.05572916666666667 0.041666666666666664