1 0.17239583333333333 0.6604166666666667 0.0265625 0.044444444444444446
1 0.5385416666666667 0.009027777777777777 0.007291666666666667 0.0125
1 0.5369791666666667 0.03958333333333333 0.008333333333333333 0.010416666666666666
1 0.5364583333333334 0.18888888888888888 0.015625 0.022222222222222223
1 0.48385416666666664 0.1625 0.029166666666666667 0.01597222222222222
1 0.4484375 0.225 0.0265625 0.015277777777777777
1 0.5369791666666667 0.07847222222222222 0.009895833333333333 0.014583333333333334
1 0.5369791666666667 0.1284722222222222 0.011979166666666667 0.015277777777777777
1 0.5369791666666667 0.15555555555555556 0.009375 0.01597222222222222
0 0.5359375 0.22361111111111112 0.011979166666666667 0.01875
0 0.5359375 0.24166666666666667 0.013541666666666667 0.022222222222222223
1 0.48333333333333334 0.1701388888888889 0.028645833333333332 0.01597222222222222
1 0.48333333333333334 0.1909722222222222 0.03125 0.014583333333333334
1 0.44947916666666665 0.23680555555555555 0.029166666666666667 0.017361111111111112
1 0.5369791666666667 0.2638888888888889 0.015104166666666667 0.025
1 0.46770833333333334 0.30069444444444443 0.03802083333333333 0.022916666666666665
1 0.45416666666666666 0.46458333333333335 0.0078125 0.01875
1 0.4630208333333333 0.36736111111111114 0.008333333333333333 0.022916666666666665
1 0.5510416666666667 0.5055555555555555 0.017708333333333333 0.029861111111111113
1 0.5432291666666667 0.46111111111111114 0.015104166666666667 0.022916666666666665
1 0.6 0.7805555555555556 0.04583333333333333 0.08680555555555555
1 0.68125 0.6611111111111111 0.03333333333333333 0.08125
1 0.6640625 0.5555555555555556 0.025520833333333333 0.05555555555555555
1 0.6526041666666667 0.4951388888888889 0.024479166666666666 0.049305555555555554
1 0.6432291666666666 0.44375 0.0234375 0.04375
1 0.6869791666666667 0.3541666666666667 0.022395833333333334 0.030555555555555555
1 0.6359375 0.15833333333333333 0.013020833333333334 0.02013888888888889
3 0.7333333333333333 0.2652777777777778 0.019270833333333334 0.027777777777777776
1 0.7098958333333333 0.2048611111111111 0.016666666666666666 0.01875
1 0.7182291666666667 0.22708333333333333 0.015104166666666667 0.018055555555555554
1 0.7041666666666667 0.18263888888888888 0.013541666666666667 0.01875
3 0.6713541666666667 0.09166666666666666 0.009895833333333333 0.020833333333333332
1 0.653125 0.04791666666666667 0.0078125 0.014583333333333334
1 0.6473958333333333 0.03263888888888889 0.0109375 0.009722222222222222
1 0.6416666666666667 0.014583333333333334 0.008333333333333333 0.0125
1 0.7015625 0.0875 0.013020833333333334 0.017361111111111112
3 0.7932291666666667 0.24375 0.029166666666666667 0.022916666666666665