1 0.6015625 0.6847222222222222 0.07916666666666666 0.1875
1 0.4765625 0.5722222222222222 0.06041666666666667 0.12430555555555556
1 0.39479166666666665 0.5916666666666667 0.05625 0.13472222222222222
1 0.6911458333333333 0.5576388888888889 0.07135416666666666 0.14444444444444443
3 0.7484375 0.5375 0.075 0.1326388888888889
3 0.8625 0.8986111111111111 0.1453125 0.20277777777777778
3 0.7552083333333334 0.94375 0.09375 0.1125
1 0.6822916666666666 0.42986111111111114 0.08177083333333333 0.09166666666666666
1 0.6458333333333334 0.35833333333333334 0.07916666666666666 0.09444444444444444
3 0.584375 0.3111111111111111 0.07447916666666667 0.08541666666666667
3 0.5255208333333333 0.4527777777777778 0.051041666666666666 0.12083333333333333
1 0.43125 0.40208333333333335 0.10416666666666667 0.07083333333333333
1 0.3796875 0.3645833333333333 0.1046875 0.05763888888888889
1 0.3734375 0.32708333333333334 0.09739583333333333 0.04583333333333333
1 0.3802083333333333 0.28680555555555554 0.09635416666666667 0.05
1 0.39375 0.24305555555555555 0.0890625 0.058333333333333334
1 0.3776041666666667 0.22291666666666668 0.08333333333333333 0.04791666666666667
2 0.4671875 0.25763888888888886 0.04583333333333333 0.09097222222222222
1 0.43802083333333336 0.1736111111111111 0.06822916666666666 0.058333333333333334
1 0.38125 0.15069444444444444 0.06979166666666667 0.04791666666666667
1 0.434375 0.13402777777777777 0.06354166666666666 0.04097222222222222
3 0.5921875 0.10972222222222222 0.043229166666666666 0.05138888888888889
1 0.803125 0.10902777777777778 0.0375 0.04791666666666667
1 0.9822916666666667 0.32569444444444445 0.034895833333333334 0.05486111111111111
3 0.9755208333333333 0.2638888888888889 0.04895833333333333 0.06111111111111111
1 0.9510416666666667 0.19027777777777777 0.033854166666666664 0.05416666666666667
1 0.990625 0.19305555555555556 0.01875 0.04097222222222222
3 0.5619791666666667 0.05763888888888889 0.046875 0.03888888888888889
1 0.55 0.04513888888888889 0.0390625 0.029166666666666667
3 0.5776041666666667 0.016666666666666666 0.059375 0.03333333333333333
3 0.45208333333333334 0.030555555555555555 0.022395833333333334 0.04861111111111111
2 0.421875 0.0798611111111111 0.05520833333333333 0.04027777777777778
2 0.40572916666666664 0.45625 0.16822916666666668 0.10416666666666667
1 0.734375 0.05347222222222222 0.027604166666666666 0.035416666666666666