1 0.253125 0.8 0.06041666666666667 0.10347222222222222
1 0.29635416666666664 0.7131944444444445 0.05364583333333333 0.08055555555555556
1 0.41041666666666665 0.6916666666666667 0.04375 0.06666666666666667
1 0.3880208333333333 0.7833333333333333 0.05260416666666667 0.08611111111111111
1 0.32916666666666666 0.9743055555555555 0.058333333333333334 0.05138888888888889
1 0.45260416666666664 0.6201388888888889 0.06666666666666667 0.04097222222222222
1 0.475 0.5708333333333333 0.057291666666666664 0.035416666666666666
1 0.5572916666666666 0.5319444444444444 0.0265625 0.04097222222222222
1 0.6192708333333333 0.5618055555555556 0.020833333333333332 0.03333333333333333
1 0.45989583333333334 0.4263888888888889 0.019791666666666666 0.022222222222222223
1 0.4244791666666667 0.47291666666666665 0.025520833333333333 0.03333333333333333
1 0.4083333333333333 0.4986111111111111 0.027083333333333334 0.035416666666666666
3 0.49895833333333334 0.44513888888888886 0.021875 0.027777777777777776
1 0.48854166666666665 0.475 0.0234375 0.027777777777777776
1 0.48125 0.49930555555555556 0.024479166666666666 0.029166666666666667
1 0.6067708333333334 0.24930555555555556 0.00625 0.008333333333333333
1 0.5869791666666667 0.275 0.010416666666666666 0.009027777777777777
1 0.5895833333333333 0.2701388888888889 0.00625 0.004861111111111111
1 0.60625 0.2701388888888889 0.007291666666666667 0.009027777777777777
1 0.6161458333333333 0.25972222222222224 0.007291666666666667 0.008333333333333333
1 0.6166666666666667 0.2652777777777778 0.0078125 0.008333333333333333
1 0.625 0.26666666666666666 0.0125 0.007638888888888889
1 0.5822916666666667 0.33125 0.025520833333333333 0.013194444444444444
1 0.5723958333333333 0.3423611111111111 0.022395833333333334 0.010416666666666666
1 0.5828125 0.3423611111111111 0.025520833333333333 0.015277777777777777
1 0.58125 0.35 0.028645833333333332 0.014583333333333334
1 0.5703125 0.35625 0.03177083333333333 0.010416666666666666
1 0.19010416666666666 0.48541666666666666 0.035416666666666666 0.030555555555555555
1 0.64375 0.20208333333333334 0.008333333333333333 0.004166666666666667
1 0.6661458333333333 0.20069444444444445 0.00625 0.004166666666666667