3 0.3416666666666667 0.025 0.07916666666666666 0.04861111111111111
3 0.48541666666666666 0.050694444444444445 0.03229166666666667 0.10069444444444445
1 0.44583333333333336 0.06319444444444444 0.034895833333333334 0.10486111111111111
1 0.3453125 0.075 0.075 0.04791666666666667
3 0.3463541666666667 0.11736111111111111 0.0671875 0.05138888888888889
1 0.3338541666666667 0.17430555555555555 0.0765625 0.049305555555555554
1 0.4864583333333333 0.16597222222222222 0.0359375 0.1125
1 0.6463541666666667 0.06458333333333334 0.034375 0.07708333333333334
1 0.65 0.17916666666666667 0.0359375 0.09722222222222222
1 0.6552083333333333 0.29930555555555555 0.03333333333333333 0.10069444444444445
3 0.6552083333333333 0.41597222222222224 0.03697916666666667 0.10069444444444445
1 0.6604166666666667 0.5368055555555555 0.036458333333333336 0.10972222222222222
1 0.665625 0.6736111111111112 0.03697916666666667 0.1125
1 0.675 0.9465277777777777 0.042708333333333334 0.10555555555555556
1 0.4875 0.9784722222222222 0.040625 0.04097222222222222
1 0.4895833333333333 0.8756944444444444 0.03802083333333333 0.13055555555555556
1 0.32760416666666664 0.9305555555555556 0.09166666666666666 0.06111111111111111
1 0.4864583333333333 0.6944444444444444 0.041666666666666664 0.125
1 0.44375 0.5840277777777778 0.034895833333333334 0.11041666666666666
1 0.4890625 0.5465277777777777 0.036458333333333336 0.1125
1 0.4895833333333333 0.2965277777777778 0.03229166666666667 0.10069444444444445
3 0.33125 0.4263888888888889 0.07552083333333333 0.043055555555555555
1 0.3380208333333333 0.49166666666666664 0.0890625 0.05138888888888889