1 0.43385416666666665 0.7611111111111111 0.030729166666666665 0.10138888888888889
1 0.4427083333333333 0.6409722222222223 0.027604166666666666 0.0763888888888889
1 0.5083333333333333 0.3416666666666667 0.0171875 0.044444444444444446
1 0.5078125 0.29097222222222224 0.0171875 0.034027777777777775
1 0.5083333333333333 0.2569444444444444 0.016666666666666666 0.03680555555555556
1 0.4734375 0.07708333333333334 0.011979166666666667 0.025694444444444443
1 0.5130208333333334 0.8222222222222222 0.025520833333333333 0.09375
1 0.46197916666666666 0.2923611111111111 0.016666666666666666 0.03958333333333333
1 0.5114583333333333 0.5430555555555555 0.022916666666666665 0.06597222222222222
1 0.5098958333333333 0.6236111111111111 0.021354166666666667 0.06458333333333334
1 0.5130208333333334 0.70625 0.0234375 0.07708333333333334
1 0.45625 0.40347222222222223 0.019270833333333334 0.04791666666666667
1 0.459375 0.33055555555555555 0.015625 0.04722222222222222
1 0.4713541666666667 0.13472222222222222 0.009895833333333333 0.027777777777777776
1 0.4901041666666667 0.14097222222222222 0.011458333333333333 0.043055555555555555
1 0.496875 0.022222222222222223 0.0109375 0.024305555555555556
3 0.446875 0.5625 0.025 0.06736111111111111
3 0.42916666666666664 0.9180555555555555 0.0328125 0.12083333333333333
3 0.5109375 0.46805555555555556 0.017708333333333333 0.06111111111111111
3 0.465625 0.25 0.015625 0.035416666666666666
3 0.46770833333333334 0.19722222222222222 0.013020833333333334 0.02638888888888889
1 0.5078125 0.22708333333333333 0.0140625 0.035416666666666666
1 0.50625 0.16875 0.013020833333333334 0.035416666666666666
1 0.5140625 0.9423611111111111 0.030729166666666665 0.11319444444444444
3 0.45260416666666664 0.45625 0.020833333333333332 0.04722222222222222
3 0.5083333333333333 0.4166666666666667 0.019270833333333334 0.04722222222222222