1 0.45989583333333334 0.7416666666666667 0.18854166666666666 0.14097222222222222
1 0.12447916666666667 0.6416666666666667 0.07760416666666667 0.18263888888888888
1 0.278125 0.5583333333333333 0.0734375 0.13680555555555557
1 0.9640625 0.6826388888888889 0.07135416666666666 0.11875
1 0.83125 0.7173611111111111 0.1734375 0.1361111111111111
1 0.9677083333333333 0.31180555555555556 0.0640625 0.1326388888888889
1 0.9255208333333333 0.32430555555555557 0.09791666666666667 0.1361111111111111
1 0.8072916666666666 0.30694444444444446 0.0859375 0.12986111111111112
3 0.7473958333333334 0.26805555555555555 0.08333333333333333 0.12638888888888888
3 0.48802083333333335 0.5673611111111111 0.16510416666666666 0.11805555555555555
3 0.44479166666666664 0.36875 0.125 0.10833333333333334
3 0.396875 0.3173611111111111 0.1109375 0.12222222222222222
3 0.26510416666666664 0.39305555555555555 0.0734375 0.16597222222222222
1 0.5416666666666666 0.17083333333333334 0.08229166666666667 0.09791666666666667
1 0.4973958333333333 0.16041666666666668 0.08333333333333333 0.09444444444444444
1 0.4671875 0.1326388888888889 0.0828125 0.07361111111111111
1 0.20364583333333333 0.17430555555555555 0.06145833333333333 0.07430555555555556
3 0.29375 0.19791666666666666 0.0578125 0.10972222222222222
1 0.3078125 0.125 0.044270833333333336 0.06388888888888888
1 0.31875 0.043055555555555555 0.03802083333333333 0.06319444444444444
1 0.029166666666666667 0.36180555555555555 0.057291666666666664 0.12986111111111112
1 0.05572916666666667 0.24861111111111112 0.0828125 0.10694444444444444
1 0.1046875 0.15833333333333333 0.06197916666666667 0.08263888888888889
1 0.13697916666666668 0.08402777777777778 0.05520833333333333 0.07430555555555556
1 0.22447916666666667 0.020833333333333332 0.04375 0.04027777777777778
1 0.3338541666666667 0.013194444444444444 0.030729166666666665 0.025694444444444443