2 0.6526041666666667 0.035416666666666666 0.00625 0.009722222222222222
2 0.6151041666666667 0.07708333333333334 0.007291666666666667 0.011111111111111112
2 0.5630208333333333 0.13541666666666666 0.009895833333333333 0.018055555555555554
2 0.5614583333333333 0.16041666666666668 0.007291666666666667 0.01597222222222222
2 0.6244791666666667 0.06736111111111111 0.00625 0.010416666666666666
2 0.5953125 0.08888888888888889 0.005208333333333333 0.008333333333333333
2 0.5276041666666667 0.3138888888888889 0.005729166666666666 0.01597222222222222
2 0.5244791666666667 0.34097222222222223 0.009895833333333333 0.02847222222222222
0 0.5109375 0.4097222222222222 0.0109375 0.03263888888888889
2 0.47760416666666666 0.64375 0.019791666666666666 0.08402777777777778
2 0.7010416666666667 0.3111111111111111 0.0234375 0.014583333333333334
2 0.7307291666666667 0.28055555555555556 0.024479166666666666 0.01597222222222222
2 0.7145833333333333 0.25763888888888886 0.03229166666666667 0.027777777777777776
1 0.4947916666666667 0.5854166666666667 0.008333333333333333 0.020833333333333332
1 0.5036458333333333 0.5159722222222223 0.008333333333333333 0.017361111111111112
1 0.5109375 0.4638888888888889 0.008333333333333333 0.017361111111111112
1 0.5010416666666667 0.31180555555555556 0.0109375 0.008333333333333333
1 0.5020833333333333 0.30694444444444446 0.008333333333333333 0.006944444444444444
1 0.5015625 0.3020833333333333 0.008333333333333333 0.006944444444444444
1 0.5036458333333333 0.2986111111111111 0.009895833333333333 0.006944444444444444
1 0.5041666666666667 0.29375 0.009895833333333333 0.008333333333333333
1 0.5036458333333333 0.28958333333333336 0.009895833333333333 0.005555555555555556
1 0.5041666666666667 0.2826388888888889 0.008333333333333333 0.005555555555555556
1 0.5046875 0.27847222222222223 0.0078125 0.006944444444444444
1 0.5088541666666667 0.24861111111111112 0.009375 0.007638888888888889
1 0.5104166666666666 0.24097222222222223 0.009375 0.007638888888888889
1 0.5109375 0.23819444444444443 0.008333333333333333 0.005555555555555556
1 0.5114583333333333 0.23472222222222222 0.008333333333333333 0.004861111111111111
1 0.5114583333333333 0.23055555555555557 0.009895833333333333 0.005555555555555556
1 0.5109375 0.2263888888888889 0.009895833333333333 0.007638888888888889
1 0.5130208333333334 0.2222222222222222 0.007291666666666667 0.006944444444444444
1 0.5786458333333333 0.11458333333333333 0.004166666666666667 0.005555555555555556
1 0.5869791666666667 0.09166666666666666 0.004166666666666667 0.008333333333333333
1 0.6369791666666667 0.052083333333333336 0.0026041666666666665 0.004861111111111111
1 0.6432291666666666 0.044444444444444446 0.0036458333333333334 0.004861111111111111
1 0.6739583333333333 0.25555555555555554 0.005208333333333333 0.007638888888888889
1 0.6848958333333334 0.25555555555555554 0.007291666666666667 0.007638888888888889
2 0.6005208333333333 0.31875 0.011979166666666667 0.009722222222222222
1 0.621875 0.3263888888888889 0.005208333333333333 0.010416666666666666
1 0.628125 0.3277777777777778 0.005208333333333333 0.008333333333333333
1 0.634375 0.3277777777777778 0.004166666666666667 0.009722222222222222
1 0.6416666666666667 0.32916666666666666 0.005729166666666666 0.0125
1 0.6479166666666667 0.3298611111111111 0.005729166666666666 0.011111111111111112
1 0.6552083333333333 0.3298611111111111 0.00625 0.0125
1 0.6609375 0.33055555555555555 0.005208333333333333 0.011111111111111112
1 0.6677083333333333 0.33055555555555555 0.005208333333333333 0.009722222222222222
1 0.184375 0.8916666666666667 0.01875 0.034027777777777775