3 0.3333333333333333 0.3736111111111111 0.03697916666666667 0.049305555555555554
1 0.46927083333333336 0.4027777777777778 0.034375 0.04583333333333333
1 0.46979166666666666 0.35694444444444445 0.030729166666666665 0.041666666666666664
1 0.48072916666666665 0.3263888888888889 0.024479166666666666 0.03125
1 0.48541666666666666 0.3020833333333333 0.022395833333333334 0.027777777777777776
1 0.49375 0.2798611111111111 0.021354166666666667 0.02638888888888889
1 0.496875 0.26875 0.017708333333333333 0.027777777777777776
0 0.4984375 0.24305555555555555 0.025 0.04791666666666667
0 0.48541666666666666 0.20208333333333334 0.0078125 0.010416666666666666
1 0.8994791666666667 0.5604166666666667 0.14427083333333332 0.075
1 0.9671875 0.3951388888888889 0.065625 0.05138888888888889
1 0.9494791666666667 0.38819444444444445 0.07239583333333334 0.043055555555555555
1 0.928125 0.37222222222222223 0.08489583333333334 0.04652777777777778
3 0.9130208333333333 0.35625 0.0734375 0.04791666666666667
1 0.8890625 0.35 0.06354166666666666 0.03125
1 0.8791666666666667 0.33958333333333335 0.0609375 0.03333333333333333
1 0.8619791666666666 0.3277777777777778 0.065625 0.03125
1 0.8432291666666667 0.31875 0.05625 0.025694444444444443
1 0.8364583333333333 0.3090277777777778 0.05260416666666667 0.025694444444444443
0 0.6515625 0.27361111111111114 0.04010416666666667 0.059027777777777776
1 0.7557291666666667 0.33402777777777776 0.04010416666666667 0.03611111111111111
1 0.5364583333333334 0.17777777777777778 0.007291666666666667 0.009722222222222222
1 0.5380208333333333 0.17569444444444443 0.005729166666666666 0.008333333333333333
1 0.5385416666666667 0.1736111111111111 0.007291666666666667 0.008333333333333333
1 0.5458333333333333 0.1798611111111111 0.0078125 0.007638888888888889
0 0.5770833333333333 0.16944444444444445 0.009895833333333333 0.015277777777777777
1 0.5375 0.15347222222222223 0.0036458333333333334 0.004861111111111111
1 0.5380208333333333 0.16458333333333333 0.005729166666666666 0.004861111111111111
1 0.5302083333333333 0.16527777777777777 0.005208333333333333 0.004861111111111111
1 0.5333333333333333 0.16319444444444445 0.0036458333333333334 0.005555555555555556
1 0.5572916666666666 0.18611111111111112 0.007291666666666667 0.008333333333333333
1 0.5692708333333333 0.18541666666666667 0.005729166666666666 0.007638888888888889
1 0.5640625 0.20902777777777778 0.011458333333333333 0.0125
1 0.5333333333333333 0.15833333333333333 0.004166666666666667 0.003472222222222222
1 0.5223958333333333 0.16597222222222222 0.005208333333333333 0.004861111111111111
1 0.5255208333333333 0.16319444444444445 0.005208333333333333 0.004861111111111111
1 0.5276041666666667 0.16111111111111112 0.005729166666666666 0.005555555555555556
1 0.5286458333333334 0.15763888888888888 0.004166666666666667 0.006944444444444444
0 0.5145833333333333 0.16458333333333333 0.0109375 0.0125
0 0.5223958333333333 0.15833333333333333 0.009375 0.008333333333333333
1 0.50625 0.1673611111111111 0.004166666666666667 0.005555555555555556
1 0.49375 0.175 0.0109375 0.006944444444444444
1 0.5 0.16875 0.004166666666666667 0.005555555555555556
1 0.496875 0.16944444444444445 0.0036458333333333334 0.007638888888888889
1 0.4921875 0.16944444444444445 0.005729166666666666 0.005555555555555556
1 0.48125 0.18680555555555556 0.007291666666666667 0.008333333333333333
1 0.46822916666666664 0.19444444444444445 0.00625 0.008333333333333333
1 0.46458333333333335 0.19791666666666666 0.0078125 0.009722222222222222
1 0.4609375 0.20069444444444445 0.007291666666666667 0.009722222222222222
1 0.4578125 0.20416666666666666 0.008333333333333333 0.010416666666666666
1 0.45416666666666666 0.20833333333333334 0.009375 0.011111111111111112
1 0.44375 0.21597222222222223 0.011979166666666667 0.014583333333333334
1 0.43697916666666664 0.2222222222222222 0.0109375 0.014583333333333334
1 0.4354166666666667 0.21180555555555555 0.022395833333333334 0.014583333333333334
1 0.4166666666666667 0.21875 0.013541666666666667 0.015277777777777777
1 0.034895833333333334 0.4173611111111111 0.06979166666666667 0.044444444444444446
1 0.06770833333333333 0.4048611111111111 0.08229166666666667 0.03819444444444445
1 0.09322916666666667 0.38680555555555557 0.0734375 0.03819444444444445
1 0.11302083333333333 0.37430555555555556 0.0671875 0.03819444444444445
1 0.13645833333333332 0.36666666666666664 0.065625 0.03263888888888889
1 0.15416666666666667 0.3548611111111111 0.06302083333333333 0.03125
1 0.17552083333333332 0.34444444444444444 0.050520833333333334 0.03125
1 0.18333333333333332 0.33541666666666664 0.04635416666666667 0.025
1 0.19166666666666668 0.32708333333333334 0.040625 0.02013888888888889
1 0.21145833333333333 0.3159722222222222 0.05416666666666667 0.030555555555555555
1 0.22552083333333334 0.31180555555555556 0.04479166666666667 0.025694444444444443
1 0.25729166666666664 0.2902777777777778 0.042708333333333334 0.020833333333333332
1 0.2708333333333333 0.28541666666666665 0.04375 0.02013888888888889
3 0.27760416666666665 0.2763888888888889 0.034895833333333334 0.022222222222222223
1 0.28541666666666665 0.27291666666666664 0.03229166666666667 0.018055555555555554
1 0.29270833333333335 0.26875 0.03125 0.01875
3 0.30625 0.26180555555555557 0.029166666666666667 0.022916666666666665