1 0.6380208333333334 0.6083333333333333 0.022395833333333334 0.0875
1 0.5901041666666667 0.16666666666666666 0.021354166666666667 0.0798611111111111
1 0.7151041666666667 0.19166666666666668 0.022916666666666665 0.08611111111111111
1 0.5473958333333333 0.6625 0.05416666666666667 0.043055555555555555
1 0.5557291666666667 0.575 0.04583333333333333 0.03819444444444445
1 0.5427083333333333 0.5152777777777777 0.05 0.043055555555555555
1 0.5526041666666667 0.8152777777777778 0.04791666666666667 0.03958333333333333
1 0.5473958333333333 0.9298611111111111 0.05572916666666667 0.049305555555555554
1 0.4375 0.7451388888888889 0.04791666666666667 0.03819444444444445
3 0.4395833333333333 0.6923611111111111 0.0421875 0.034027777777777775
1 0.4390625 0.6430555555555556 0.050520833333333334 0.04583333333333333
1 0.4395833333333333 0.5736111111111111 0.0390625 0.06319444444444444
1 0.49947916666666664 0.42569444444444443 0.024479166666666666 0.08472222222222223
1 0.4713541666666667 0.4444444444444444 0.027083333333333334 0.08888888888888889
1 0.44583333333333336 0.4173611111111111 0.034895833333333334 0.08611111111111111
1 0.5442708333333334 0.32708333333333334 0.04739583333333333 0.03194444444444444
1 0.5401041666666667 0.27569444444444446 0.049479166666666664 0.04027777777777778
1 0.5453125 0.2326388888888889 0.04635416666666667 0.03958333333333333
1 0.4401041666666667 0.33819444444444446 0.044270833333333336 0.075
3 0.44166666666666665 0.25625 0.0359375 0.06111111111111111
1 0.45 0.20416666666666666 0.0484375 0.04791666666666667
1 0.4473958333333333 0.1597222222222222 0.04010416666666667 0.07083333333333333
1 0.45208333333333334 0.08472222222222223 0.04739583333333333 0.07847222222222222
1 0.5453125 0.09027777777777778 0.049479166666666664 0.03819444444444445
1 0.5463541666666667 0.14027777777777778 0.05 0.03958333333333333
1 0.5458333333333333 0.18472222222222223 0.05 0.044444444444444446
1 0.5552083333333333 0.04027777777777778 0.04583333333333333 0.04027777777777778
1 0.44635416666666666 0.030555555555555555 0.04583333333333333 0.06111111111111111
1 0.709375 0.32083333333333336 0.019791666666666666 0.08125
3 0.5328125 0.38819444444444445 0.044270833333333336 0.07083333333333333
3 0.5328125 0.9854166666666667 0.04583333333333333 0.02638888888888889