1 0.14270833333333333 0.4409722222222222 0.017708333333333333 0.017361111111111112
2 0.19427083333333334 0.48541666666666666 0.030208333333333334 0.03333333333333333
1 0.2171875 0.5222222222222223 0.03125 0.02638888888888889
1 0.23489583333333333 0.5368055555555555 0.036458333333333336 0.025694444444444443
1 0.26510416666666664 0.5416666666666666 0.03229166666666667 0.02847222222222222
1 0.30416666666666664 0.5416666666666666 0.0328125 0.027777777777777776
1 0.33541666666666664 0.5388888888888889 0.027604166666666666 0.027777777777777776
1 0.36822916666666666 0.5361111111111111 0.022395833333333334 0.02638888888888889
1 0.39947916666666666 0.5270833333333333 0.020833333333333332 0.029861111111111113
1 0.3723958333333333 0.6145833333333334 0.0609375 0.04027777777777778
1 0.41354166666666664 0.5868055555555556 0.058333333333333334 0.03333333333333333
1 0.46979166666666666 0.5659722222222222 0.05416666666666667 0.03263888888888889
1 0.6526041666666667 0.4597222222222222 0.030729166666666665 0.022916666666666665
1 0.38125 0.6868055555555556 0.06302083333333333 0.05416666666666667
1 0.43854166666666666 0.7534722222222222 0.07135416666666666 0.06597222222222222
1 0.06458333333333334 0.4840277777777778 0.019270833333333334 0.022222222222222223
1 0.0765625 0.5180555555555556 0.0234375 0.025
1 0.084375 0.5416666666666666 0.028645833333333332 0.029861111111111113
1 0.10052083333333334 0.5611111111111111 0.03229166666666667 0.034027777777777775
1 0.10625 0.5979166666666667 0.0359375 0.04097222222222222
1 0.13489583333333333 0.68125 0.04375 0.04652777777777778
2 0.027083333333333334 0.6777777777777778 0.05416666666666667 0.11041666666666666
1 0.2526041666666667 0.9472222222222222 0.08072916666666667 0.09444444444444444
1 0.6869791666666667 0.9756944444444444 0.10208333333333333 0.04861111111111111
1 0.9166666666666666 0.7340277777777777 0.10052083333333334 0.06875