1 0.07760416666666667 0.7534722222222222 0.15520833333333334 0.14027777777777778
1 0.32708333333333334 0.8277777777777777 0.1359375 0.3125
1 0.4557291666666667 0.8701388888888889 0.1171875 0.25972222222222224
3 0.4901041666666667 0.5347222222222222 0.08333333333333333 0.1875
1 0.24739583333333334 0.49930555555555556 0.10520833333333333 0.16875
1 0.4140625 0.5131944444444444 0.07708333333333334 0.16458333333333333
1 0.44114583333333335 0.3597222222222222 0.06770833333333333 0.13333333333333333
1 0.3333333333333333 0.2611111111111111 0.0765625 0.10277777777777777
1 0.5260416666666666 0.26875 0.0578125 0.09027777777777778
1 0.3723958333333333 0.17916666666666667 0.05625 0.0798611111111111
3 0.40208333333333335 0.10347222222222222 0.044270833333333336 0.07777777777777778
1 0.4953125 0.10347222222222222 0.040625 0.06875
1 0.54375 0.11875 0.04010416666666667 0.0763888888888889
1 0.4140625 0.058333333333333334 0.04739583333333333 0.05555555555555555
1 0.5557291666666667 0.03194444444444444 0.034375 0.06180555555555556
1 0.5166666666666667 0.017361111111111112 0.03125 0.034027777777777775
1 0.6625 0.013194444444444444 0.05625 0.025694444444444443
1 0.6864583333333333 0.02638888888888889 0.06979166666666667 0.03819444444444445
1 0.6994791666666667 0.04652777777777778 0.07864583333333333 0.04583333333333333
1 0.65 0.08888888888888889 0.0359375 0.05138888888888889
1 0.6734375 0.28888888888888886 0.06197916666666667 0.1
1 0.7776041666666667 0.40069444444444446 0.14739583333333334 0.08402777777777778
1 0.7776041666666667 0.47152777777777777 0.15625 0.09513888888888888
1 0.8088541666666667 0.6333333333333333 0.21197916666666666 0.11597222222222223
1 0.8557291666666667 0.7645833333333333 0.21979166666666666 0.14375