2 0.3223958333333333 0.95625 0.07916666666666666 0.05486111111111111
1 0.5317708333333333 0.7305555555555555 0.022395833333333334 0.06458333333333334
1 0.575 0.8958333333333334 0.03697916666666667 0.07083333333333333
1 0.7098958333333333 0.9819444444444444 0.0484375 0.03333333333333333
1 0.7994791666666666 0.9388888888888889 0.04583333333333333 0.03819444444444445
1 0.46979166666666666 0.5145833333333333 0.0171875 0.05486111111111111
2 0.4427083333333333 0.49722222222222223 0.028645833333333332 0.11388888888888889
1 0.4505208333333333 0.29791666666666666 0.0140625 0.04027777777777778
2 0.43020833333333336 0.29930555555555555 0.022916666666666665 0.06597222222222222
1 0.4484375 0.23194444444444445 0.0140625 0.035416666666666666
1 0.43802083333333336 0.10833333333333334 0.015104166666666667 0.03680555555555556
2 0.4114583333333333 0.02638888888888889 0.020833333333333332 0.05277777777777778