1 0.5463541666666667 0.8152777777777778 0.051041666666666666 0.08194444444444444
1 0.6494791666666667 0.6763888888888889 0.04635416666666667 0.05277777777777778
1 0.7145833333333333 0.6694444444444444 0.04114583333333333 0.050694444444444445
1 0.8661458333333333 0.6180555555555556 0.03854166666666667 0.05347222222222222
3 0.9317708333333333 0.16944444444444445 0.013541666666666667 0.022222222222222223
1 0.2630208333333333 0.5763888888888888 0.027604166666666666 0.05
1 0.23541666666666666 0.6069444444444444 0.021875 0.05277777777777778
1 0.20729166666666668 0.5916666666666667 0.0265625 0.04791666666666667
3 0.2171875 0.5375 0.023958333333333335 0.05277777777777778
1 0.19322916666666667 0.55625 0.019270833333333334 0.04236111111111111
1 0.18333333333333332 0.5048611111111111 0.01875 0.034027777777777775
1 0.22239583333333332 0.44722222222222224 0.018229166666666668 0.03680555555555556
1 0.265625 0.43472222222222223 0.018229166666666668 0.03680555555555556
2 0.20677083333333332 0.4840277777777778 0.022395833333333334 0.05486111111111111
1 0.17395833333333333 0.46597222222222223 0.015625 0.04097222222222222
1 0.18385416666666668 0.4048611111111111 0.0171875 0.03611111111111111
1 0.16510416666666666 0.42777777777777776 0.020833333333333332 0.03125
1 0.175 0.3701388888888889 0.015104166666666667 0.027777777777777776
1 0.15364583333333334 0.39861111111111114 0.015104166666666667 0.030555555555555555
1 0.14791666666666667 0.35555555555555557 0.015625 0.03611111111111111
1 0.178125 0.3104166666666667 0.016145833333333335 0.024305555555555556
1 0.15260416666666668 0.2972222222222222 0.013020833333333334 0.025
1 0.13333333333333333 0.29375 0.0125 0.022222222222222223
1 0.12447916666666667 0.21319444444444444 0.0125 0.017361111111111112
1 0.1078125 0.2548611111111111 0.011458333333333333 0.01875
0 0.09375 0.09861111111111111 0.0140625 0.03125
1 0.14375 0.4548611111111111 0.019270833333333334 0.04236111111111111