1 0.9536458333333333 0.44930555555555557 0.03854166666666667 0.03888888888888889
1 0.6734375 0.42777777777777776 0.06302083333333333 0.03125
1 0.6213541666666667 0.37916666666666665 0.04583333333333333 0.02847222222222222
1 0.5067708333333333 0.38819444444444445 0.0265625 0.03333333333333333
1 0.45416666666666666 0.3527777777777778 0.01875 0.027777777777777776
1 0.5036458333333333 0.3541666666666667 0.0171875 0.025
1 0.28229166666666666 0.34305555555555556 0.027083333333333334 0.03611111111111111
1 0.24739583333333334 0.28541666666666665 0.0234375 0.02361111111111111
1 0.3234375 0.26805555555555555 0.01875 0.025694444444444443
1 0.2630208333333333 0.2611111111111111 0.020833333333333332 0.02638888888888889
1 0.27760416666666665 0.2423611111111111 0.01875 0.01597222222222222
1 0.3026041666666667 0.22430555555555556 0.017708333333333333 0.01597222222222222
3 0.396875 0.20069444444444445 0.009375 0.018055555555555554
1 0.022395833333333334 0.3875 0.04479166666666667 0.041666666666666664
3 0.022395833333333334 0.34375 0.028645833333333332 0.04027777777777778
1 0.1078125 0.3173611111111111 0.034375 0.035416666666666666
1 0.13229166666666667 0.29583333333333334 0.034895833333333334 0.03125
2 0.14427083333333332 0.33402777777777776 0.0484375 0.04791666666666667
1 0.5963541666666666 0.3659722222222222 0.044270833333333336 0.027777777777777776
1 0.58125 0.35555555555555557 0.0390625 0.029861111111111113
1 0.6041666666666666 0.2520833333333333 0.016666666666666666 0.02013888888888889
1 0.58125 0.25069444444444444 0.013541666666666667 0.020833333333333332
1 0.028125 0.2388888888888889 0.03229166666666667 0.025
1 0.05625 0.23680555555555555 0.022916666666666665 0.025694444444444443
1 0.31197916666666664 0.21736111111111112 0.0140625 0.014583333333333334
1 0.2994791666666667 0.3173611111111111 0.025 0.03125
1 0.3145833333333333 0.20694444444444443 0.011979166666666667 0.01597222222222222
1 0.321875 0.20208333333333334 0.0109375 0.013194444444444444
1 0.3265625 0.19583333333333333 0.011979166666666667 0.0125
1 0.33229166666666665 0.19027777777777777 0.0109375 0.015277777777777777
1 0.3359375 0.18541666666666667 0.009375 0.014583333333333334
2 0.35625 0.1763888888888889 0.011979166666666667 0.013194444444444444
1 0.3848958333333333 0.1763888888888889 0.011458333333333333 0.010416666666666666
1 0.40260416666666665 0.18194444444444444 0.0109375 0.011111111111111112
1 0.4166666666666667 0.14930555555555555 0.007291666666666667 0.007638888888888889
1 0.42552083333333335 0.14027777777777778 0.005208333333333333 0.008333333333333333
1 0.4234375 0.13402777777777777 0.004166666666666667 0.007638888888888889
1 0.4239583333333333 0.12986111111111112 0.005208333333333333 0.006944444444444444
1 0.4244791666666667 0.18263888888888888 0.008333333333333333 0.0125
1 0.42552083333333335 0.3034722222222222 0.017708333333333333 0.02638888888888889
1 0.42552083333333335 0.275 0.015625 0.022222222222222223
1 0.5015625 0.3298611111111111 0.020833333333333332 0.025
1 0.4973958333333333 0.3111111111111111 0.017708333333333333 0.022222222222222223
1 0.4947916666666667 0.29444444444444445 0.0140625 0.02361111111111111
1 0.6473958333333333 0.40694444444444444 0.05 0.030555555555555555