3 0.25833333333333336 0.26875 0.05416666666666667 0.058333333333333334
1 0.5109375 0.2604166666666667 0.0171875 0.03333333333333333
2 0.709375 0.08055555555555556 0.0828125 0.14930555555555555
1 0.6578125 0.20555555555555555 0.042708333333333334 0.07152777777777777
1 0.59375 0.33055555555555555 0.0484375 0.07222222222222222
3 0.55 0.42986111111111114 0.04583333333333333 0.07430555555555556
2 0.49947916666666664 0.42986111111111114 0.07135416666666666 0.12291666666666666
1 0.3177083333333333 0.9340277777777778 0.08020833333333334 0.13055555555555556
1 0.8494791666666667 0.8520833333333333 0.090625 0.08680555555555555
3 0.7619791666666667 0.7777777777777778 0.08697916666666666 0.10208333333333333
3 0.35625 0.7347222222222223 0.06927083333333334 0.1