1 0.41875 0.4840277777777778 0.10416666666666667 0.06527777777777778
1 0.434375 0.43125 0.09270833333333334 0.058333333333333334
3 0.7682291666666666 0.12569444444444444 0.028125 0.024305555555555556
3 0.8395833333333333 0.28402777777777777 0.05677083333333333 0.03958333333333333
2 0.6036458333333333 0.14722222222222223 0.0328125 0.022916666666666665
1 0.4671875 0.13125 0.022916666666666665 0.017361111111111112
1 0.4510416666666667 0.12291666666666666 0.020833333333333332 0.01875
1 0.43333333333333335 0.11666666666666667 0.020833333333333332 0.015277777777777777
1 0.3729166666666667 0.0875 0.015104166666666667 0.017361111111111112
1 0.38229166666666664 0.09375 0.0140625 0.013888888888888888
3 0.396875 0.09930555555555555 0.014583333333333334 0.015277777777777777
1 0.40729166666666666 0.10277777777777777 0.009895833333333333 0.013194444444444444
3 0.4161458333333333 0.10555555555555556 0.0140625 0.019444444444444445
3 0.490625 0.13333333333333333 0.018229166666666668 0.019444444444444445
2 0.5072916666666667 0.13819444444444445 0.03125 0.027777777777777776
3 0.7088541666666667 0.23125 0.0359375 0.03680555555555556
3 0.6645833333333333 0.21319444444444444 0.035416666666666666 0.0375
1 0.9375 0.33055555555555555 0.049479166666666664 0.044444444444444446