1 0.42135416666666664 0.31319444444444444 0.0515625 0.09305555555555556
1 0.4703125 0.13680555555555557 0.0421875 0.06875
1 0.4197916666666667 0.09652777777777778 0.0390625 0.08680555555555555
1 0.48802083333333335 0.06736111111111111 0.04479166666666667 0.07152777777777777
1 0.5880208333333333 0.024305555555555556 0.06510416666666667 0.03888888888888889
1 0.5859375 0.06111111111111111 0.059895833333333336 0.03819444444444445
1 0.5755208333333334 0.0798611111111111 0.06770833333333333 0.03611111111111111
1 0.5859375 0.10694444444444444 0.07552083333333333 0.04861111111111111
1 0.35989583333333336 0.5604166666666667 0.06979166666666667 0.1361111111111111
1 0.5447916666666667 0.5777777777777777 0.12135416666666667 0.08472222222222223
1 0.55625 0.5055555555555555 0.109375 0.07777777777777778
1 0.5536458333333333 0.44513888888888886 0.10416666666666667 0.06388888888888888
1 0.5583333333333333 0.39791666666666664 0.09635416666666667 0.06388888888888888
1 0.5583333333333333 0.3527777777777778 0.10260416666666666 0.06388888888888888
1 0.5677083333333334 0.30833333333333335 0.1 0.058333333333333334
1 0.5791666666666667 0.26458333333333334 0.0890625 0.052083333333333336
1 0.58125 0.2263888888888889 0.08333333333333333 0.043055555555555555
1 0.5864583333333333 0.19305555555555556 0.07552083333333333 0.04791666666666667
1 0.7588541666666667 0.008333333333333333 0.059375 0.01597222222222222
1 0.7510416666666667 0.022222222222222223 0.06354166666666666 0.03888888888888889
1 0.7494791666666667 0.07361111111111111 0.0765625 0.03611111111111111
3 0.7515625 0.09236111111111112 0.06979166666666667 0.049305555555555554
1 0.7869791666666667 0.22708333333333333 0.09010416666666667 0.05416666666666667
1 0.7885416666666667 0.2923611111111111 0.08854166666666667 0.05694444444444444
1 0.8255208333333334 0.43680555555555556 0.09791666666666667 0.07013888888888889
1 0.8302083333333333 0.38263888888888886 0.09427083333333333 0.05555555555555555
1 0.8447916666666667 0.5583333333333333 0.12708333333333333 0.08472222222222223
1 0.5489583333333333 0.7305555555555555 0.13645833333333332 0.09166666666666666
1 0.8901041666666667 0.86875 0.14947916666666666 0.09652777777777778
1 0.2984375 0.7854166666666667 0.08697916666666666 0.17916666666666667
1 0.24583333333333332 0.9576388888888889 0.09739583333333333 0.07708333333333334