3 0.7005208333333334 0.9020833333333333 0.09166666666666666 0.11597222222222223
1 0.6401041666666667 0.6569444444444444 0.08229166666666667 0.07708333333333334
1 0.7427083333333333 0.7034722222222223 0.09635416666666667 0.08402777777777778
1 0.871875 0.8298611111111112 0.075 0.17152777777777778
1 0.8114583333333333 0.6506944444444445 0.06145833333333333 0.09305555555555556
1 0.8432291666666667 0.5694444444444444 0.0578125 0.07430555555555556
1 0.8796875 0.49027777777777776 0.049479166666666664 0.059722222222222225
1 0.9052083333333333 0.43125 0.04375 0.05555555555555555
1 0.9223958333333333 0.3854166666666667 0.04739583333333333 0.052083333333333336
1 0.8838541666666667 0.33125 0.04791666666666667 0.050694444444444445
1 0.9526041666666667 0.28888888888888886 0.06197916666666667 0.04097222222222222
1 0.3619791666666667 0.6770833333333334 0.0828125 0.0798611111111111
1 0.3958333333333333 0.6423611111111112 0.08645833333333333 0.06944444444444445
1 0.49322916666666666 0.5006944444444444 0.0734375 0.06319444444444444
1 0.5203125 0.47152777777777777 0.075 0.05555555555555555
1 0.5515625 0.425 0.07447916666666667 0.07222222222222222
1 0.6171875 0.3458333333333333 0.0640625 0.05555555555555555
1 0.6270833333333333 0.2652777777777778 0.03854166666666667 0.04652777777777778