1 0.35260416666666666 0.4666666666666667 0.07447916666666667 0.041666666666666664
1 0.42604166666666665 0.35347222222222224 0.020833333333333332 0.034027777777777775
1 0.47239583333333335 0.3645833333333333 0.025 0.03125
1 0.46979166666666666 0.3402777777777778 0.020833333333333332 0.02638888888888889
1 0.46770833333333334 0.31805555555555554 0.016666666666666666 0.022916666666666665
1 0.4666666666666667 0.29930555555555555 0.0140625 0.022916666666666665
1 0.6098958333333333 0.3645833333333333 0.030729166666666665 0.035416666666666666
3 0.6322916666666667 0.38333333333333336 0.029166666666666667 0.044444444444444446
1 0.653125 0.4263888888888889 0.0390625 0.04027777777777778
1 0.4432291666666667 0.6916666666666667 0.06666666666666667 0.10347222222222222
3 0.43802083333333336 0.8145833333333333 0.06770833333333333 0.17152777777777778
1 0.4359375 0.9506944444444444 0.0890625 0.09791666666666667
1 0.7526041666666666 0.6097222222222223 0.0734375 0.07777777777777778