1 0.3765625 0.9298611111111111 0.07135416666666666 0.06597222222222222
3 0.6671875 0.7902777777777777 0.059895833333333336 0.05694444444444444
1 0.9307291666666667 0.6673611111111111 0.058333333333333334 0.050694444444444445
2 0.9796875 0.46319444444444446 0.040625 0.08194444444444444
2 0.26875 0.6652777777777777 0.030729166666666665 0.10902777777777778
1 0.3572916666666667 0.6006944444444444 0.020833333333333332 0.07013888888888889
1 0.5666666666666667 0.5958333333333333 0.029166666666666667 0.06458333333333334
0 0.6145833333333334 0.7236111111111111 0.06770833333333333 0.16527777777777777
0 0.615625 0.3958333333333333 0.04583333333333333 0.14444444444444443
3 0.46510416666666665 0.37430555555555556 0.015625 0.03819444444444445
3 0.4234375 0.5138888888888888 0.021354166666666667 0.06597222222222222
1 0.3848958333333333 0.42569444444444443 0.0171875 0.049305555555555554
3 0.13333333333333333 0.46458333333333335 0.0265625 0.04027777777777778
0 0.10885416666666667 0.30486111111111114 0.06510416666666667 0.11666666666666667
0 0.1078125 0.16597222222222222 0.065625 0.09375
2 0.24583333333333332 0.25277777777777777 0.034375 0.05347222222222222
1 0.4276041666666667 0.09305555555555556 0.0109375 0.02638888888888889
1 0.3734375 0.013888888888888888 0.011458333333333333 0.018055555555555554
3 0.3328125 0.04097222222222222 0.013020833333333334 0.021527777777777778
3 0.35885416666666664 0.09722222222222222 0.013541666666666667 0.02638888888888889
0 0.30364583333333334 0.029861111111111113 0.04583333333333333 0.059722222222222225
0 0.5552083333333333 0.08541666666666667 0.030208333333333334 0.0875
0 0.5270833333333333 0.022916666666666665 0.027083333333333334 0.04583333333333333
0 0.9796875 0.23125 0.040625 0.0763888888888889
1 0.9177083333333333 0.14305555555555555 0.034375 0.029166666666666667
1 0.8651041666666667 0.09722222222222222 0.024479166666666666 0.029166666666666667
1 0.8302083333333333 0.059027777777777776 0.022395833333333334 0.024305555555555556
1 0.8010416666666667 0.020833333333333332 0.025 0.02638888888888889