3 0.7692708333333333 0.8784722222222222 0.06197916666666667 0.10555555555555556
1 0.6541666666666667 0.7159722222222222 0.0359375 0.075
1 0.6791666666666667 0.6951388888888889 0.033854166666666664 0.06944444444444445
1 0.6942708333333333 0.6618055555555555 0.041666666666666664 0.08472222222222223
1 0.7510416666666667 0.6263888888888889 0.0390625 0.07361111111111111
1 0.7729166666666667 0.5986111111111111 0.030729166666666665 0.07083333333333333
1 0.7958333333333333 0.5784722222222223 0.043229166666666666 0.07708333333333334
1 0.8557291666666667 0.5340277777777778 0.041666666666666664 0.07708333333333334
1 0.8765625 0.50625 0.042708333333333334 0.0763888888888889
1 0.990625 0.4861111111111111 0.017708333333333333 0.05763888888888889
1 0.8317708333333333 0.3076388888888889 0.0234375 0.05347222222222222
1 0.928125 0.7048611111111112 0.051041666666666666 0.07916666666666666
1 0.9677083333333333 0.6729166666666667 0.03125 0.08055555555555556
1 0.5489583333333333 0.6472222222222223 0.04895833333333333 0.07083333333333333
1 0.5302083333333333 0.6138888888888889 0.04375 0.06597222222222222
1 0.46510416666666665 0.5048611111111111 0.044270833333333336 0.06944444444444445
1 0.4161458333333333 0.41805555555555557 0.042708333333333334 0.06319444444444444
1 0.36354166666666665 0.3333333333333333 0.043229166666666666 0.05486111111111111
1 0.346875 0.28541666666666665 0.042708333333333334 0.05277777777777778
1 0.33177083333333335 0.26319444444444445 0.04375 0.05
1 0.2859375 0.20277777777777778 0.021354166666666667 0.050694444444444445
0 0.08854166666666667 0.07569444444444444 0.08802083333333334 0.08263888888888889
2 0.15729166666666666 0.03958333333333333 0.04583333333333333 0.05555555555555555
2 0.1953125 0.01875 0.0390625 0.03680555555555556
1 0.21354166666666666 0.11944444444444445 0.034895833333333334 0.03958333333333333
1 0.046875 0.7284722222222222 0.03697916666666667 0.03680555555555556
1 0.08645833333333333 0.8666666666666667 0.05416666666666667 0.05