1 0.49583333333333335 0.5125 0.017708333333333333 0.058333333333333334
1 0.41041666666666665 0.7819444444444444 0.022395833333333334 0.0763888888888889
1 0.3802083333333333 0.7840277777777778 0.019270833333333334 0.06597222222222222
1 0.4046875 0.9263888888888889 0.022395833333333334 0.08888888888888889
1 0.4317708333333333 0.16111111111111112 0.011979166666666667 0.030555555555555555
1 0.5026041666666666 0.07916666666666666 0.011458333333333333 0.029166666666666667
1 0.45416666666666666 0.06041666666666667 0.007291666666666667 0.021527777777777778
1 0.4546875 0.12430555555555556 0.009375 0.027777777777777776
3 0.4984375 0.2763888888888889 0.011979166666666667 0.04583333333333333
1 0.43697916666666664 0.4125 0.016666666666666666 0.043055555555555555
3 0.51875 0.4215277777777778 0.013541666666666667 0.05555555555555555
1 0.47604166666666664 0.0875 0.011979166666666667 0.027777777777777776
1 0.4630208333333333 0.02361111111111111 0.0109375 0.021527777777777778
1 0.44635416666666666 0.004861111111111111 0.009375 0.009722222222222222