1 0.1109375 0.5402777777777777 0.05572916666666667 0.03819444444444445
1 0.275 0.4597222222222222 0.057291666666666664 0.03194444444444444
1 0.33177083333333335 0.8972222222222223 0.029166666666666667 0.06597222222222222
1 0.3515625 0.8708333333333333 0.03802083333333333 0.08611111111111111
1 0.37447916666666664 0.8451388888888889 0.034375 0.0763888888888889
2 0.3921875 0.8125 0.058333333333333334 0.13333333333333333
1 0.4197916666666667 0.7902777777777777 0.0359375 0.08263888888888889
1 0.440625 0.7680555555555556 0.0328125 0.07361111111111111
1 0.46510416666666665 0.7493055555555556 0.03802083333333333 0.0798611111111111
1 0.5135416666666667 0.7097222222222223 0.021354166666666667 0.08402777777777778
0 0.5385416666666667 0.7138888888888889 0.019791666666666666 0.08472222222222223
1 0.496875 0.9715277777777778 0.0265625 0.05486111111111111
1 0.5244791666666667 0.9798611111111111 0.0234375 0.03819444444444445
1 0.55 0.9833333333333333 0.021354166666666667 0.030555555555555555