1 0.16145833333333334 0.48680555555555555 0.04010416666666667 0.034027777777777775
2 0.1515625 0.4361111111111111 0.0578125 0.049305555555555554
2 0.29739583333333336 0.4583333333333333 0.0578125 0.058333333333333334
1 0.34427083333333336 0.5326388888888889 0.03697916666666667 0.034027777777777775
1 0.16822916666666668 0.6375 0.04375 0.029166666666666667
1 0.34739583333333335 0.6625 0.040625 0.04027777777777778
0 0.32447916666666665 0.7361111111111112 0.065625 0.09652777777777778
3 0.38125 0.85625 0.03333333333333333 0.07013888888888889
3 0.4609375 0.6340277777777777 0.030729166666666665 0.06736111111111111
3 0.5197916666666667 0.8347222222222223 0.034375 0.09791666666666667
2 0.6052083333333333 0.5881944444444445 0.03697916666666667 0.1076388888888889
2 0.6869791666666667 0.7763888888888889 0.07864583333333333 0.06875
1 0.6265625 0.8819444444444444 0.04583333333333333 0.050694444444444445
1 0.9484375 0.39166666666666666 0.020833333333333332 0.04722222222222222
1 0.9427083333333334 0.31180555555555556 0.016666666666666666 0.034027777777777775
1 0.9369791666666667 0.27361111111111114 0.019791666666666666 0.034027777777777775
0 0.934375 0.05486111111111111 0.0359375 0.06458333333333334
1 0.7927083333333333 0.04097222222222222 0.019270833333333334 0.03958333333333333
0 0.47760416666666666 0.12083333333333333 0.041666666666666664 0.04583333333333333
2 0.5291666666666667 0.09236111111111112 0.057291666666666664 0.058333333333333334
1 0.7802083333333333 0.014583333333333334 0.019791666666666666 0.02638888888888889
1 0.7151041666666667 0.4638888888888889 0.013020833333333334 0.044444444444444446
1 0.7182291666666667 0.41875 0.013541666666666667 0.04791666666666667
2 0.6979166666666666 0.48194444444444445 0.015625 0.06875
2 0.6760416666666667 0.4708333333333333 0.020833333333333332 0.07083333333333333
2 0.7005208333333334 0.43194444444444446 0.013020833333333334 0.04722222222222222
2 0.7046875 0.3909722222222222 0.015104166666666667 0.04791666666666667
2 0.7208333333333333 0.3638888888888889 0.013541666666666667 0.04027777777777778
1 0.7255208333333333 0.3055555555555556 0.030729166666666665 0.030555555555555555
0 0.7666666666666667 0.2722222222222222 0.04635416666666667 0.03958333333333333
1 0.76875 0.22847222222222222 0.025 0.02013888888888889
1 0.7697916666666667 0.2111111111111111 0.028645833333333332 0.029166666666666667
1 0.7723958333333333 0.20069444444444445 0.03229166666666667 0.027777777777777776
1 0.7734375 0.1875 0.025520833333333333 0.027777777777777776
1 0.7744791666666667 0.17569444444444443 0.025 0.029166666666666667
2 0.49322916666666666 0.38055555555555554 0.049479166666666664 0.050694444444444445