1 0.4979166666666667 0.8041666666666667 0.0234375 0.0798611111111111
1 0.49166666666666664 0.7256944444444444 0.0234375 0.07430555555555556
1 0.4661458333333333 0.7361111111111112 0.020833333333333332 0.07361111111111111
3 0.4348958333333333 0.7388888888888889 0.0234375 0.07916666666666666
1 0.4083333333333333 0.7430555555555556 0.021875 0.07083333333333333
2 0.4791666666666667 0.5534722222222223 0.028125 0.09583333333333334
1 0.453125 0.5159722222222223 0.019270833333333334 0.04791666666666667
1 0.4734375 0.5 0.013020833333333334 0.035416666666666666
1 0.46822916666666664 0.4625 0.022916666666666665 0.04513888888888889
1 0.45 0.46597222222222223 0.016145833333333335 0.04513888888888889
3 0.446875 0.41944444444444445 0.015625 0.04791666666666667
2 0.4671875 0.41041666666666665 0.021354166666666667 0.06041666666666667
3 0.4640625 0.36736111111111114 0.013541666666666667 0.03680555555555556
1 0.45677083333333335 0.3194444444444444 0.014583333333333334 0.035416666666666666
1 0.4546875 0.26875 0.0140625 0.03333333333333333
1 0.6140625 0.26805555555555555 0.0171875 0.027777777777777776
1 0.6333333333333333 0.26458333333333334 0.017708333333333333 0.027083333333333334
1 0.653125 0.26319444444444445 0.019791666666666666 0.03611111111111111
1 0.7463541666666667 0.47708333333333336 0.0296875 0.04513888888888889
3 0.8484375 0.2638888888888889 0.022395833333333334 0.030555555555555555
1 0.8354166666666667 0.27152777777777776 0.023958333333333335 0.03125
1 0.7885416666666667 0.2388888888888889 0.030208333333333334 0.027083333333333334
3 0.7302083333333333 0.24444444444444444 0.025520833333333333 0.027083333333333334
2 0.7416666666666667 0.32083333333333336 0.03802083333333333 0.06805555555555555
2 0.7286458333333333 0.22152777777777777 0.05364583333333333 0.044444444444444446
3 0.728125 0.19652777777777777 0.026041666666666668 0.027777777777777776
3 0.734375 0.18541666666666667 0.021875 0.02013888888888889
3 0.7479166666666667 0.18055555555555555 0.021875 0.024305555555555556
3 0.7838541666666666 0.1673611111111111 0.021875 0.03263888888888889
1 0.796875 0.20347222222222222 0.027604166666666666 0.022222222222222223
2 0.8552083333333333 0.09583333333333334 0.04739583333333333 0.03125
2 0.8046875 0.10138888888888889 0.041666666666666664 0.022222222222222223
2 0.7020833333333333 0.10694444444444444 0.03125 0.022916666666666665
3 0.6572916666666667 0.11041666666666666 0.019270833333333334 0.02013888888888889
2 0.6234375 0.10902777777777778 0.029166666666666667 0.025
1 0.5401041666666667 0.11527777777777778 0.022916666666666665 0.016666666666666666
2 0.5510416666666667 0.09444444444444444 0.028125 0.027083333333333334
2 0.5796875 0.10416666666666667 0.0296875 0.027777777777777776
3 0.4421875 0.0763888888888889 0.011458333333333333 0.02847222222222222
1 0.39739583333333334 0.08541666666666667 0.016145833333333335 0.01875
1 0.40520833333333334 0.07916666666666666 0.01875 0.017361111111111112
1 0.409375 0.07291666666666667 0.015104166666666667 0.013888888888888888
1 0.4140625 0.06805555555555555 0.016145833333333335 0.014583333333333334
1 0.3703125 0.15694444444444444 0.022395833333333334 0.019444444444444445
1 0.3625 0.17222222222222222 0.021354166666666667 0.01875
2 0.43072916666666666 0.32083333333333336 0.015104166666666667 0.050694444444444445
1 0.38385416666666666 0.44930555555555557 0.036458333333333336 0.027083333333333334
1 0.3828125 0.46875 0.034895833333333334 0.02013888888888889
3 0.38697916666666665 0.4909722222222222 0.0375 0.03333333333333333
1 0.38385416666666666 0.5208333333333334 0.03697916666666667 0.027083333333333334
1 0.38645833333333335 0.5416666666666666 0.0390625 0.02013888888888889
2 0.38645833333333335 0.5666666666666667 0.05625 0.058333333333333334
1 0.6020833333333333 0.009027777777777777 0.008333333333333333 0.013888888888888888