0 0.15625 0.04652777777777778 0.06770833333333333 0.09236111111111112
1 0.029166666666666667 0.30277777777777776 0.03802083333333333 0.06319444444444444
0 0.06510416666666667 0.46458333333333335 0.08125 0.1673611111111111
2 0.346875 0.8958333333333334 0.07239583333333334 0.07361111111111111
2 0.3333333333333333 0.9368055555555556 0.0734375 0.075
2 0.3640625 0.8111111111111111 0.06510416666666667 0.05625
1 0.4625 0.98125 0.05364583333333333 0.03680555555555556
3 0.4942708333333333 0.5756944444444444 0.0359375 0.08125
3 0.621875 0.3611111111111111 0.025 0.06388888888888888
3 0.6526041666666667 0.34305555555555556 0.034375 0.08125
1 0.6984375 0.32430555555555557 0.05625 0.03680555555555556
3 0.8973958333333333 0.2826388888888889 0.05572916666666667 0.03680555555555556
3 0.8229166666666666 0.2972222222222222 0.05572916666666667 0.03819444444444445
3 0.8645833333333334 0.7215277777777778 0.0265625 0.04652777777777778
1 0.865625 0.8611111111111112 0.05416666666666667 0.06319444444444444