1 0.28229166666666666 0.42916666666666664 0.040625 0.05763888888888889
1 0.25364583333333335 0.4576388888888889 0.05 0.05694444444444444
1 0.20260416666666667 0.40208333333333335 0.049479166666666664 0.05347222222222222
1 0.1171875 0.4597222222222222 0.04895833333333333 0.05416666666666667
1 0.07239583333333334 0.4076388888888889 0.04375 0.05555555555555555
1 0.027083333333333334 0.3486111111111111 0.04739583333333333 0.05277777777777778
1 0.0671875 0.3263888888888889 0.0484375 0.05486111111111111
1 0.10520833333333333 0.29930555555555555 0.04895833333333333 0.05416666666666667
1 0.06979166666666667 0.25972222222222224 0.04479166666666667 0.05138888888888889
1 0.03125 0.2152777777777778 0.042708333333333334 0.05138888888888889
1 0.3927083333333333 0.5888888888888889 0.058854166666666666 0.06736111111111111
1 0.5125 0.7368055555555556 0.058333333333333334 0.07083333333333333
1 0.5838541666666667 0.8069444444444445 0.0640625 0.07708333333333334
1 0.6541666666666667 0.8875 0.06927083333333334 0.08958333333333333
1 0.5067708333333333 0.9041666666666667 0.0640625 0.08541666666666667
1 0.4427083333333333 0.825 0.0640625 0.0763888888888889
1 0.2755208333333333 0.63125 0.05416666666666667 0.06736111111111111
1 0.22447916666666667 0.5743055555555555 0.06145833333333333 0.05625
1 0.16875 0.5173611111111112 0.05416666666666667 0.06597222222222222
3 0.15104166666666666 0.3416666666666667 0.049479166666666664 0.05486111111111111
3 0.321875 0.6881944444444444 0.049479166666666664 0.05555555555555555
3 0.37395833333333334 0.7520833333333333 0.05260416666666667 0.08194444444444444
3 0.5244791666666667 0.6833333333333333 0.059375 0.05277777777777778
3 0.7317708333333334 0.9604166666666667 0.06822916666666666 0.07222222222222222
3 0.6234375 0.4395833333333333 0.053125 0.04027777777777778
1 0.7755208333333333 0.7465277777777778 0.0546875 0.09236111111111112
1 0.5963541666666666 0.07361111111111111 0.034375 0.05
1 0.565625 0.05694444444444444 0.034375 0.05277777777777778
1 0.5807291666666666 0.9729166666666667 0.06354166666666666 0.05416666666666667