3 0.38333333333333336 0.035416666666666666 0.029166666666666667 0.06666666666666667
1 0.5223958333333333 0.07222222222222222 0.025 0.0875
1 0.51875 0.18958333333333333 0.03229166666666667 0.10277777777777777
1 0.5145833333333333 0.31319444444444444 0.029166666666666667 0.10069444444444445
1 0.5229166666666667 0.4354166666666667 0.0328125 0.1111111111111111
2 0.3859375 0.375 0.0359375 0.10833333333333334
1 0.521875 0.6854166666666667 0.036458333333333336 0.11319444444444444
1 0.5223958333333333 0.8368055555555556 0.03697916666666667 0.12222222222222222
1 0.36614583333333334 0.8555555555555555 0.03802083333333333 0.10972222222222222
3 0.36822916666666666 0.7041666666666667 0.036458333333333336 0.10972222222222222
1 0.3692708333333333 0.5743055555555555 0.03697916666666667 0.10833333333333334
3 0.3078125 0.4701388888888889 0.0359375 0.1
3 0.30833333333333335 0.5888888888888889 0.03229166666666667 0.10208333333333333