1 0.7505208333333333 0.5743055555555555 0.07083333333333333 0.06666666666666667
1 0.6057291666666667 0.4979166666666667 0.0640625 0.05347222222222222
1 0.45260416666666664 0.46458333333333335 0.04583333333333333 0.043055555555555555
1 0.4015625 0.43333333333333335 0.03697916666666667 0.03819444444444445
1 0.45677083333333335 0.41875 0.040625 0.03680555555555556
1 0.8677083333333333 0.41458333333333336 0.025 0.043055555555555555
1 0.23854166666666668 0.25833333333333336 0.022916666666666665 0.022916666666666665
1 0.2765625 0.3125 0.027604166666666666 0.020833333333333332
1 0.11927083333333334 0.18125 0.0140625 0.013194444444444444
1 0.10885416666666667 0.15902777777777777 0.0109375 0.015277777777777777
1 0.11614583333333334 0.13680555555555557 0.011979166666666667 0.0125
1 0.1109375 0.10833333333333334 0.0109375 0.0125
1 0.12760416666666666 0.09652777777777778 0.011458333333333333 0.010416666666666666
1 0.12291666666666666 0.0763888888888889 0.009895833333333333 0.0125
1 0.096875 0.08680555555555555 0.009375 0.014583333333333334
1 0.0859375 0.08472222222222223 0.0109375 0.011111111111111112
1 0.0953125 0.06388888888888888 0.0109375 0.015277777777777777
0 0.2796875 0.3416666666666667 0.05520833333333333 0.06111111111111111
1 0.07864583333333333 0.05555555555555555 0.009895833333333333 0.007638888888888889
1 0.08697916666666666 0.044444444444444446 0.0109375 0.006944444444444444
0 0.9078125 0.3902777777777778 0.044270833333333336 0.09930555555555555
1 0.975 0.3451388888888889 0.01875 0.035416666666666666
1 0.9489583333333333 0.20694444444444443 0.011979166666666667 0.01597222222222222
1 0.9484375 0.16805555555555557 0.013541666666666667 0.014583333333333334
1 0.9494791666666667 0.14791666666666667 0.0109375 0.01597222222222222
1 0.9322916666666666 0.14305555555555555 0.0109375 0.01597222222222222
1 0.8859375 0.13125 0.015625 0.017361111111111112
1 0.909375 0.11597222222222223 0.013020833333333334 0.015277777777777777
1 0.9291666666666667 0.08402777777777778 0.013541666666666667 0.011111111111111112
1 0.9671875 0.06597222222222222 0.009895833333333333 0.0125
1 0.9453125 0.06597222222222222 0.011979166666666667 0.011111111111111112
1 0.9307291666666667 0.06111111111111111 0.011458333333333333 0.0125
1 0.9625 0.7229166666666667 0.075 0.08194444444444444
1 0.5322916666666667 0.7895833333333333 0.06302083333333333 0.12361111111111112