1 0.5640625 0.8673611111111111 0.18072916666666666 0.2611111111111111
1 0.6776041666666667 0.6430555555555556 0.12708333333333333 0.2048611111111111
1 0.796875 0.42430555555555555 0.09479166666666666 0.11875
1 0.41770833333333335 0.44305555555555554 0.140625 0.1326388888888889
1 0.46510416666666665 0.40069444444444446 0.13489583333333333 0.09791666666666667
1 0.5135416666666667 0.3548611111111111 0.1328125 0.09652777777777778
1 0.5505208333333333 0.3236111111111111 0.115625 0.07708333333333334
3 0.6041666666666666 0.28541666666666665 0.11666666666666667 0.09444444444444444
1 0.6567708333333333 0.27569444444444446 0.09635416666666667 0.08263888888888889
1 0.8005208333333333 0.1909722222222222 0.09010416666666667 0.058333333333333334
1 0.9635416666666666 0.4236111111111111 0.07291666666666667 0.11875
1 0.9708333333333333 0.13125 0.049479166666666664 0.044444444444444446
1 0.9041666666666667 0.15416666666666667 0.08802083333333334 0.05694444444444444
3 0.9119791666666667 0.28680555555555554 0.08020833333333334 0.09930555555555555
1 0.5697916666666667 0.14027777777777778 0.0640625 0.04027777777777778
1 0.5494791666666666 0.15555555555555556 0.06979166666666667 0.03819444444444445
1 0.5635416666666667 0.08125 0.06145833333333333 0.03611111111111111
1 0.621875 0.07083333333333333 0.03802083333333333 0.043055555555555555
1 0.3098958333333333 0.24583333333333332 0.08125 0.05347222222222222
1 0.027083333333333334 0.225 0.05416666666666667 0.06736111111111111
1 0.7328125 0.08541666666666667 0.04010416666666667 0.04791666666666667