3 0.5958333333333333 0.55 0.04739583333333333 0.03680555555555556
3 0.5416666666666666 0.5673611111111111 0.044270833333333336 0.034027777777777775
3 0.68125 0.4895833333333333 0.03229166666666667 0.022916666666666665
3 0.5109375 0.7291666666666666 0.019791666666666666 0.050694444444444445
3 0.765625 0.8083333333333333 0.042708333333333334 0.07152777777777777
1 0.8401041666666667 0.7722222222222223 0.06354166666666666 0.043055555555555555
2 0.43697916666666664 0.5638888888888889 0.04739583333333333 0.11041666666666666
3 0.5166666666666667 0.5125 0.0140625 0.022916666666666665
3 0.5197916666666667 0.48819444444444443 0.013020833333333334 0.025694444444444443
1 0.5197916666666667 0.27361111111111114 0.009375 0.011111111111111112
1 0.5223958333333333 0.30625 0.009895833333333333 0.0125
1 0.6864583333333333 0.5097222222222222 0.0359375 0.02361111111111111
1 0.5359375 0.7993055555555556 0.025520833333333333 0.06736111111111111
1 0.5369791666666667 0.7270833333333333 0.022916666666666665 0.06180555555555556
1 0.5114583333333333 0.6368055555555555 0.0328125 0.04583333333333333
2 0.13802083333333334 0.2861111111111111 0.0234375 0.01597222222222222
2 0.453125 0.11458333333333333 0.0078125 0.014583333333333334
2 0.4421875 0.12777777777777777 0.007291666666666667 0.010416666666666666
1 0.38229166666666664 0.19444444444444445 0.007291666666666667 0.009722222222222222