1 0.41510416666666666 0.8486111111111111 0.024479166666666666 0.02013888888888889
1 0.48333333333333334 0.7902777777777777 0.0203125 0.014583333333333334
3 0.4953125 0.7798611111111111 0.018229166666666668 0.01875
1 0.3723958333333333 0.8819444444444444 0.023958333333333335 0.022916666666666665
1 0.3619791666666667 0.8902777777777777 0.022916666666666665 0.019444444444444445
1 0.35260416666666666 0.8979166666666667 0.021875 0.022222222222222223
1 0.3411458333333333 0.9097222222222222 0.022916666666666665 0.022222222222222223
1 0.4239583333333333 0.8402777777777778 0.021354166666666667 0.01875
1 0.5052083333333334 0.7666666666666667 0.019791666666666666 0.017361111111111112
1 0.5244791666666667 0.7548611111111111 0.016666666666666666 0.013888888888888888
1 0.515625 0.7611111111111111 0.013541666666666667 0.013888888888888888
1 0.53125 0.7451388888888889 0.014583333333333334 0.013194444444444444
1 0.7692708333333333 0.7958333333333333 0.017708333333333333 0.014583333333333334
1 0.7890625 0.7027777777777777 0.011458333333333333 0.008333333333333333
1 0.5817708333333333 0.6583333333333333 0.011458333333333333 0.007638888888888889
1 0.5854166666666667 0.6527777777777778 0.0125 0.010416666666666666
1 0.590625 0.6506944444444445 0.008854166666666666 0.008333333333333333
1 0.5932291666666667 0.6444444444444445 0.010416666666666666 0.007638888888888889
1 0.5994791666666667 0.6395833333333333 0.011979166666666667 0.008333333333333333
1 0.6786458333333333 0.6027777777777777 0.0046875 0.008333333333333333
3 0.6645833333333333 0.6 0.005208333333333333 0.009027777777777777
1 0.1625 0.90625 0.027604166666666666 0.03333333333333333
1 0.15364583333333334 0.9840277777777777 0.025 0.027083333333333334
2 0.165625 0.9826388888888888 0.021875 0.03263888888888889