1 0.45416666666666666 0.6347222222222222 0.0265625 0.06180555555555556
1 0.5375 0.9048611111111111 0.05625 0.11805555555555555
1 0.38697916666666665 0.6493055555555556 0.030729166666666665 0.06111111111111111
1 0.43125 0.5798611111111112 0.025 0.050694444444444445
1 0.428125 0.46597222222222223 0.020833333333333332 0.03680555555555556
1 0.46197916666666666 0.4013888888888889 0.016666666666666666 0.029861111111111113
1 0.2911458333333333 0.9006944444444445 0.05364583333333333 0.1111111111111111
1 0.5015625 0.38333333333333336 0.013020833333333334 0.02013888888888889
1 0.5078125 0.3020833333333333 0.009895833333333333 0.017361111111111112
1 0.5098958333333333 0.50625 0.019270833333333334 0.03680555555555556
1 0.521875 0.39305555555555555 0.0109375 0.02361111111111111
1 0.5515625 0.2361111111111111 0.0171875 0.011111111111111112
1 0.5276041666666667 0.2875 0.009375 0.017361111111111112