1 0.2671875 0.13680555555555557 0.0484375 0.058333333333333334
1 0.20989583333333334 0.21458333333333332 0.05572916666666667 0.06736111111111111
1 0.48541666666666666 0.013888888888888888 0.022395833333333334 0.027777777777777776
1 0.45989583333333334 0.04513888888888889 0.030729166666666665 0.050694444444444445
1 0.4359375 0.02847222222222222 0.029166666666666667 0.04791666666666667
1 0.39895833333333336 0.025 0.029166666666666667 0.03125
1 0.38385416666666666 0.049305555555555554 0.059375 0.03888888888888889
2 0.42291666666666666 0.08472222222222223 0.041666666666666664 0.07430555555555556
1 0.39479166666666665 0.15138888888888888 0.044270833333333336 0.059027777777777776
1 0.3723958333333333 0.21319444444444444 0.04635416666666667 0.08125
1 0.33125 0.18888888888888888 0.041666666666666664 0.06597222222222222
1 0.3458333333333333 0.2972222222222222 0.0484375 0.08402777777777778
3 0.30520833333333336 0.25625 0.05 0.07430555555555556
1 0.28020833333333334 0.3277777777777778 0.0578125 0.1076388888888889
3 0.31666666666666665 0.39166666666666666 0.058333333333333334 0.12083333333333333
1 0.37552083333333336 0.39444444444444443 0.06770833333333333 0.1076388888888889
1 0.24635416666666668 0.42569444444444443 0.06979166666666667 0.11805555555555555
1 0.15625 0.28958333333333336 0.09791666666666667 0.05694444444444444
1 0.08125 0.3451388888888889 0.10833333333333334 0.07361111111111111
1 0.2171875 0.7972222222222223 0.09166666666666666 0.19652777777777777
1 0.14010416666666667 0.8006944444444445 0.11666666666666667 0.20833333333333334
1 0.06510416666666667 0.7944444444444444 0.0921875 0.15416666666666667
1 0.6140625 0.39305555555555555 0.04635416666666667 0.1
1 0.6776041666666667 0.015277777777777777 0.029166666666666667 0.030555555555555555
1 0.6848958333333334 0.049305555555555554 0.029166666666666667 0.043055555555555555
3 0.6583333333333333 0.059722222222222225 0.0328125 0.059027777777777776
1 0.6927083333333334 0.09930555555555555 0.027604166666666666 0.04027777777777778
1 0.7005208333333334 0.15763888888888888 0.03229166666666667 0.044444444444444446
1 0.7276041666666667 0.06041666666666667 0.030729166666666665 0.050694444444444445
1 0.7166666666666667 0.027083333333333334 0.024479166666666666 0.04652777777777778
1 0.6755208333333333 0.2048611111111111 0.034375 0.06319444444444444
1 0.7109375 0.20972222222222223 0.0359375 0.050694444444444445
1 0.7526041666666666 0.20069444444444445 0.0359375 0.06319444444444444
1 0.7348958333333333 0.14791666666666667 0.034895833333333334 0.06180555555555556
1 0.7973958333333333 0.0125 0.052083333333333336 0.025
1 0.8015625 0.02847222222222222 0.05416666666666667 0.02638888888888889
1 0.8088541666666667 0.044444444444444446 0.0578125 0.022916666666666665
1 0.8177083333333334 0.06319444444444444 0.06354166666666666 0.030555555555555555
1 0.8276041666666667 0.08611111111111111 0.06875 0.03680555555555556
1 0.859375 0.14375 0.07291666666666667 0.04375
1 0.8677083333333333 0.175 0.06197916666666667 0.043055555555555555
1 0.8057291666666667 0.19166666666666668 0.06302083333333333 0.059027777777777776
1 0.8848958333333333 0.225 0.08489583333333334 0.05555555555555555
1 0.6505208333333333 0.2722222222222222 0.025520833333333333 0.059027777777777776
1 0.7401041666666667 0.39375 0.05416666666666667 0.08472222222222223
1 0.7552083333333334 0.4965277777777778 0.05 0.11319444444444444
1 0.7833333333333333 0.6798611111111111 0.07552083333333333 0.15694444444444444
1 0.8177083333333334 0.9006944444444445 0.09791666666666667 0.19236111111111112