1 0.5239583333333333 0.7166666666666667 0.013541666666666667 0.044444444444444446
1 0.5083333333333333 0.9319444444444445 0.019791666666666666 0.06458333333333334
1 0.5401041666666667 0.8430555555555556 0.01875 0.05694444444444444
1 0.5708333333333333 0.7111111111111111 0.015625 0.044444444444444446
1 0.5348958333333333 0.59375 0.011979166666666667 0.035416666666666666
1 0.4901041666666667 0.5520833333333334 0.011979166666666667 0.027777777777777776
1 0.5447916666666667 0.39652777777777776 0.0078125 0.024305555555555556
1 0.5260416666666666 0.37083333333333335 0.009375 0.02013888888888889
1 0.5776041666666667 0.2611111111111111 0.005729166666666666 0.015277777777777777
1 0.565625 0.3 0.007291666666666667 0.01875
1 0.5598958333333334 0.28125 0.007291666666666667 0.016666666666666666
1 0.5578125 0.21180555555555555 0.005729166666666666 0.015277777777777777
1 0.5489583333333333 0.12708333333333333 0.005208333333333333 0.010416666666666666
1 0.5515625 0.1125 0.005729166666666666 0.009027777777777777
1 0.5635416666666667 0.11458333333333333 0.004166666666666667 0.011111111111111112
1 0.5364583333333334 0.26805555555555555 0.005729166666666666 0.018055555555555554
1 0.5671875 0.23333333333333334 0.005729166666666666 0.015277777777777777
1 0.5786458333333333 0.23541666666666666 0.007291666666666667 0.01875
1 0.5473958333333333 0.06597222222222222 0.004166666666666667 0.007638888888888889
1 0.5473958333333333 0.059027777777777776 0.004166666666666667 0.00625
1 0.553125 0.06458333333333334 0.0036458333333333334 0.007638888888888889
1 0.575 0.05486111111111111 0.004166666666666667 0.011111111111111112
1 0.5723958333333333 0.11805555555555555 0.005208333333333333 0.0125
1 0.5802083333333333 0.13541666666666666 0.005208333333333333 0.013888888888888888
1 0.5760416666666667 0.30625 0.0078125 0.01875
3 0.5541666666666667 0.3277777777777778 0.009895833333333333 0.02638888888888889
3 0.5432291666666667 0.18263888888888888 0.00625 0.015277777777777777
3 0.5697916666666667 0.16875 0.00625 0.0125
3 0.5708333333333333 0.14375 0.005729166666666666 0.013888888888888888
3 0.5541666666666667 0.05625 0.005208333333333333 0.009027777777777777
3 0.5760416666666667 0.025 0.0036458333333333334 0.011111111111111112
0 0.5755208333333334 0.40347222222222223 0.015104166666666667 0.07361111111111111
3 0.5765625 0.47152777777777777 0.0109375 0.03958333333333333
1 0.5552083333333333 0.2263888888888889 0.007291666666666667 0.016666666666666666
1 0.5791666666666667 0.1951388888888889 0.005729166666666666 0.015277777777777777
3 0.5697916666666667 0.13125 0.005729166666666666 0.01875
1 0.4640625 0.23541666666666666 0.015104166666666667 0.011111111111111112
1 0.4375 0.23402777777777778 0.017708333333333333 0.016666666666666666
2 0.5697916666666667 0.19444444444444445 0.008333333333333333 0.030555555555555555
1 0.5447916666666667 0.03958333333333333 0.011458333333333333 0.010416666666666666
1 0.68125 0.68125 0.036458333333333336 0.022916666666666665
1 0.7411458333333333 0.7125 0.03802083333333333 0.024305555555555556
1 0.7817708333333333 0.7215277777777778 0.03333333333333333 0.029166666666666667
1 0.765625 0.6861111111111111 0.0359375 0.029166666666666667
3 0.821875 0.7229166666666667 0.03802083333333333 0.029166666666666667
1 0.9208333333333333 0.6875 0.034895833333333334 0.024305555555555556
1 0.9723958333333333 0.69375 0.0359375 0.024305555555555556