1 0.5583333333333333 0.6284722222222222 0.021354166666666667 0.09236111111111112
1 0.6380208333333334 0.6784722222222223 0.027083333333333334 0.09791666666666667
1 0.6338541666666667 0.5548611111111111 0.025 0.08402777777777778
1 0.6307291666666667 0.45208333333333334 0.024479166666666666 0.08472222222222223
1 0.6411458333333333 0.8145833333333333 0.0265625 0.11180555555555556
1 0.6515625 0.9409722222222222 0.029166666666666667 0.11319444444444444
1 0.6197916666666666 0.26458333333333334 0.024479166666666666 0.07708333333333334
1 0.6177083333333333 0.1763888888888889 0.019270833333333334 0.07083333333333333
1 0.36770833333333336 0.4486111111111111 0.05364583333333333 0.05486111111111111
1 0.3640625 0.3875 0.05364583333333333 0.04722222222222222
1 0.37135416666666665 0.2861111111111111 0.05 0.03958333333333333
1 0.37447916666666664 0.24444444444444444 0.0484375 0.03680555555555556
1 0.38125 0.20208333333333334 0.0484375 0.04027777777777778
1 0.37916666666666665 0.15902777777777777 0.042708333333333334 0.03680555555555556
1 0.390625 0.075 0.044270833333333336 0.050694444444444445
1 0.271875 0.7284722222222222 0.05625 0.06875
1 0.25833333333333336 0.8409722222222222 0.05260416666666667 0.044444444444444446
1 0.2671875 0.6368055555555555 0.059895833333333336 0.043055555555555555
1 0.26666666666666666 0.5798611111111112 0.04583333333333333 0.04583333333333333
1 0.2796875 0.4979166666666667 0.05520833333333333 0.041666666666666664
1 0.28229166666666666 0.45208333333333334 0.0515625 0.03958333333333333
3 0.28958333333333336 0.40347222222222223 0.05625 0.04791666666666667
1 0.29375 0.3611111111111111 0.05364583333333333 0.041666666666666664
1 0.29739583333333336 0.32083333333333336 0.04479166666666667 0.035416666666666666
1 0.30572916666666666 0.28194444444444444 0.05260416666666667 0.035416666666666666
1 0.30520833333333336 0.24722222222222223 0.052083333333333336 0.035416666666666666
1 0.30625 0.2048611111111111 0.05364583333333333 0.03958333333333333
1 0.31302083333333336 0.17291666666666666 0.0484375 0.030555555555555555
1 0.3229166666666667 0.12638888888888888 0.0484375 0.034027777777777775
1 0.321875 0.08958333333333333 0.049479166666666664 0.041666666666666664
1 0.2015625 0.35625 0.030208333333333334 0.07708333333333334
2 0.3489583333333333 0.55 0.06927083333333334 0.05694444444444444
1 0.23958333333333334 0.9763888888888889 0.06927083333333334 0.044444444444444446
2 0.253125 0.16180555555555556 0.0265625 0.0875
3 0.2359375 0.04791666666666667 0.020833333333333332 0.05694444444444444
1 0.2708333333333333 0.05 0.019791666666666666 0.06458333333333334
2 0.32864583333333336 0.017361111111111112 0.059895833333333336 0.034027777777777775
1 0.39375 0.017361111111111112 0.04583333333333333 0.034027777777777775
3 0.6171875 0.09930555555555555 0.01875 0.059722222222222225
2 0.6145833333333334 0.025694444444444443 0.025 0.050694444444444445
3 0.625 0.35347222222222224 0.022916666666666665 0.07013888888888889