0 0.40260416666666665 0.8618055555555556 0.07760416666666667 0.0875
1 0.7421875 0.8493055555555555 0.065625 0.06041666666666667
3 0.7453125 0.7743055555555556 0.051041666666666666 0.06111111111111111
1 0.6411458333333333 0.7645833333333333 0.046875 0.04375
1 0.6677083333333333 0.6972222222222222 0.028645833333333332 0.058333333333333334
1 0.21614583333333334 0.425 0.01875 0.02847222222222222
2 0.23177083333333334 0.4013888888888889 0.025520833333333333 0.03680555555555556
2 0.1734375 0.675 0.07708333333333334 0.06041666666666667
1 0.3385416666666667 0.5909722222222222 0.040625 0.03125
3 0.38697916666666665 0.6145833333333334 0.03697916666666667 0.03263888888888889
1 0.47708333333333336 0.6520833333333333 0.0453125 0.03680555555555556