3 0.6338541666666667 0.9069444444444444 0.036458333333333336 0.14583333333333334
1 0.5692708333333333 0.9430555555555555 0.0328125 0.11180555555555556
0 0.8927083333333333 0.42083333333333334 0.05520833333333333 0.18680555555555556
1 0.5901041666666667 0.42986111111111114 0.030208333333333334 0.09027777777777778
1 0.5109375 0.37083333333333335 0.0234375 0.0763888888888889
2 0.4015625 0.4361111111111111 0.0390625 0.11319444444444444
0 0.38229166666666664 0.18333333333333332 0.034375 0.09236111111111112
0 0.5427083333333333 0.23472222222222222 0.022916666666666665 0.0763888888888889
1 0.5057291666666667 0.12916666666666668 0.019791666666666666 0.058333333333333334
1 0.4322916666666667 0.06805555555555555 0.019270833333333334 0.05486111111111111
2 0.396875 0.03333333333333333 0.025 0.06666666666666667