1 0.5208333333333334 0.4798611111111111 0.019270833333333334 0.04583333333333333
1 0.5645833333333333 0.2951388888888889 0.0109375 0.029166666666666667
1 0.5005208333333333 0.21597222222222223 0.008333333333333333 0.018055555555555554
1 0.578125 0.09027777777777778 0.009375 0.0125
1 0.6036458333333333 0.11805555555555555 0.005729166666666666 0.018055555555555554
1 0.5354166666666667 0.08472222222222223 0.00625 0.0125
1 0.5604166666666667 0.04027777777777778 0.00625 0.011111111111111112
1 0.5442708333333334 0.04861111111111111 0.005729166666666666 0.013888888888888888
1 0.5317708333333333 0.049305555555555554 0.00625 0.0125
1 0.55 0.027083333333333334 0.005729166666666666 0.009027777777777777
1 0.5734375 0.011111111111111112 0.004166666666666667 0.007638888888888889
1 0.5692708333333333 0.035416666666666666 0.005729166666666666 0.0125
1 0.6411458333333333 0.1597222222222222 0.016666666666666666 0.02013888888888889
3 0.6416666666666667 0.15069444444444444 0.016666666666666666 0.018055555555555554
3 0.640625 0.13819444444444445 0.0171875 0.018055555555555554
1 0.6234375 0.03680555555555556 0.015625 0.015277777777777777
0 0.46875 0.23472222222222222 0.021354166666666667 0.06875
0 0.5984375 0.4618055555555556 0.022395833333333334 0.11388888888888889
1 0.5682291666666667 0.5847222222222223 0.017708333333333333 0.049305555555555554
3 0.540625 0.5541666666666667 0.0171875 0.05486111111111111
1 0.6114583333333333 0.2923611111111111 0.009895833333333333 0.024305555555555556
1 0.5140625 0.8131944444444444 0.028645833333333332 0.08611111111111111
3 0.5776041666666667 0.8868055555555555 0.019791666666666666 0.07847222222222222
1 0.5619791666666667 0.6340277777777777 0.013541666666666667 0.04722222222222222