1 0.0703125 0.12430555555555556 0.04791666666666667 0.06944444444444445
1 0.10729166666666666 0.19305555555555556 0.052083333333333336 0.07430555555555556
1 0.1421875 0.14097222222222222 0.05260416666666667 0.06458333333333334
1 0.0921875 0.8354166666666667 0.0984375 0.13333333333333333
1 0.4401041666666667 0.48055555555555557 0.07916666666666666 0.09652777777777778
1 0.7114583333333333 0.5736111111111111 0.07552083333333333 0.09791666666666667
1 0.6255208333333333 0.22152777777777777 0.0671875 0.075
1 0.8994791666666667 0.43333333333333335 0.07447916666666667 0.09930555555555555
1 0.4708333333333333 0.3770833333333333 0.07135416666666666 0.08194444444444444
1 0.5869791666666667 0.07430555555555556 0.050520833333333334 0.0875
1 0.7614583333333333 0.08888888888888889 0.044270833333333336 0.059027777777777776
1 0.7901041666666667 0.2708333333333333 0.06510416666666667 0.07916666666666666
1 0.8546875 0.2923611111111111 0.06510416666666667 0.08402777777777778
1 0.8666666666666667 0.18888888888888888 0.065625 0.07708333333333334
1 0.925 0.19722222222222222 0.06145833333333333 0.07222222222222222
1 0.9338541666666667 0.11736111111111111 0.06354166666666666 0.07430555555555556
3 0.6994791666666667 0.28125 0.06875 0.08194444444444444
3 0.9796875 0.11736111111111111 0.040625 0.08888888888888889
0 0.9833333333333333 0.03819444444444445 0.03333333333333333 0.0763888888888889
0 0.746875 0.049305555555555554 0.13333333333333333 0.09861111111111111
0 0.9640625 0.7020833333333333 0.06927083333333334 0.35833333333333334
1 0.9708333333333333 0.25555555555555554 0.058333333333333334 0.07916666666666666
1 0.8484375 0.018055555555555554 0.04583333333333333 0.03611111111111111
1 0.18854166666666666 0.9326388888888889 0.10572916666666667 0.12638888888888888
1 0.6140625 0.95625 0.08802083333333334 0.08541666666666667