1 0.33697916666666666 0.94375 0.13802083333333334 0.1125
1 0.9291666666666667 0.8618055555555556 0.13854166666666667 0.11875
1 0.38645833333333335 0.5020833333333333 0.07552083333333333 0.04375
1 0.21197916666666666 0.4583333333333333 0.0671875 0.041666666666666664
1 0.109375 0.4173611111111111 0.0578125 0.0375
1 0.010416666666666666 0.22152777777777777 0.020833333333333332 0.018055555555555554
1 0.03125 0.22152777777777777 0.028645833333333332 0.022222222222222223
1 0.052083333333333336 0.22777777777777777 0.0328125 0.02013888888888889
1 0.10208333333333333 0.22430555555555556 0.025 0.019444444444444445
1 0.16875 0.18680555555555556 0.026041666666666668 0.014583333333333334
1 0.2078125 0.25625 0.036458333333333336 0.018055555555555554
1 0.17604166666666668 0.275 0.0359375 0.019444444444444445
1 0.1421875 0.2673611111111111 0.034375 0.020833333333333332
1 0.12135416666666667 0.26458333333333334 0.033854166666666664 0.018055555555555554
1 0.2859375 0.2923611111111111 0.0375 0.025
1 0.29583333333333334 0.2708333333333333 0.033854166666666664 0.018055555555555554
1 0.26145833333333335 0.2569444444444444 0.033854166666666664 0.021527777777777778
1 0.3255208333333333 0.25555555555555554 0.034375 0.019444444444444445
1 0.3807291666666667 0.2520833333333333 0.033854166666666664 0.022916666666666665
1 0.39375 0.24861111111111112 0.029166666666666667 0.017361111111111112
1 0.46145833333333336 0.21666666666666667 0.0234375 0.011111111111111112