0 0.4505208333333333 0.2638888888888889 0.00625 0.015277777777777777
1 0.453125 0.27569444444444446 0.005208333333333333 0.009027777777777777
0 0.4552083333333333 0.28888888888888886 0.004166666666666667 0.016666666666666666
1 0.4552083333333333 0.30277777777777776 0.004166666666666667 0.009027777777777777
1 0.45989583333333334 0.2833333333333333 0.004166666666666667 0.010416666666666666
1 0.45989583333333334 0.31875 0.004166666666666667 0.010416666666666666
1 0.45416666666666666 0.31319444444444444 0.0036458333333333334 0.007638888888888889
1 0.453125 0.32222222222222224 0.0036458333333333334 0.010416666666666666
0 0.43802083333333336 0.3770833333333333 0.005208333333333333 0.015277777777777777
1 0.45260416666666664 0.3333333333333333 0.004166666666666667 0.009027777777777777
1 0.4583333333333333 0.33125 0.0036458333333333334 0.010416666666666666
1 0.4578125 0.3402777777777778 0.004166666666666667 0.010416666666666666
1 0.4515625 0.3423611111111111 0.0036458333333333334 0.010416666666666666
1 0.4515625 0.3541666666666667 0.0036458333333333334 0.010416666666666666
1 0.4510416666666667 0.36666666666666664 0.0036458333333333334 0.010416666666666666
0 0.45729166666666665 0.36527777777777776 0.004166666666666667 0.015277777777777777
0 0.4505208333333333 0.3798611111111111 0.005208333333333333 0.013888888888888888
1 0.4557291666666667 0.3784722222222222 0.0026041666666666665 0.009027777777777777
0 0.4484375 0.40625 0.004166666666666667 0.02013888888888889
0 0.45364583333333336 0.41875 0.004166666666666667 0.015277777777777777
0 0.45208333333333334 0.4340277777777778 0.005729166666666666 0.015277777777777777
1 0.4473958333333333 0.42569444444444443 0.0036458333333333334 0.011111111111111112
1 0.4473958333333333 0.4375 0.0036458333333333334 0.015277777777777777
1 0.24166666666666667 0.5 0.0109375 0.007638888888888889
3 0.23020833333333332 0.4840277777777778 0.011458333333333333 0.009027777777777777
1 0.24479166666666666 0.48541666666666666 0.009895833333333333 0.009027777777777777
1 0.26197916666666665 0.4826388888888889 0.0109375 0.011111111111111112
3 0.2760416666666667 0.47291666666666665 0.015104166666666667 0.011111111111111112
1 0.30052083333333335 0.4791666666666667 0.0140625 0.011111111111111112
1 0.31302083333333336 0.4861111111111111 0.009895833333333333 0.010416666666666666
1 0.31666666666666665 0.4756944444444444 0.009895833333333333 0.010416666666666666
3 0.3140625 0.4701388888888889 0.0109375 0.009027777777777777
1 0.3265625 0.48819444444444443 0.009895833333333333 0.009027777777777777
3 0.32864583333333336 0.47638888888888886 0.009895833333333333 0.00625
1 0.33125 0.4701388888888889 0.009895833333333333 0.009027777777777777
1 0.3296875 0.4666666666666667 0.0078125 0.007638888888888889
0 0.34739583333333335 0.4861111111111111 0.0265625 0.018055555555555554
1 0.36770833333333336 0.49027777777777776 0.009895833333333333 0.009027777777777777
0 0.3734375 0.4798611111111111 0.025 0.02013888888888889
1 0.38125 0.49236111111111114 0.0109375 0.007638888888888889
1 0.3411458333333333 0.47708333333333336 0.0109375 0.007638888888888889
1 0.34322916666666664 0.4701388888888889 0.009375 0.00625
1 0.34479166666666666 0.4652777777777778 0.011458333333333333 0.011111111111111112
3 0.35625 0.46944444444444444 0.009375 0.007638888888888889
1 0.3541666666666667 0.475 0.0109375 0.009027777777777777
1 0.3619791666666667 0.46319444444444446 0.009895833333333333 0.007638888888888889
1 0.37083333333333335 0.46875 0.0109375 0.009027777777777777
3 0.38229166666666664 0.46805555555555556 0.009375 0.010416666666666666
0 0.38125 0.4618055555555556 0.015625 0.0125
0 0.39427083333333335 0.49375 0.013020833333333334 0.015277777777777777
1 0.39375 0.4875 0.009895833333333333 0.010416666666666666
1 0.3953125 0.47430555555555554 0.009375 0.007638888888888889
1 0.39791666666666664 0.46875 0.009895833333333333 0.009027777777777777
1 0.3984375 0.4618055555555556 0.008333333333333333 0.010416666666666666
1 0.46770833333333334 0.4965277777777778 0.0109375 0.009027777777777777
1 0.5244791666666667 0.5090277777777777 0.009895833333333333 0.010416666666666666
1 0.5713541666666667 0.5326388888888889 0.009895833333333333 0.011111111111111112
1 0.9833333333333333 0.5861111111111111 0.011458333333333333 0.010416666666666666
1 0.93125 0.5701388888888889 0.009895833333333333 0.011111111111111112
3 0.93125 0.58125 0.011458333333333333 0.010416666666666666
2 0.8692708333333333 0.5916666666666667 0.01875 0.013888888888888888
1 0.8276041666666667 0.5736111111111111 0.0109375 0.010416666666666666
1 0.7828125 0.625 0.011458333333333333 0.011111111111111112
1 0.7651041666666667 0.6236111111111111 0.011458333333333333 0.009027777777777777
3 0.728125 0.6034722222222222 0.013541666666666667 0.013888888888888888
1 0.7244791666666667 0.6194444444444445 0.009895833333333333 0.007638888888888889
1 0.7072916666666667 0.6131944444444445 0.011458333333333333 0.010416666666666666
1 0.6317708333333333 0.5513888888888889 0.0109375 0.011111111111111112
3 0.6135416666666667 0.5583333333333333 0.013020833333333334 0.015277777777777777
3 0.61875 0.575 0.0109375 0.0125
3 0.609375 0.5770833333333333 0.009895833333333333 0.010416666666666666
1 0.6067708333333334 0.5840277777777778 0.0109375 0.0125
3 0.603125 0.5652777777777778 0.0109375 0.011111111111111112
1 0.5901041666666667 0.5597222222222222 0.0109375 0.010416666666666666
3 0.5921875 0.5701388888888889 0.009895833333333333 0.010416666666666666
1 0.5776041666666667 0.5541666666666667 0.009895833333333333 0.009027777777777777
1 0.5744791666666667 0.5604166666666667 0.009895833333333333 0.009027777777777777
1 0.5734375 0.56875 0.0109375 0.007638888888888889
1 0.5588541666666667 0.5625 0.0109375 0.011111111111111112
1 0.5604166666666667 0.5548611111111111 0.009375 0.010416666666666666
1 0.5630208333333333 0.5479166666666667 0.0109375 0.011111111111111112
1 0.42552083333333335 0.6173611111111111 0.00625 0.013888888888888888
1 0.4505208333333333 0.6159722222222223 0.0078125 0.016666666666666666
1 0.46822916666666664 0.58125 0.0109375 0.0125
3 0.5005208333333333 0.5048611111111111 0.008333333333333333 0.010416666666666666
3 0.503125 0.5222222222222223 0.0109375 0.013888888888888888
3 0.5026041666666666 0.5298611111111111 0.009375 0.009027777777777777
3 0.5322916666666667 0.5333333333333333 0.0109375 0.011111111111111112
1 0.5286458333333334 0.5416666666666666 0.009895833333333333 0.010416666666666666
1 0.5177083333333333 0.5277777777777778 0.009895833333333333 0.010416666666666666
1 0.515625 0.5340277777777778 0.009895833333333333 0.010416666666666666
3 0.5130208333333334 0.5520833333333334 0.009375 0.007638888888888889
3 0.5151041666666667 0.5430555555555555 0.009895833333333333 0.010416666666666666
1 0.4973958333333333 0.5472222222222223 0.0109375 0.010416666666666666
1 0.5015625 0.5402777777777777 0.011979166666666667 0.009027777777777777
2 0.44427083333333334 0.6597222222222222 0.008333333333333333 0.030555555555555555
3 0.3776041666666667 0.8868055555555555 0.008333333333333333 0.018055555555555554
1 0.425 0.8194444444444444 0.007291666666666667 0.024305555555555556
1 0.415625 0.96875 0.005729166666666666 0.024305555555555556
3 0.37916666666666665 0.9694444444444444 0.0078125 0.022916666666666665
1 0.39375 0.9708333333333333 0.00625 0.022916666666666665
1 0.40260416666666665 0.9833333333333333 0.00625 0.022916666666666665
1 0.3848958333333333 0.9222222222222223 0.00625 0.024305555555555556
1 0.39739583333333334 0.9111111111111111 0.005208333333333333 0.022916666666666665
1 0.3963541666666667 0.9402777777777778 0.005729166666666666 0.02013888888888889
3 0.40520833333333334 0.9131944444444444 0.005208333333333333 0.021527777777777778