3 0.09166666666666666 0.9333333333333333 0.12447916666666667 0.08402777777777778
1 0.08697916666666666 0.8479166666666667 0.13333333333333333 0.08194444444444444
1 0.15729166666666666 0.6840277777777778 0.11666666666666667 0.07916666666666666
3 0.34791666666666665 0.6368055555555555 0.0640625 0.1326388888888889
1 0.3807291666666667 0.5298611111111111 0.05260416666666667 0.1111111111111111
3 0.2760416666666667 0.35347222222222224 0.09791666666666667 0.06666666666666667
1 0.40729166666666666 0.40625 0.0484375 0.09652777777777778
1 0.4244791666666667 0.32013888888888886 0.044270833333333336 0.09236111111111112
1 0.44375 0.24791666666666667 0.0390625 0.0763888888888889
1 0.47604166666666664 0.11458333333333333 0.029166666666666667 0.05555555555555555
1 0.6723958333333333 0.41805555555555557 0.0390625 0.09305555555555556
1 0.6708333333333333 0.32222222222222224 0.03333333333333333 0.0798611111111111
1 0.4901041666666667 0.06875 0.029166666666666667 0.059722222222222225
1 0.36041666666666666 0.13402777777777777 0.07239583333333334 0.05138888888888889
1 0.4005208333333333 0.010416666666666666 0.059375 0.020833333333333332
1 0.6078125 0.03958333333333333 0.028645833333333332 0.052083333333333336
2 0.5734375 0.02361111111111111 0.030729166666666665 0.04652777777777778
1 0.275 0.9597222222222223 0.0671875 0.0798611111111111