1 0.2791666666666667 0.5875 0.041666666666666664 0.06805555555555555
1 0.4119791666666667 0.7013888888888888 0.08802083333333334 0.08194444444444444
1 0.35260416666666666 0.5847222222222223 0.052083333333333336 0.08125
1 0.31302083333333336 0.43194444444444446 0.03333333333333333 0.041666666666666664
1 0.2916666666666667 0.3486111111111111 0.020833333333333332 0.04097222222222222
1 0.1515625 0.33402777777777776 0.0390625 0.022916666666666665
1 0.051041666666666666 0.34652777777777777 0.036458333333333336 0.029166666666666667
1 0.0296875 0.3875 0.058854166666666666 0.034027777777777775
2 0.21875 0.19236111111111112 0.0140625 0.027083333333333334
3 0.384375 0.37083333333333335 0.034375 0.035416666666666666
1 0.7916666666666666 0.6694444444444444 0.084375 0.06944444444444445
1 0.9192708333333334 0.6125 0.07552083333333333 0.07222222222222222