3 0.20416666666666666 0.45 0.04635416666666667 0.04722222222222222
3 0.2515625 0.4791666666666667 0.05 0.049305555555555554
3 0.45 0.3527777777777778 0.0328125 0.06875
3 0.18125 0.3055555555555556 0.036458333333333336 0.0763888888888889
3 0.2046875 0.325 0.036458333333333336 0.08125
2 0.3859375 0.6034722222222222 0.1109375 0.07708333333333334
3 0.41354166666666664 0.3472222222222222 0.0328125 0.07222222222222222
1 0.34270833333333334 0.3236111111111111 0.0421875 0.043055555555555555
2 0.3359375 0.6527777777777778 0.09166666666666666 0.06458333333333334
2 0.24739583333333334 0.9694444444444444 0.08333333333333333 0.058333333333333334
2 0.3932291666666667 0.9347222222222222 0.0890625 0.1284722222222222
3 0.7703125 0.69375 0.050520833333333334 0.0798611111111111