3 0.203125 0.8916666666666667 0.08541666666666667 0.17916666666666667
1 0.2484375 0.7270833333333333 0.058333333333333334 0.10833333333333334
1 0.3020833333333333 0.5395833333333333 0.0390625 0.07291666666666667
1 0.31875 0.4354166666666667 0.030729166666666665 0.05486111111111111
1 0.37864583333333335 0.1527777777777778 0.016666666666666666 0.022916666666666665
1 0.38177083333333334 0.1326388888888889 0.014583333333333334 0.02361111111111111
1 0.4109375 0.13541666666666666 0.016666666666666666 0.02638888888888889
3 0.39427083333333335 0.07083333333333333 0.0109375 0.01597222222222222
3 0.4 0.04375 0.011979166666666667 0.016666666666666666
3 0.375 0.06111111111111111 0.022395833333333334 0.020833333333333332
1 0.33229166666666665 0.12638888888888888 0.030208333333333334 0.018055555555555554
1 0.3380208333333333 0.10069444444444445 0.0125 0.01875
3 0.32916666666666666 0.09027777777777778 0.023958333333333335 0.01597222222222222
1 0.34270833333333334 0.08333333333333333 0.027604166666666666 0.016666666666666666
1 0.33125 0.07222222222222222 0.014583333333333334 0.015277777777777777
3 0.3489583333333333 0.07777777777777778 0.01875 0.025
1 0.9072916666666667 0.6770833333333334 0.078125 0.09722222222222222
3 0.8416666666666667 0.5479166666666667 0.06875 0.08958333333333333
3 0.7619791666666667 0.4027777777777778 0.053125 0.06319444444444444
1 0.6380208333333334 0.20694444444444443 0.023958333333333335 0.024305555555555556
3 0.625 0.18055555555555555 0.0203125 0.02847222222222222
3 0.6020833333333333 0.13819444444444445 0.016666666666666666 0.019444444444444445
1 0.5875 0.11180555555555556 0.014583333333333334 0.017361111111111112
3 0.5697916666666667 0.07569444444444444 0.0140625 0.01597222222222222
1 0.5661458333333333 0.06666666666666667 0.009895833333333333 0.011805555555555555
1 0.53125 0.004861111111111111 0.0078125 0.009722222222222222