1 0.16354166666666667 0.4305555555555556 0.109375 0.06597222222222222
1 0.31979166666666664 0.5263888888888889 0.11458333333333333 0.07777777777777778
1 0.5625 0.5854166666666667 0.13072916666666667 0.08611111111111111
1 0.5161458333333333 0.4840277777777778 0.08958333333333333 0.11388888888888889
1 0.7494791666666667 0.61875 0.1484375 0.09097222222222222
1 0.9723958333333333 0.6409722222222223 0.05520833333333333 0.09027777777777778
1 0.46927083333333336 0.34791666666666665 0.0921875 0.05138888888888889
1 0.5411458333333333 0.32083333333333336 0.0875 0.04861111111111111
1 0.7755208333333333 0.39166666666666666 0.09895833333333333 0.05625
1 0.19375 0.2625 0.07708333333333334 0.044444444444444446
1 0.029166666666666667 0.24305555555555555 0.0578125 0.041666666666666664
1 0.04739583333333333 0.9180555555555555 0.09427083333333333 0.15833333333333333
2 0.9421875 0.10694444444444444 0.0609375 0.04652777777777778
2 0.8911458333333333 0.04861111111111111 0.05625 0.06388888888888888
2 0.853125 0.017361111111111112 0.046875 0.034722222222222224