1 0.7109375 0.6347222222222222 0.03125 0.05347222222222222
3 0.8057291666666667 0.5465277777777777 0.0359375 0.07013888888888889
1 0.41875 0.7034722222222223 0.03697916666666667 0.06736111111111111
1 0.3770833333333333 0.6861111111111111 0.03125 0.05694444444444444
1 0.36822916666666666 0.6138888888888889 0.03333333333333333 0.059722222222222225
1 0.3072916666666667 0.5645833333333333 0.03697916666666667 0.06319444444444444
1 0.32864583333333336 0.5395833333333333 0.0328125 0.058333333333333334
0 0.4015625 0.6097222222222223 0.084375 0.15347222222222223
0 0.4166666666666667 0.5680555555555555 0.084375 0.15069444444444444
3 0.3546875 0.4666666666666667 0.0390625 0.06736111111111111
3 0.3125 0.44722222222222224 0.03802083333333333 0.07013888888888889
1 0.2833333333333333 0.45625 0.034895833333333334 0.059722222222222225
1 0.26979166666666665 0.4986111111111111 0.034375 0.058333333333333334
1 0.27760416666666665 0.3888888888888889 0.03229166666666667 0.05486111111111111
1 0.31614583333333335 0.39444444444444443 0.029166666666666667 0.050694444444444445
3 0.32135416666666666 0.36180555555555555 0.034375 0.05347222222222222
1 0.17552083333333332 0.5479166666666667 0.0328125 0.058333333333333334
3 0.21145833333333333 0.3284722222222222 0.034375 0.06111111111111111
3 0.20729166666666668 0.22152777777777777 0.034895833333333334 0.05694444444444444