1 0.24322916666666666 0.9819444444444444 0.049479166666666664 0.03263888888888889
1 0.2515625 0.9340277777777778 0.04375 0.03125
1 0.20260416666666667 0.8645833333333334 0.029166666666666667 0.05694444444444444
1 0.3171875 0.7402777777777778 0.03854166666666667 0.02361111111111111
3 0.209375 0.96875 0.024479166666666666 0.05625
1 0.28854166666666664 0.48819444444444443 0.015625 0.03125
1 0.31197916666666664 0.40069444444444446 0.015104166666666667 0.029861111111111113
1 0.3572916666666667 0.36875 0.0234375 0.01597222222222222
1 0.3625 0.34791666666666665 0.022395833333333334 0.015277777777777777
1 0.36822916666666666 0.33125 0.017708333333333333 0.014583333333333334
1 0.3770833333333333 0.2826388888888889 0.021354166666666667 0.013194444444444444
1 0.3765625 0.27291666666666664 0.019270833333333334 0.0125
1 0.3807291666666667 0.26180555555555557 0.019791666666666666 0.011111111111111112
1 0.3796875 0.25555555555555554 0.020833333333333332 0.010416666666666666
1 0.38125 0.24791666666666667 0.019791666666666666 0.009722222222222222
1 0.3854166666666667 0.23958333333333334 0.020833333333333332 0.010416666666666666
1 0.39010416666666664 0.22013888888888888 0.01875 0.014583333333333334
1 0.4234375 0.21597222222222223 0.0171875 0.011111111111111112
1 0.42239583333333336 0.2222222222222222 0.015625 0.010416666666666666
1 0.40989583333333335 0.22013888888888888 0.009895833333333333 0.013194444444444444
1 0.4265625 0.20208333333333334 0.015625 0.013194444444444444
1 0.33645833333333336 0.1701388888888889 0.009895833333333333 0.015277777777777777
1 0.3458333333333333 0.16875 0.009895833333333333 0.013194444444444444
1 0.3671875 0.16875 0.008333333333333333 0.014583333333333334
1 0.4166666666666667 0.16666666666666666 0.0078125 0.015277777777777777
1 0.4265625 0.1673611111111111 0.009375 0.015277777777777777
1 0.4359375 0.16527777777777777 0.0078125 0.018055555555555554
3 0.446875 0.225 0.011979166666666667 0.022916666666666665
2 0.43072916666666666 0.26319444444444445 0.028645833333333332 0.025694444444444443
2 0.45625 0.32222222222222224 0.011979166666666667 0.04097222222222222
2 0.4322916666666667 0.6020833333333333 0.025520833333333333 0.1111111111111111
0 0.5151041666666667 0.6076388888888888 0.022395833333333334 0.09305555555555556
1 0.4609375 0.10555555555555556 0.0109375 0.0125
1 0.4640625 0.09652777777777778 0.008333333333333333 0.0125
1 0.4625 0.0763888888888889 0.005208333333333333 0.007638888888888889
1 0.4765625 0.021527777777777778 0.007291666666666667 0.010416666666666666
1 0.5015625 0.04791666666666667 0.00625 0.0125
2 0.503125 0.0798611111111111 0.0109375 0.03125
1 0.7151041666666667 0.20694444444444443 0.013020833333333334 0.01597222222222222
1 0.6770833333333334 0.18263888888888888 0.0140625 0.010416666666666666
1 0.6078125 0.32013888888888886 0.011458333333333333 0.02013888888888889
1 0.7541666666666667 0.37222222222222223 0.015104166666666667 0.025
3 0.7666666666666667 0.36944444444444446 0.017708333333333333 0.030555555555555555
1 0.9859375 0.8555555555555555 0.027604166666666666 0.02847222222222222
3 0.9932291666666667 0.8145833333333333 0.013541666666666667 0.02361111111111111
1 0.7828125 0.6888888888888889 0.025520833333333333 0.04375
1 0.8572916666666667 0.7284722222222222 0.028645833333333332 0.04583333333333333
1 0.8859375 0.7298611111111111 0.0265625 0.04791666666666667
1 0.8510416666666667 0.6368055555555555 0.025 0.03888888888888889
1 0.8723958333333334 0.6368055555555555 0.022916666666666665 0.043055555555555555
1 0.8901041666666667 0.6333333333333333 0.025520833333333333 0.041666666666666664
1 0.8796875 0.53125 0.03229166666666667 0.01875
1 0.8671875 0.5027777777777778 0.021354166666666667 0.034027777777777775
1 0.8338541666666667 0.5006944444444444 0.013541666666666667 0.03333333333333333
1 0.81875 0.49930555555555556 0.0140625 0.03611111111111111
1 0.8010416666666667 0.5013888888888889 0.013541666666666667 0.03125
1 0.7427083333333333 0.22430555555555556 0.011979166666666667 0.018055555555555554
1 0.7322916666666667 0.23125 0.009375 0.018055555555555554
1 0.5682291666666667 0.08472222222222223 0.0078125 0.011111111111111112
1 0.58125 0.022916666666666665 0.011458333333333333 0.009722222222222222
1 0.5848958333333333 0.05347222222222222 0.011979166666666667 0.006944444444444444
1 0.5880208333333333 0.049305555555555554 0.013020833333333334 0.007638888888888889
1 0.58125 0.041666666666666664 0.013541666666666667 0.009722222222222222
1 0.5802083333333333 0.035416666666666666 0.0109375 0.009722222222222222
3 0.70625 0.80625 0.027083333333333334 0.06180555555555556
3 0.315625 0.16458333333333333 0.008333333333333333 0.017361111111111112