1 0.2296875 0.9923611111111111 0.057291666666666664 0.015277777777777777
1 0.15729166666666666 0.99375 0.05 0.0125
1 0.23072916666666668 0.9631944444444445 0.05572916666666667 0.041666666666666664
1 0.1609375 0.9576388888888889 0.0578125 0.04097222222222222
1 0.1640625 0.8791666666666667 0.05572916666666667 0.03819444444444445
1 0.23177083333333334 0.9118055555555555 0.0609375 0.043055555555555555
1 0.23541666666666666 0.8652777777777778 0.0578125 0.035416666666666666
1 0.23697916666666666 0.8236111111111111 0.0578125 0.03819444444444445
1 0.24270833333333333 0.7819444444444444 0.050520833333333334 0.03611111111111111
1 0.24583333333333332 0.7326388888888888 0.06197916666666667 0.03680555555555556
1 0.17291666666666666 0.7479166666666667 0.05572916666666667 0.035416666666666666
1 0.17083333333333334 0.7069444444444445 0.0578125 0.03333333333333333
1 0.17447916666666666 0.66875 0.059895833333333336 0.03333333333333333
1 0.178125 0.625 0.05625 0.034027777777777775
3 0.246875 0.6777777777777778 0.059375 0.034027777777777775
3 0.5234375 0.3597222222222222 0.0171875 0.06111111111111111
2 0.45625 0.3034722222222222 0.0390625 0.08888888888888889