1 0.03125 0.08333333333333333 0.030729166666666665 0.027777777777777776
1 0.07239583333333334 0.04861111111111111 0.03854166666666667 0.022916666666666665
1 0.08958333333333333 0.03263888888888889 0.027604166666666666 0.020833333333333332
1 0.15052083333333333 0.034027777777777775 0.0171875 0.022916666666666665
1 0.1328125 0.14444444444444443 0.022916666666666665 0.03819444444444445
1 0.16979166666666667 0.052083333333333336 0.015625 0.02847222222222222
1 0.2046875 0.1326388888888889 0.016666666666666666 0.02847222222222222
1 0.20833333333333334 0.10972222222222222 0.01875 0.02638888888888889
1 0.20989583333333334 0.09027777777777778 0.021354166666666667 0.017361111111111112
1 0.2140625 0.07777777777777778 0.021354166666666667 0.027777777777777776
1 0.21875 0.06111111111111111 0.015625 0.025694444444444443
0 0.25052083333333336 0.16041666666666668 0.0890625 0.09027777777777778
1 0.2833333333333333 0.049305555555555554 0.015625 0.02013888888888889
1 0.27239583333333334 0.01875 0.011458333333333333 0.014583333333333334
1 0.26614583333333336 0.09791666666666667 0.0234375 0.025
0 0.3390625 0.049305555555555554 0.025 0.04652777777777778
1 0.3494791666666667 0.08472222222222223 0.016666666666666666 0.022916666666666665
1 0.4739583333333333 0.06736111111111111 0.04635416666666667 0.02361111111111111
1 0.5973958333333333 0.18055555555555555 0.05260416666666667 0.03125
1 0.6286458333333333 0.20972222222222223 0.06145833333333333 0.035416666666666666
2 0.7119791666666667 0.34930555555555554 0.11197916666666667 0.06736111111111111
2 0.7739583333333333 0.4263888888888889 0.12760416666666666 0.08472222222222223
1 0.9322916666666666 0.40347222222222223 0.06979166666666667 0.04861111111111111
1 0.6302083333333334 0.47638888888888886 0.09270833333333334 0.052083333333333336
2 0.5755208333333334 0.34305555555555556 0.0828125 0.044444444444444446
1 0.12552083333333333 0.9722222222222222 0.06875 0.05555555555555555
0 0.5890625 0.7833333333333333 0.21354166666666666 0.43333333333333335