1 0.6421875 0.9576388888888889 0.15208333333333332 0.08263888888888889
1 0.6322916666666667 0.8222222222222222 0.10260416666666666 0.06388888888888888
1 0.6125 0.7881944444444444 0.09583333333333334 0.05138888888888889
1 0.6046875 0.725 0.07395833333333333 0.03958333333333333
1 0.6078125 0.7097222222222223 0.075 0.03194444444444444
3 0.6041666666666666 0.6909722222222222 0.0765625 0.03958333333333333
1 0.7416666666666667 0.6930555555555555 0.059895833333333336 0.03611111111111111
1 0.7427083333333333 0.6736111111111112 0.07291666666666667 0.02638888888888889
1 0.7557291666666667 0.6673611111111111 0.0640625 0.027777777777777776
1 0.7776041666666667 0.6618055555555555 0.051041666666666666 0.022916666666666665
1 0.7671875 0.6555555555555556 0.0453125 0.020833333333333332
1 0.6473958333333333 0.6423611111111112 0.021354166666666667 0.025694444444444443
1 0.6921875 0.6284722222222222 0.024479166666666666 0.025
3 0.5942708333333333 0.6458333333333334 0.058854166666666666 0.03125
1 0.5901041666666667 0.6305555555555555 0.04375 0.020833333333333332
1 0.5942708333333333 0.625 0.04583333333333333 0.019444444444444445
1 0.5885416666666666 0.6111111111111112 0.0390625 0.016666666666666666
1 0.5890625 0.6055555555555555 0.027604166666666666 0.013888888888888888
1 0.6442708333333333 0.5847222222222223 0.029166666666666667 0.014583333333333334
1 0.6552083333333333 0.575 0.024479166666666666 0.014583333333333334
1 0.5854166666666667 0.5638888888888889 0.021354166666666667 0.010416666666666666
1 0.58125 0.5597222222222222 0.022395833333333334 0.011111111111111112
2 0.3625 0.5694444444444444 0.03854166666666667 0.04375
1 0.6072916666666667 0.5368055555555555 0.013541666666666667 0.006944444444444444
1 0.6 0.5305555555555556 0.0067708333333333336 0.00625
3 0.5989583333333334 0.5256944444444445 0.00625 0.005555555555555556