1 0.24375 0.8354166666666667 0.07864583333333333 0.07361111111111111
1 0.5869791666666667 0.8958333333333334 0.05416666666666667 0.14583333333333334
1 0.4942708333333333 0.5638888888888889 0.03697916666666667 0.09305555555555556
1 0.5979166666666667 0.4111111111111111 0.0328125 0.09166666666666666
1 0.5166666666666667 0.48125 0.042708333333333334 0.07013888888888889
1 0.5328125 0.38472222222222224 0.04010416666666667 0.07222222222222222
1 0.5510416666666667 0.32013888888888886 0.0421875 0.07152777777777777
1 0.5734375 0.2548611111111111 0.03125 0.058333333333333334
1 0.6255208333333333 0.06180555555555556 0.022395833333333334 0.041666666666666664
1 0.6161458333333333 0.09791666666666667 0.022395833333333334 0.04861111111111111
1 0.5859375 0.19375 0.03333333333333333 0.050694444444444445
1 0.6010416666666667 0.14444444444444443 0.029166666666666667 0.04652777777777778
1 0.69375 0.5666666666666667 0.0421875 0.09513888888888888
1 0.6947916666666667 0.68125 0.05260416666666667 0.10069444444444445
1 0.7125 0.3902777777777778 0.036458333333333336 0.07013888888888889
1 0.63125 0.22291666666666668 0.042708333333333334 0.04583333333333333
1 0.7239583333333334 0.18472222222222223 0.020833333333333332 0.04375
1 0.6369791666666667 0.0125 0.016666666666666666 0.025
0 0.44166666666666665 0.6034722222222222 0.08020833333333334 0.2048611111111111
1 0.6729166666666667 0.9222222222222223 0.06145833333333333 0.14097222222222222