1 0.23385416666666667 0.39305555555555555 0.05625 0.08125
1 0.15416666666666667 0.4041666666666667 0.0671875 0.09444444444444444
3 0.0265625 0.7965277777777777 0.052083333333333336 0.12291666666666666
1 0.5333333333333333 0.8583333333333333 0.11510416666666666 0.08472222222222223
3 0.515625 0.7784722222222222 0.09583333333333334 0.08125
1 0.37135416666666665 0.7097222222222223 0.0671875 0.12638888888888888
1 0.6651041666666667 0.4576388888888889 0.0328125 0.07361111111111111
1 0.540625 0.4326388888888889 0.041666666666666664 0.08125
1 0.5848958333333333 0.4326388888888889 0.0390625 0.07916666666666666
1 0.5859375 0.28680555555555554 0.06927083333333334 0.050694444444444445
1 0.63125 0.19027777777777777 0.0359375 0.06319444444444444
1 0.5901041666666667 0.1673611111111111 0.029166666666666667 0.04097222222222222
1 0.5505208333333333 0.1736111111111111 0.03229166666666667 0.04652777777777778
1 0.6755208333333333 0.3173611111111111 0.0765625 0.04861111111111111
3 0.6322916666666667 0.05763888888888889 0.0265625 0.059722222222222225
1 0.321875 0.2263888888888889 0.04479166666666667 0.06944444444444445
1 0.3572916666666667 0.1701388888888889 0.042708333333333334 0.06180555555555556
1 0.38645833333333335 0.1111111111111111 0.04010416666666667 0.059722222222222225
1 0.43802083333333336 0.07013888888888889 0.036458333333333336 0.050694444444444445
3 0.44635416666666666 0.013194444444444444 0.0328125 0.02638888888888889