1 0.6354166666666666 0.5944444444444444 0.028125 0.04652777777777778
2 0.7291666666666666 0.42430555555555555 0.0296875 0.05486111111111111
1 0.8005208333333333 0.15486111111111112 0.020833333333333332 0.01875
2 0.8375 0.11458333333333333 0.035416666666666666 0.06041666666666667
1 0.8239583333333333 0.07916666666666666 0.015104166666666667 0.01875
1 0.8588541666666667 0.03819444444444445 0.018229166666666668 0.017361111111111112
1 0.815625 0.04652777777777778 0.015104166666666667 0.019444444444444445
1 0.9078125 0.044444444444444446 0.016666666666666666 0.016666666666666666
1 0.8890625 0.014583333333333334 0.017708333333333333 0.016666666666666666
1 0.9411458333333333 0.014583333333333334 0.01875 0.017361111111111112
1 0.9489583333333333 0.0125 0.014583333333333334 0.017361111111111112
1 0.5015625 0.4486111111111111 0.0328125 0.03611111111111111
1 0.49635416666666665 0.4951388888888889 0.03802083333333333 0.035416666666666666
3 0.5494791666666666 0.29305555555555557 0.029166666666666667 0.027777777777777776
1 0.5333333333333333 0.22083333333333333 0.028645833333333332 0.024305555555555556
1 0.5114583333333333 0.20416666666666666 0.0140625 0.024305555555555556
1 0.5203125 0.15416666666666667 0.0234375 0.022222222222222223
1 0.53125 0.1 0.0109375 0.019444444444444445
1 0.46822916666666664 0.09444444444444444 0.016145833333333335 0.016666666666666666
1 0.49947916666666664 0.06944444444444445 0.016666666666666666 0.016666666666666666
1 0.496875 0.06111111111111111 0.017708333333333333 0.016666666666666666
1 0.4947916666666667 0.049305555555555554 0.0171875 0.016666666666666666
1 0.49375 0.03958333333333333 0.016145833333333335 0.014583333333333334
1 0.49166666666666664 0.03263888888888889 0.016145833333333335 0.017361111111111112
1 0.48541666666666666 0.00625 0.017708333333333333 0.011805555555555555
1 0.33177083333333335 0.34652777777777777 0.030729166666666665 0.02847222222222222
1 0.33541666666666664 0.2972222222222222 0.028125 0.025
1 0.33489583333333334 0.2798611111111111 0.0265625 0.022222222222222223
1 0.33645833333333336 0.25277777777777777 0.022395833333333334 0.027083333333333334
1 0.21354166666666666 0.17847222222222223 0.022916666666666665 0.022916666666666665
1 0.23020833333333332 0.13194444444444445 0.024479166666666666 0.017361111111111112
2 0.26510416666666664 0.19930555555555557 0.036458333333333336 0.03263888888888889
2 0.27395833333333336 0.17291666666666666 0.029166666666666667 0.027083333333333334
1 0.27708333333333335 0.16527777777777777 0.022916666666666665 0.01597222222222222
2 0.28072916666666664 0.15138888888888888 0.028645833333333332 0.021527777777777778
1 0.28020833333333334 0.14375 0.023958333333333335 0.014583333333333334
1 0.28125 0.13541666666666666 0.022395833333333334 0.013194444444444444
1 0.2838541666666667 0.1284722222222222 0.0234375 0.01597222222222222
3 0.04895833333333333 0.9125 0.058333333333333334 0.06041666666666667