3 0.5911458333333334 0.01875 0.01875 0.03333333333333333
1 0.6010416666666667 0.04375 0.025 0.029861111111111113
3 0.6895833333333333 0.22083333333333333 0.050520833333333334 0.07222222222222222
3 0.74375 0.3458333333333333 0.057291666666666664 0.09791666666666667
1 0.7817708333333333 0.4479166666666667 0.06354166666666666 0.1
0 0.915625 0.7770833333333333 0.16875 0.44166666666666665
1 0.5848958333333333 0.28958333333333336 0.0328125 0.06111111111111111
1 0.5552083333333333 0.38958333333333334 0.034375 0.07013888888888889
1 0.2630208333333333 0.25 0.03802083333333333 0.06111111111111111
1 0.24166666666666667 0.3375 0.04114583333333333 0.07708333333333334
1 0.17916666666666667 0.4840277777777778 0.06041666666666667 0.1
3 0.13125 0.6076388888888888 0.090625 0.15833333333333333