1 0.36041666666666666 0.5895833333333333 0.0765625 0.13125
1 0.303125 0.5534722222222223 0.0765625 0.11597222222222223
3 0.21979166666666666 0.5520833333333334 0.09479166666666666 0.15208333333333332
2 0.0734375 0.5277777777777778 0.13854166666666667 0.1388888888888889
1 0.8015625 0.01875 0.0234375 0.03680555555555556
2 0.5177083333333333 0.0798611111111111 0.04791666666666667 0.04861111111111111
1 0.42239583333333336 0.09027777777777778 0.03802083333333333 0.03819444444444445
1 0.47239583333333335 0.044444444444444446 0.029166666666666667 0.03263888888888889
1 0.5057291666666667 0.019444444444444445 0.025520833333333333 0.025694444444444443
3 0.096875 0.2604166666666667 0.06510416666666667 0.044444444444444446
1 0.058333333333333334 0.2916666666666667 0.07135416666666666 0.03819444444444445
1 0.027083333333333334 0.325 0.05416666666666667 0.04652777777777778
1 0.13489583333333333 0.16597222222222222 0.0578125 0.03263888888888889
1 0.5244791666666667 0.006944444444444444 0.01875 0.013194444444444444