2 0.21666666666666667 0.9243055555555556 0.06197916666666667 0.15138888888888888
2 0.9677083333333333 0.46597222222222223 0.0640625 0.06875
2 0.9552083333333333 0.4354166666666667 0.0890625 0.06666666666666667
1 0.9854166666666667 0.59375 0.029166666666666667 0.052083333333333336
1 0.584375 0.9111111111111111 0.04739583333333333 0.09444444444444444
1 0.2791666666666667 0.7840277777777778 0.03125 0.08125
1 0.7828125 0.41597222222222224 0.0359375 0.04027777777777778
1 0.809375 0.41944444444444445 0.030208333333333334 0.03888888888888889
1 0.014583333333333334 0.4263888888888889 0.020833333333333332 0.044444444444444446
1 0.5427083333333333 0.2673611111111111 0.019791666666666666 0.025
1 0.3984375 0.12777777777777777 0.011458333333333333 0.017361111111111112
1 0.42916666666666664 0.05625 0.019270833333333334 0.011111111111111112
1 0.43125 0.06180555555555556 0.015625 0.011111111111111112
2 0.6703125 0.18680555555555556 0.03333333333333333 0.030555555555555555
2 0.31197916666666664 0.1451388888888889 0.01875 0.035416666666666666
2 0.3234375 0.21458333333333332 0.019791666666666666 0.03680555555555556
3 0.6458333333333334 0.18125 0.017708333333333333 0.02013888888888889
3 0.5791666666666667 0.17569444444444443 0.022395833333333334 0.018055555555555554
3 0.0890625 0.2048611111111111 0.017708333333333333 0.03263888888888889
2 0.19739583333333333 0.12916666666666668 0.019791666666666666 0.03333333333333333
1 0.1828125 0.009027777777777777 0.008333333333333333 0.010416666666666666
1 0.3140625 0.021527777777777778 0.0109375 0.014583333333333334
3 0.33541666666666664 0.052083333333333336 0.019270833333333334 0.018055555555555554
1 0.321875 0.18541666666666667 0.015104166666666667 0.020833333333333332
1 0.12239583333333333 0.10972222222222222 0.011458333333333333 0.017361111111111112