3 0.47760416666666666 0.03125 0.01875 0.06180555555555556
2 0.471875 0.10347222222222222 0.0265625 0.12083333333333333
1 0.5994791666666667 0.044444444444444446 0.025 0.06944444444444445
1 0.5984375 0.12777777777777777 0.024479166666666666 0.058333333333333334
1 0.43697916666666664 0.2125 0.03125 0.07777777777777778
1 0.4661458333333333 0.4263888888888889 0.022395833333333334 0.07708333333333334
1 0.5135416666666667 0.4361111111111111 0.030208333333333334 0.09305555555555556
1 0.6072916666666667 0.44722222222222224 0.027604166666666666 0.08125
1 0.6088541666666667 0.5465277777777777 0.030729166666666665 0.09166666666666666
1 0.4609375 0.6388888888888888 0.030729166666666665 0.075
3 0.3302083333333333 0.6465277777777778 0.07239583333333334 0.03333333333333333
1 0.3223958333333333 0.75 0.07760416666666667 0.04652777777777778
1 0.3177083333333333 0.85625 0.07760416666666667 0.041666666666666664
1 0.3177083333333333 0.9701388888888889 0.07760416666666667 0.04583333333333333
1 0.6140625 0.9159722222222222 0.0359375 0.11319444444444444