1 0.13645833333333332 0.21458333333333332 0.009895833333333333 0.007638888888888889
1 0.11927083333333334 0.20555555555555555 0.009895833333333333 0.007638888888888889
1 0.16510416666666666 0.2 0.009895833333333333 0.009027777777777777
1 0.18125 0.20972222222222223 0.009375 0.00625
1 0.029166666666666667 0.20902777777777778 0.009375 0.00625
3 0.25052083333333336 0.19027777777777777 0.011458333333333333 0.007638888888888889
0 0.22916666666666666 0.21458333333333332 0.017708333333333333 0.0125
0 0.24739583333333334 0.21597222222222223 0.015104166666666667 0.0125
0 0.30364583333333334 0.21458333333333332 0.027083333333333334 0.018055555555555554
3 0.3375 0.18194444444444444 0.009375 0.009027777777777777
1 0.4109375 0.20347222222222222 0.0109375 0.009027777777777777
0 0.440625 0.22291666666666668 0.024479166666666666 0.02638888888888889
0 0.46822916666666664 0.2708333333333333 0.00625 0.03680555555555556
3 0.465625 0.25277777777777777 0.004166666666666667 0.010416666666666666
0 0.4552083333333333 0.33819444444444446 0.009895833333333333 0.041666666666666664
1 0.45416666666666666 0.40208333333333335 0.005208333333333333 0.015277777777777777
0 0.5223958333333333 0.4423611111111111 0.009375 0.044444444444444446
1 0.46875 0.5076388888888889 0.007291666666666667 0.02013888888888889
0 0.5015625 0.5027777777777778 0.009375 0.050694444444444445
0 0.5651041666666666 0.4861111111111111 0.0359375 0.022916666666666665
0 0.5619791666666667 0.5625 0.0109375 0.05555555555555555
0 0.5734375 0.6215277777777778 0.0421875 0.02638888888888889
0 0.5734375 0.6097222222222223 0.042708333333333334 0.029166666666666667
0 0.5223958333333333 0.5340277777777778 0.0234375 0.022916666666666665
0 0.5182291666666666 0.5472222222222223 0.025 0.025694444444444443
0 0.5234375 0.5555555555555556 0.028645833333333332 0.022916666666666665
0 0.5197916666666667 0.5694444444444444 0.029166666666666667 0.029166666666666667
2 0.65625 0.5576388888888889 0.025 0.021527777777777778
1 0.6546875 0.5326388888888889 0.015104166666666667 0.011111111111111112
3 0.65625 0.5152777777777777 0.013541666666666667 0.018055555555555554
3 0.6557291666666667 0.5208333333333334 0.015625 0.016666666666666666
3 0.6046875 0.5548611111111111 0.015104166666666667 0.013888888888888888
1 0.6015625 0.5354166666666667 0.0140625 0.0125
1 0.6015625 0.5263888888888889 0.015625 0.0125
2 0.8880208333333334 0.2798611111111111 0.015625 0.02638888888888889
2 0.8739583333333333 0.3229166666666667 0.022395833333333334 0.021527777777777778
2 0.9109375 0.25833333333333336 0.017708333333333333 0.011111111111111112
2 0.9677083333333333 0.2625 0.019270833333333334 0.015277777777777777
2 0.9807291666666667 0.24930555555555556 0.011458333333333333 0.013888888888888888
0 0.8010416666666667 0.12430555555555556 0.017708333333333333 0.015277777777777777
0 0.8270833333333333 0.1375 0.021354166666666667 0.021527777777777778
0 0.8192708333333333 0.16111111111111112 0.0140625 0.025694444444444443
0 0.784375 0.1361111111111111 0.008333333333333333 0.021527777777777778
0 0.7989583333333333 0.16666666666666666 0.011979166666666667 0.01875
3 0.6697916666666667 0.6729166666666667 0.0171875 0.015277777777777777
3 0.6494791666666667 0.6701388888888888 0.017708333333333333 0.015277777777777777
1 0.6307291666666667 0.6680555555555555 0.0171875 0.013888888888888888
2 0.9197916666666667 0.8909722222222223 0.040625 0.035416666666666666
2 0.8630208333333333 0.8847222222222222 0.05364583333333333 0.03819444444444445
2 0.6953125 0.9055555555555556 0.022395833333333334 0.024305555555555556
1 0.6921875 0.9354166666666667 0.019791666666666666 0.02013888888888889
1 0.7973958333333333 0.8909722222222223 0.021354166666666667 0.015277777777777777
3 0.7244791666666667 0.9645833333333333 0.013020833333333334 0.03819444444444445
3 0.7994791666666666 0.9270833333333334 0.022395833333333334 0.021527777777777778
3 0.7973958333333333 0.9090277777777778 0.020833333333333332 0.021527777777777778
1 0.41510416666666666 0.9173611111111111 0.011458333333333333 0.03333333333333333
1 0.428125 0.7888888888888889 0.009375 0.02638888888888889
3 0.4375 0.8576388888888888 0.009375 0.03333333333333333
1 0.4276041666666667 0.70625 0.011458333333333333 0.024305555555555556
1 0.4359375 0.60625 0.013020833333333334 0.021527777777777778
1 0.4125 0.625 0.016666666666666666 0.01875
1 0.35989583333333336 0.6472222222222223 0.019270833333333334 0.015277777777777777
1 0.33697916666666666 0.6284722222222222 0.017708333333333333 0.015277777777777777
3 0.35833333333333334 0.5534722222222223 0.009375 0.02013888888888889
3 0.3484375 0.5541666666666667 0.009895833333333333 0.01875
3 0.33958333333333335 0.5520833333333334 0.009375 0.022916666666666665
3 0.3182291666666667 0.5513888888888889 0.0109375 0.01875
3 0.24479166666666666 0.5472222222222223 0.011458333333333333 0.02013888888888889
1 0.28802083333333334 0.6215277777777778 0.017708333333333333 0.0125
2 0.37083333333333335 0.71875 0.025 0.024305555555555556
1 0.23072916666666668 0.6229166666666667 0.0171875 0.015277777777777777
3 0.23125 0.5472222222222223 0.011458333333333333 0.018055555555555554
1 0.21979166666666666 0.5472222222222223 0.009895833333333333 0.018055555555555554
1 0.20625 0.5458333333333333 0.011458333333333333 0.018055555555555554
3 0.19010416666666666 0.5430555555555555 0.013020833333333334 0.02013888888888889
1 0.18177083333333333 0.5430555555555555 0.011979166666666667 0.02013888888888889
3 0.32083333333333336 0.9673611111111111 0.022916666666666665 0.021527777777777778
3 0.13489583333333333 0.9819444444444444 0.024479166666666666 0.022916666666666665
0 0.05260416666666667 0.8173611111111111 0.05364583333333333 0.04027777777777778
1 0.14114583333333333 0.6180555555555556 0.016666666666666666 0.0125
0 0.12552083333333333 0.6020833333333333 0.029166666666666667 0.021527777777777778
3 0.16145833333333334 0.5402777777777777 0.013020833333333334 0.01875
3 0.13697916666666668 0.5395833333333333 0.013541666666666667 0.02013888888888889
1 0.15260416666666668 0.5402777777777777 0.0109375 0.016666666666666666
1 0.14479166666666668 0.5409722222222222 0.011979166666666667 0.016666666666666666
3 0.0984375 0.5402777777777777 0.017708333333333333 0.015277777777777777
3 0.07552083333333333 0.5402777777777777 0.017708333333333333 0.015277777777777777
3 0.0140625 0.5361111111111111 0.01875 0.013888888888888888
3 0.12083333333333333 0.5381944444444444 0.013541666666666667 0.02013888888888889
3 0.034895833333333334 0.5368055555555555 0.017708333333333333 0.015277777777777777
1 0.05677083333333333 0.5395833333333333 0.015104166666666667 0.0125
1 0.00625 0.5256944444444445 0.011979166666666667 0.011111111111111112
1 0.021875 0.5013888888888889 0.0109375 0.018055555555555554
1 0.030208333333333334 0.5013888888888889 0.011979166666666667 0.02013888888888889
1 0.034895833333333334 0.5034722222222222 0.009895833333333333 0.021527777777777778
3 0.04895833333333333 0.49930555555555556 0.009375 0.029166666666666667
3 0.05677083333333333 0.49930555555555556 0.0109375 0.02638888888888889
3 0.0640625 0.5013888888888889 0.008333333333333333 0.025694444444444443
3 0.07447916666666667 0.5006944444444444 0.009895833333333333 0.02638888888888889
3 0.10260416666666666 0.5041666666666667 0.0109375 0.024305555555555556
1 0.0875 0.5069444444444444 0.011979166666666667 0.021527777777777778
1 0.07135416666666666 0.47152777777777777 0.0171875 0.011111111111111112
3 0.1109375 0.4597222222222222 0.016666666666666666 0.015277777777777777
3 0.10729166666666666 0.4409722222222222 0.015625 0.011111111111111112
3 0.11458333333333333 0.3541666666666667 0.017708333333333333 0.018055555555555554
1 0.103125 0.37916666666666665 0.015104166666666667 0.015277777777777777
1 0.13125 0.32013888888888886 0.01875 0.015277777777777777
3 0.15052083333333333 0.2833333333333333 0.015625 0.016666666666666666
1 0.15729166666666666 0.27569444444444446 0.011979166666666667 0.018055555555555554