1 0.159375 0.4736111111111111 0.05572916666666667 0.04375
1 0.14947916666666666 0.5125 0.04895833333333333 0.03819444444444445
1 0.20260416666666667 0.5055555555555555 0.05416666666666667 0.04652777777777778
1 0.3109375 0.40208333333333335 0.0234375 0.07361111111111111
1 0.37135416666666665 0.4027777777777778 0.0234375 0.075
2 0.18072916666666666 0.6125 0.084375 0.075
3 0.23697916666666666 0.7402777777777778 0.0453125 0.09097222222222222
1 0.3729166666666667 0.7069444444444445 0.027083333333333334 0.0763888888888889
1 0.41354166666666664 0.7208333333333333 0.0265625 0.08333333333333333
1 0.44635416666666666 0.7090277777777778 0.026041666666666668 0.0798611111111111
1 0.4708333333333333 0.3972222222222222 0.021875 0.06944444444444445
1 0.5041666666666667 0.3902777777777778 0.0234375 0.0763888888888889
1 0.8260416666666667 0.4097222222222222 0.050520833333333334 0.04236111111111111
3 0.9333333333333333 0.44375 0.035416666666666666 0.07361111111111111
1 0.9640625 0.09722222222222222 0.034375 0.04375
1 0.8875 0.12222222222222222 0.014583333333333334 0.04722222222222222
1 0.9171875 0.6506944444444445 0.043229166666666666 0.09027777777777778
1 0.8640625 0.6763888888888889 0.043229166666666666 0.09027777777777778
1 0.8260416666666667 0.6756944444444445 0.036458333333333336 0.08611111111111111
1 0.79375 0.6777777777777778 0.034375 0.08819444444444445
1 0.7348958333333333 0.6763888888888889 0.0375 0.08611111111111111
1 0.6375 0.6895833333333333 0.0328125 0.08541666666666667