3 0.09270833333333334 0.8590277777777777 0.18489583333333334 0.28194444444444444
1 0.125 0.9458333333333333 0.15260416666666668 0.10833333333333334
1 0.3984375 0.8055555555555556 0.1421875 0.19722222222222222
1 0.5239583333333333 0.8111111111111111 0.13645833333333332 0.1798611111111111
1 0.6255208333333333 0.63125 0.0921875 0.14027777777777778
1 0.5369791666666667 0.5916666666666667 0.10208333333333333 0.13333333333333333
1 0.5182291666666666 0.5208333333333334 0.09791666666666667 0.11458333333333333
1 0.21510416666666668 0.5840277777777778 0.10989583333333333 0.12222222222222222
1 0.14010416666666667 0.5263888888888889 0.11770833333333333 0.1
1 0.26666666666666666 0.4131944444444444 0.09166666666666666 0.07152777777777777
1 0.3333333333333333 0.3611111111111111 0.08229166666666667 0.05347222222222222
1 0.030208333333333334 0.4583333333333333 0.059895833333333336 0.07152777777777777
1 0.0734375 0.425 0.07916666666666666 0.06875
1 0.11614583333333334 0.3888888888888889 0.08072916666666667 0.07013888888888889
1 0.15989583333333332 0.36875 0.0765625 0.06458333333333334
1 0.20416666666666666 0.34930555555555554 0.07916666666666666 0.05625
1 0.24322916666666666 0.32569444444444445 0.075 0.05555555555555555
1 0.271875 0.30277777777777776 0.06770833333333333 0.06319444444444444
0 0.309375 0.5368055555555555 0.2515625 0.2923611111111111
0 0.8359375 0.5479166666666667 0.140625 0.32013888888888886
0 0.5229166666666667 0.3236111111111111 0.14166666666666666 0.1701388888888889
0 0.671875 0.11805555555555555 0.13333333333333333 0.07013888888888889
2 0.5192708333333333 0.4340277777777778 0.10416666666666667 0.1111111111111111
1 0.6119791666666666 0.3277777777777778 0.05625 0.06666666666666667
1 0.6880208333333333 0.3111111111111111 0.05572916666666667 0.06875
1 0.7979166666666667 0.34305555555555556 0.0515625 0.06666666666666667
1 0.9635416666666666 0.45416666666666666 0.07291666666666667 0.11805555555555555
1 0.8651041666666667 0.23402777777777778 0.04739583333333333 0.050694444444444445
1 0.7375 0.23680555555555555 0.049479166666666664 0.049305555555555554
1 0.7755208333333333 0.18611111111111112 0.03802083333333333 0.04861111111111111
1 0.7067708333333333 0.18055555555555555 0.04635416666666667 0.043055555555555555
1 0.61875 0.22777777777777777 0.029166666666666667 0.049305555555555554
3 0.6770833333333334 0.24791666666666667 0.044270833333333336 0.059027777777777776
1 0.8265625 0.12083333333333333 0.029166666666666667 0.02847222222222222
1 0.8692708333333333 0.06944444444444445 0.022916666666666665 0.02638888888888889
1 0.8369791666666667 0.07361111111111111 0.022916666666666665 0.034027777777777775
1 0.7713541666666667 0.10208333333333333 0.028645833333333332 0.029861111111111113
1 0.803125 0.07847222222222222 0.025 0.027777777777777776
1 0.8166666666666667 0.06458333333333334 0.019270833333333334 0.027777777777777776
1 0.8338541666666667 0.044444444444444446 0.020833333333333332 0.025
1 0.8630208333333333 0.01875 0.019791666666666666 0.02361111111111111
1 0.9260416666666667 0.025 0.020833333333333332 0.02847222222222222
1 0.8942708333333333 0.009027777777777777 0.0140625 0.018055555555555554
1 0.5427083333333333 0.1763888888888889 0.05 0.03333333333333333
1 0.5390625 0.13819444444444445 0.04479166666666667 0.03611111111111111
1 0.5744791666666667 0.1076388888888889 0.034895833333333334 0.02638888888888889
1 0.5291666666666667 0.09652777777777778 0.036458333333333336 0.022222222222222223
1 0.6088541666666667 0.06736111111111111 0.029166666666666667 0.022916666666666665
1 0.5942708333333333 0.06180555555555556 0.0328125 0.02638888888888889
1 0.5755208333333334 0.06041666666666667 0.0265625 0.02361111111111111
3 0.5677083333333334 0.05416666666666667 0.029166666666666667 0.02638888888888889
1 0.546875 0.05555555555555555 0.0234375 0.02361111111111111
3 0.528125 0.05138888888888889 0.03333333333333333 0.030555555555555555
3 0.5083333333333333 0.050694444444444445 0.027083333333333334 0.022916666666666665
1 0.49635416666666665 0.04791666666666667 0.028645833333333332 0.022222222222222223
1 0.48125 0.04652777777777778 0.027083333333333334 0.01597222222222222
3 0.48489583333333336 0.06666666666666667 0.030208333333333334 0.02638888888888889
1 0.5015625 0.0875 0.034895833333333334 0.022916666666666665
1 0.4359375 0.07083333333333333 0.030729166666666665 0.022222222222222223
1 0.4515625 0.041666666666666664 0.028645833333333332 0.01875
1 0.44479166666666664 0.0375 0.0265625 0.02013888888888889
1 0.4322916666666667 0.035416666666666666 0.028645833333333332 0.01597222222222222
3 0.3927083333333333 0.03125 0.025520833333333333 0.018055555555555554
1 0.42291666666666666 0.05416666666666667 0.028645833333333332 0.022916666666666665
1 0.403125 0.0625 0.027604166666666666 0.02013888888888889
1 0.4015625 0.04652777777777778 0.024479166666666666 0.017361111111111112
1 0.3046875 0.04027777777777778 0.025 0.017361111111111112
1 0.30104166666666665 0.06736111111111111 0.030729166666666665 0.02013888888888889
1 0.26510416666666664 0.021527777777777778 0.025520833333333333 0.018055555555555554
3 0.3640625 0.08263888888888889 0.030208333333333334 0.027777777777777776
1 0.3859375 0.10208333333333333 0.03125 0.02361111111111111
1 0.3984375 0.12222222222222222 0.034375 0.027777777777777776
1 0.42083333333333334 0.11527777777777778 0.030208333333333334 0.02638888888888889
1 0.42864583333333334 0.10555555555555556 0.034375 0.02638888888888889
1 0.39895833333333336 0.09583333333333334 0.030729166666666665 0.025694444444444443
1 0.3729166666666667 0.19444444444444445 0.042708333333333334 0.03125
1 0.3375 0.19791666666666666 0.04375 0.029861111111111113
1 0.31979166666666664 0.19444444444444445 0.04635416666666667 0.035416666666666666
1 0.31666666666666665 0.18125 0.04791666666666667 0.025694444444444443
3 0.29583333333333334 0.15208333333333332 0.059375 0.034027777777777775