1 0.4244791666666667 0.7715277777777778 0.13229166666666667 0.08958333333333333
1 0.43125 0.5472222222222223 0.04635416666666667 0.09444444444444444
1 0.3703125 0.55625 0.052083333333333336 0.0875
1 0.6984375 0.4173611111111111 0.04583333333333333 0.04861111111111111
1 0.4046875 0.25416666666666665 0.0421875 0.02638888888888889
1 0.23229166666666667 0.6763888888888889 0.13125 0.07777777777777778
1 0.065625 0.6916666666666667 0.13125 0.08194444444444444
1 0.22552083333333334 0.5486111111111112 0.07083333333333333 0.10277777777777777
1 0.09479166666666666 0.5534722222222223 0.11666666666666667 0.09513888888888888
1 0.3026041666666667 0.5472222222222223 0.07447916666666667 0.1
1 0.07552083333333333 0.44375 0.07864583333333333 0.059027777777777776
1 0.1640625 0.4423611111111111 0.07447916666666667 0.07152777777777777
1 0.22447916666666667 0.4263888888888889 0.06302083333333333 0.06458333333333334
1 0.2708333333333333 0.40069444444444446 0.07760416666666667 0.06458333333333334
1 0.2989583333333333 0.3902777777777778 0.059375 0.04652777777777778
1 0.3302083333333333 0.37430555555555556 0.0640625 0.04791666666666667
1 0.36302083333333335 0.3659722222222222 0.05364583333333333 0.043055555555555555
1 0.38333333333333336 0.35347222222222224 0.05260416666666667 0.041666666666666664
1 0.4114583333333333 0.34305555555555556 0.059895833333333336 0.043055555555555555
1 0.41302083333333334 0.325 0.0515625 0.043055555555555555
1 0.5630208333333333 0.4111111111111111 0.04010416666666667 0.043055555555555555
1 0.5552083333333333 0.36944444444444446 0.034375 0.03263888888888889
1 0.5244791666666667 0.3104166666666667 0.027604166666666666 0.034027777777777775
0 0.6411458333333333 0.32916666666666666 0.07083333333333333 0.10347222222222222
1 0.4484375 0.09236111111111112 0.007291666666666667 0.007638888888888889
1 0.4786458333333333 0.09236111111111112 0.005729166666666666 0.007638888888888889
3 0.40729166666666666 0.14930555555555555 0.020833333333333332 0.01597222222222222
1 0.40729166666666666 0.20277777777777778 0.034895833333333334 0.01875
1 0.39947916666666666 0.18888888888888888 0.028645833333333332 0.015277777777777777
1 0.3921875 0.18263888888888888 0.030208333333333334 0.018055555555555554
1 0.39114583333333336 0.17708333333333334 0.030729166666666665 0.01875
1 0.40260416666666665 0.1673611111111111 0.027083333333333334 0.015277777777777777
1 0.5041666666666667 0.12361111111111112 0.009375 0.008333333333333333
1 0.5015625 0.10972222222222222 0.0078125 0.009722222222222222
1 0.4817708333333333 0.10277777777777777 0.0078125 0.007638888888888889
1 0.490625 0.10277777777777777 0.005729166666666666 0.009722222222222222
1 0.5776041666666667 0.15555555555555556 0.019270833333333334 0.015277777777777777
0 0.5427083333333333 0.14027777777777778 0.022916666666666665 0.03263888888888889
3 0.5947916666666667 0.13194444444444445 0.009375 0.014583333333333334
1 0.5984375 0.28958333333333336 0.022395833333333334 0.03263888888888889
1 0.896875 0.19444444444444445 0.0265625 0.020833333333333332
2 0.9619791666666667 0.41458333333333336 0.05416666666666667 0.05138888888888889