1 0.15677083333333333 0.6465277777777778 0.09791666666666667 0.13819444444444445
1 0.4401041666666667 0.56875 0.06770833333333333 0.10277777777777777
1 0.4791666666666667 0.4236111111111111 0.07552083333333333 0.04791666666666667
1 0.5885416666666666 0.40694444444444444 0.0671875 0.041666666666666664
1 0.6890625 0.40625 0.07552083333333333 0.04097222222222222
1 0.803125 0.40208333333333335 0.0765625 0.04375
1 0.25104166666666666 0.4173611111111111 0.0390625 0.05138888888888889
3 0.25833333333333336 0.37777777777777777 0.030208333333333334 0.044444444444444446
3 0.26197916666666665 0.35833333333333334 0.028645833333333332 0.04652777777777778
1 0.19635416666666666 0.34375 0.0671875 0.034027777777777775
1 0.19375 0.33125 0.06354166666666666 0.025694444444444443
1 0.16302083333333334 0.3111111111111111 0.052083333333333336 0.02013888888888889
1 0.146875 0.2965277777777778 0.030729166666666665 0.015277777777777777
1 0.2109375 0.2763888888888889 0.025520833333333333 0.01875
1 0.18020833333333333 0.2701388888888889 0.03125 0.02013888888888889
1 0.15052083333333333 0.2659722222222222 0.027604166666666666 0.018055555555555554
1 0.10885416666666667 0.2534722222222222 0.020833333333333332 0.018055555555555554