3 0.503125 0.41875 0.009375 0.03819444444444445
1 0.5213541666666667 0.37777777777777777 0.009895833333333333 0.034027777777777775
1 0.4635416666666667 0.39791666666666664 0.009895833333333333 0.029166666666666667
1 0.46510416666666665 0.35694444444444445 0.009895833333333333 0.027777777777777776
1 0.46979166666666666 0.32013888888888886 0.0109375 0.025694444444444443
1 0.471875 0.2902777777777778 0.0109375 0.025694444444444443
1 0.471875 0.26458333333333334 0.009375 0.021527777777777778
1 0.5255208333333333 0.1375 0.013020833333333334 0.024305555555555556
1 0.7348958333333333 0.4861111111111111 0.0234375 0.025694444444444443
3 0.7348958333333333 0.4583333333333333 0.025 0.022916666666666665
1 0.73125 0.44375 0.022916666666666665 0.016666666666666666
1 0.7234375 0.40069444444444446 0.025520833333333333 0.02638888888888889
1 0.7208333333333333 0.3888888888888889 0.022395833333333334 0.01875
1 0.7177083333333333 0.37569444444444444 0.022916666666666665 0.02013888888888889
1 0.7171875 0.36736111111111114 0.024479166666666666 0.01875
1 0.7125 0.33402777777777776 0.0234375 0.02013888888888889
1 0.7119791666666667 0.3215277777777778 0.022395833333333334 0.01875
1 0.7588541666666667 0.3423611111111111 0.0265625 0.022916666666666665
1 0.7572916666666667 0.33194444444444443 0.0234375 0.01875
1 0.7583333333333333 0.3215277777777778 0.0265625 0.016666666666666666
1 0.7546875 0.30486111111111114 0.0265625 0.02013888888888889
1 0.6802083333333333 0.23194444444444445 0.011458333333333333 0.029166666666666667
1 0.690625 0.23055555555555557 0.009895833333333333 0.034027777777777775
1 0.7005208333333334 0.23194444444444445 0.009375 0.034027777777777775
1 0.7177083333333333 0.23194444444444445 0.011458333333333333 0.034027777777777775
1 0.7270833333333333 0.2361111111111111 0.013020833333333334 0.030555555555555555
1 0.7453125 0.2361111111111111 0.011979166666666667 0.025694444444444443
1 0.7541666666666667 0.23055555555555557 0.011458333333333333 0.029166666666666667
1 0.7208333333333333 0.1597222222222222 0.01875 0.015277777777777777
1 0.746875 0.16527777777777777 0.019270833333333334 0.01875
1 0.7651041666666667 0.15763888888888888 0.015625 0.015277777777777777
3 0.7927083333333333 0.1527777777777778 0.021354166666666667 0.024305555555555556