1 0.5786458333333333 0.9493055555555555 0.03125 0.09930555555555555
1 0.7557291666666667 0.9576388888888889 0.03125 0.08263888888888889
0 0.4791666666666667 0.7444444444444445 0.0484375 0.12291666666666666
1 0.47552083333333334 0.5208333333333334 0.027083333333333334 0.052083333333333336
3 0.44479166666666664 0.4597222222222222 0.030208333333333334 0.04722222222222222
1 0.4140625 0.41180555555555554 0.024479166666666666 0.03958333333333333
0 0.5541666666666667 0.49375 0.0234375 0.09166666666666666
0 0.5536458333333333 0.49375 0.024479166666666666 0.09166666666666666
1 0.5932291666666667 0.42430555555555555 0.019270833333333334 0.04722222222222222
0 0.5609375 0.4152777777777778 0.027083333333333334 0.0798611111111111
0 0.5760416666666667 0.27152777777777776 0.08072916666666667 0.0763888888888889
3 0.6604166666666667 0.2659722222222222 0.030729166666666665 0.03680555555555556
0 0.7276041666666667 0.49166666666666664 0.027083333333333334 0.09513888888888888
1 0.7583333333333333 0.5090277777777777 0.021354166666666667 0.06319444444444444