1 0.078125 0.8111111111111111 0.017708333333333333 0.04375
3 0.18958333333333333 0.8777777777777778 0.017708333333333333 0.03611111111111111
3 0.21770833333333334 0.8715277777777778 0.016666666666666666 0.04375
3 0.234375 0.86875 0.0171875 0.049305555555555554
1 0.25052083333333336 0.8458333333333333 0.013541666666666667 0.04375
1 0.27239583333333334 0.8416666666666667 0.015104166666666667 0.044444444444444446
1 0.2916666666666667 0.8298611111111112 0.013020833333333334 0.04097222222222222
1 0.3046875 0.8284722222222223 0.015104166666666667 0.04027777777777778
1 0.3453125 0.6916666666666667 0.013541666666666667 0.04027777777777778
1 0.33489583333333334 0.47847222222222224 0.0109375 0.027777777777777776
3 0.3380208333333333 0.5458333333333333 0.011458333333333333 0.030555555555555555
1 0.34010416666666665 0.5819444444444445 0.011979166666666667 0.034027777777777775
1 0.46770833333333334 0.5666666666666667 0.0265625 0.015277777777777777
3 0.4744791666666667 0.6173611111111111 0.027604166666666666 0.018055555555555554
1 0.5151041666666667 0.6013888888888889 0.0171875 0.035416666666666666
1 0.5390625 0.6201388888888889 0.011458333333333333 0.03680555555555556
3 0.5458333333333333 0.6534722222222222 0.011458333333333333 0.03333333333333333
2 0.5744791666666667 0.6534722222222222 0.017708333333333333 0.04027777777777778
1 0.5302083333333333 0.5659722222222222 0.013020833333333334 0.030555555555555555
1 0.9901041666666667 0.44166666666666665 0.019270833333333334 0.018055555555555554
3 0.7755208333333333 0.5902777777777778 0.028645833333333332 0.02638888888888889
1 0.44583333333333336 0.7263888888888889 0.029166666666666667 0.022222222222222223
1 0.45260416666666664 0.7465277777777778 0.028645833333333332 0.017361111111111112
1 0.48489583333333336 0.7659722222222223 0.025520833333333333 0.025694444444444443
1 0.5234375 0.36736111111111114 0.011979166666666667 0.03125
1 0.4984375 0.3645833333333333 0.0140625 0.025694444444444443
1 0.5026041666666666 0.3909722222222222 0.013020833333333334 0.029861111111111113
1 0.5130208333333334 0.4638888888888889 0.013020833333333334 0.03263888888888889
1 0.5369791666666667 0.45208333333333334 0.015104166666666667 0.030555555555555555
1 0.5302083333333333 0.39652777777777776 0.0140625 0.03263888888888889