2 0.0375 0.9604166666666667 0.07447916666666667 0.07708333333333334
3 0.19739583333333333 0.9208333333333333 0.041666666666666664 0.12361111111111112
2 0.20833333333333334 0.7805555555555556 0.04739583333333333 0.13055555555555556
1 0.32447916666666665 0.7770833333333333 0.030729166666666665 0.09930555555555555
1 0.3609375 0.7756944444444445 0.025 0.09652777777777778
1 0.39427083333333335 0.7736111111111111 0.026041666666666668 0.09861111111111111
1 0.47760416666666666 0.7604166666666666 0.028125 0.09930555555555555
1 0.9166666666666666 0.11805555555555555 0.03854166666666667 0.02847222222222222
3 0.8958333333333334 0.05625 0.033854166666666664 0.025
1 0.8901041666666667 0.03819444444444445 0.028645833333333332 0.022222222222222223
1 0.8697916666666666 0.009027777777777777 0.03229166666666667 0.017361111111111112