1 0.3546875 0.7847222222222222 0.0578125 0.15416666666666667
3 0.2890625 0.9152777777777777 0.059375 0.14444444444444443
3 0.3229166666666667 0.6173611111111111 0.05416666666666667 0.14791666666666667
1 0.39739583333333334 0.32013888888888886 0.03854166666666667 0.09236111111111112
1 0.4109375 0.16875 0.030729166666666665 0.06875
1 0.40260416666666665 0.11319444444444444 0.0265625 0.06180555555555556
1 0.4140625 0.059027777777777776 0.028645833333333332 0.06458333333333334
1 0.60625 0.4875 0.041666666666666664 0.09930555555555555
1 0.5755208333333334 0.2222222222222222 0.029166666666666667 0.06458333333333334
3 0.5713541666666667 0.1527777777777778 0.027083333333333334 0.058333333333333334
3 0.6984375 0.20694444444444443 0.07916666666666666 0.04861111111111111
1 0.696875 0.24375 0.0734375 0.05555555555555555
1 0.6734375 0.44305555555555554 0.04635416666666667 0.10972222222222222
3 0.8135416666666667 0.9131944444444444 0.1 0.1673611111111111
3 0.8473958333333333 0.7847222222222222 0.11145833333333334 0.08194444444444444
1 0.8177083333333334 0.7145833333333333 0.11875 0.07222222222222222
1 0.6333333333333333 0.7756944444444445 0.05572916666666667 0.14930555555555555
0 0.7526041666666666 0.3770833333333333 0.040625 0.049305555555555554