1 0.5026041666666666 0.7819444444444444 0.06197916666666667 0.14097222222222222
1 0.4817708333333333 0.6145833333333334 0.07135416666666666 0.07083333333333333
1 0.3302083333333333 0.4284722222222222 0.05260416666666667 0.02847222222222222
1 0.3421875 0.4152777777777778 0.059375 0.029861111111111113
1 0.35052083333333334 0.40347222222222223 0.058854166666666666 0.029861111111111113
1 0.465625 0.4625 0.028125 0.04027777777777778
3 0.9776041666666667 0.34791666666666665 0.044270833333333336 0.02847222222222222
1 0.5854166666666667 0.42291666666666666 0.029166666666666667 0.0375
1 0.5828125 0.3840277777777778 0.0234375 0.03333333333333333
1 0.5765625 0.3611111111111111 0.020833333333333332 0.025
1 0.571875 0.3423611111111111 0.0203125 0.02638888888888889
1 0.5604166666666667 0.3076388888888889 0.016145833333333335 0.02013888888888889
1 0.5296875 0.2916666666666667 0.015625 0.020833333333333332
1 0.6697916666666667 0.32222222222222224 0.026041666666666668 0.022222222222222223
1 0.6317708333333333 0.2763888888888889 0.01875 0.019444444444444445
1 0.40989583333333335 0.29375 0.030208333333333334 0.017361111111111112
1 0.55625 0.25972222222222224 0.011979166666666667 0.01597222222222222
1 0.54375 0.25277777777777777 0.011979166666666667 0.015277777777777777
1 0.5276041666666667 0.2548611111111111 0.011979166666666667 0.016666666666666666
1 0.4703125 0.25416666666666665 0.0109375 0.014583333333333334
1 0.4453125 0.22916666666666666 0.022395833333333334 0.013194444444444444
1 0.5260416666666666 0.22916666666666666 0.009375 0.013888888888888888
1 0.5401041666666667 0.22291666666666668 0.010416666666666666 0.0125
1 0.5411458333333333 0.21597222222222223 0.009895833333333333 0.010416666666666666
1 0.5375 0.2111111111111111 0.009375 0.011111111111111112
1 0.5135416666666667 0.1986111111111111 0.00625 0.009027777777777777
1 0.5375 0.19652777777777777 0.0140625 0.008333333333333333