3 0.7104166666666667 0.9284722222222223 0.07083333333333333 0.14097222222222222
1 0.6666666666666666 0.7784722222222222 0.0609375 0.15347222222222223
1 0.6286458333333333 0.6368055555555555 0.05572916666666667 0.13958333333333334
1 0.6125 0.3611111111111111 0.04635416666666667 0.09513888888888888
1 0.6625 0.2902777777777778 0.06197916666666667 0.06111111111111111
2 0.7947916666666667 0.22152777777777777 0.13802083333333334 0.11319444444444444
3 0.9208333333333333 0.1597222222222222 0.057291666666666664 0.058333333333333334
1 0.971875 0.13680555555555557 0.049479166666666664 0.05555555555555555
3 0.321875 0.4444444444444444 0.08072916666666667 0.08888888888888889
2 0.1671875 0.5125 0.14270833333333333 0.12430555555555556
2 0.29010416666666666 0.28402777777777777 0.1140625 0.13680555555555557
1 0.35989583333333336 0.2048611111111111 0.03229166666666667 0.08263888888888889
3 0.36875 0.06111111111111111 0.034375 0.09652777777777778
1 0.2703125 0.024305555555555556 0.03229166666666667 0.04791666666666667