0 0.5927083333333333 0.6527777777777778 0.05416666666666667 0.19305555555555556
1 0.5458333333333333 0.4236111111111111 0.017708333333333333 0.025694444444444443
3 0.5463541666666667 0.3548611111111111 0.0171875 0.027777777777777776
3 0.5333333333333333 0.32708333333333334 0.011458333333333333 0.01597222222222222
1 0.5390625 0.28055555555555556 0.009375 0.010416666666666666
1 0.5255208333333333 0.27569444444444446 0.008333333333333333 0.008333333333333333
1 0.5494791666666666 0.2708333333333333 0.008333333333333333 0.010416666666666666
1 0.521875 0.24930555555555556 0.0078125 0.006944444444444444
1 0.515625 0.2520833333333333 0.005729166666666666 0.007638888888888889
1 0.5286458333333334 0.2375 0.009895833333333333 0.006944444444444444
2 0.5104166666666666 0.24375 0.00625 0.013194444444444444
2 0.4270833333333333 0.32222222222222224 0.01875 0.03611111111111111
3 0.4015625 0.2722222222222222 0.015625 0.008333333333333333
1 0.8869791666666667 0.43819444444444444 0.03333333333333333 0.022916666666666665
0 0.9380208333333333 0.5111111111111111 0.059895833333333336 0.05694444444444444
2 0.9151041666666667 0.4777777777777778 0.05625 0.05625
1 0.14947916666666666 0.4270833333333333 0.0421875 0.022222222222222223
1 0.32447916666666665 0.32222222222222224 0.013541666666666667 0.01597222222222222