1 0.61875 0.01875 0.025 0.0375
3 0.39375 0.06666666666666667 0.059895833333333336 0.04583333333333333
1 0.49947916666666664 0.06666666666666667 0.024479166666666666 0.05694444444444444
1 0.3880208333333333 0.14166666666666666 0.06197916666666667 0.03888888888888889
1 0.3859375 0.21666666666666667 0.059895833333333336 0.04097222222222222
1 0.3880208333333333 0.2923611111111111 0.058333333333333334 0.03819444444444445
1 0.628125 0.25833333333333336 0.029166666666666667 0.07708333333333334
1 0.6338541666666667 0.4201388888888889 0.03229166666666667 0.08263888888888889
1 0.6380208333333334 0.5222222222222223 0.034375 0.08958333333333333
1 0.4984375 0.5236111111111111 0.028645833333333332 0.0875
1 0.6369791666666667 0.6381944444444444 0.027604166666666666 0.09166666666666666
1 0.49375 0.6333333333333333 0.03229166666666667 0.08402777777777778
2 0.6380208333333334 0.7611111111111111 0.0390625 0.11875
1 0.6104166666666667 0.8840277777777777 0.027604166666666666 0.10277777777777777
1 0.49270833333333336 0.9104166666666667 0.028645833333333332 0.10694444444444444
1 0.6473958333333333 0.9652777777777778 0.034375 0.06944444444444445
1 0.3515625 0.8951388888888889 0.0765625 0.04375
1 0.375 0.5854166666666667 0.07447916666666667 0.041666666666666664
3 0.3765625 0.37083333333333335 0.05625 0.050694444444444445