1 0.45989583333333334 0.8055555555555556 0.029166666666666667 0.044444444444444446
1 0.4869791666666667 0.7611111111111111 0.030208333333333334 0.04375
1 0.515625 0.7208333333333333 0.030208333333333334 0.041666666666666664
1 0.6265625 0.7347222222222223 0.028645833333333332 0.04097222222222222
1 0.45729166666666665 0.7673611111111112 0.03125 0.044444444444444446
1 0.44375 0.8638888888888889 0.030729166666666665 0.04583333333333333
1 0.440625 0.9097222222222222 0.03125 0.044444444444444446
1 0.39375 0.9138888888888889 0.030729166666666665 0.04861111111111111
1 0.35989583333333336 0.9520833333333333 0.0359375 0.04375
1 0.309375 0.9833333333333333 0.029166666666666667 0.03333333333333333
1 0.32708333333333334 0.9895833333333334 0.027083333333333334 0.020833333333333332
3 0.4197916666666667 0.8638888888888889 0.027083333333333334 0.03611111111111111
1 0.91875 0.76875 0.036458333333333336 0.04583333333333333
1 0.84375 0.71875 0.03229166666666667 0.043055555555555555
1 0.8770833333333333 0.7222222222222222 0.034375 0.041666666666666664
2 0.8390625 0.7555555555555555 0.041666666666666664 0.05625
1 0.9166666666666666 0.55625 0.034895833333333334 0.04375
1 0.83125 0.4166666666666667 0.030208333333333334 0.04097222222222222
1 0.9223958333333333 0.28541666666666665 0.027604166666666666 0.03888888888888889
1 0.7895833333333333 0.3104166666666667 0.03229166666666667 0.04375
1 0.8161458333333333 0.27152777777777776 0.0265625 0.03819444444444445
1 0.7807291666666667 0.28680555555555554 0.028645833333333332 0.04027777777777778
1 0.7020833333333333 0.29305555555555557 0.030208333333333334 0.043055555555555555
1 0.7416666666666667 0.24305555555555555 0.024479166666666666 0.03611111111111111
1 0.7755208333333333 0.19166666666666668 0.030208333333333334 0.04027777777777778
1 0.6255208333333333 0.3034722222222222 0.027604166666666666 0.041666666666666664
1 0.6697916666666667 0.35138888888888886 0.029166666666666667 0.04027777777777778
1 0.6557291666666667 0.3659722222222222 0.030208333333333334 0.04097222222222222
1 0.64375 0.3854166666666667 0.03229166666666667 0.041666666666666664
1 0.6197916666666666 0.41458333333333336 0.0234375 0.03263888888888889
1 0.6088541666666667 0.4340277777777778 0.03333333333333333 0.03888888888888889
1 0.5697916666666667 0.38819444444444445 0.029166666666666667 0.03888888888888889
1 0.5197916666666667 0.31875 0.027604166666666666 0.03888888888888889
1 0.55 0.20972222222222223 0.030208333333333334 0.041666666666666664
1 0.4921875 0.29097222222222224 0.028645833333333332 0.03888888888888889
1 0.4708333333333333 0.3597222222222222 0.03333333333333333 0.03888888888888889
1 0.39739583333333334 0.31805555555555554 0.034375 0.041666666666666664
1 0.4270833333333333 0.2111111111111111 0.030208333333333334 0.04027777777777778
1 0.4505208333333333 0.24375 0.03125 0.04027777777777778
1 0.43697916666666664 0.23194444444444445 0.029166666666666667 0.04097222222222222
1 0.49947916666666664 0.14583333333333334 0.029166666666666667 0.04027777777777778
1 0.45625 0.1125 0.0265625 0.041666666666666664
1 0.2703125 0.1111111111111111 0.030729166666666665 0.03819444444444445
1 0.3223958333333333 0.175 0.03333333333333333 0.044444444444444446
1 0.32447916666666665 0.08888888888888889 0.030729166666666665 0.03680555555555556
1 0.3098958333333333 0.07708333333333334 0.028645833333333332 0.04027777777777778
1 0.2734375 0.027083333333333334 0.029166666666666667 0.03888888888888889
1 0.21979166666666666 0.04513888888888889 0.025520833333333333 0.035416666666666666
1 0.4296875 0.08125 0.029166666666666667 0.03819444444444445
1 0.4432291666666667 0.09444444444444444 0.027604166666666666 0.03888888888888889
3 0.3963541666666667 0.04652777777777778 0.027083333333333334 0.034027777777777775
3 0.37083333333333335 0.02013888888888889 0.03125 0.04027777777777778
1 0.3880208333333333 0.03125 0.027083333333333334 0.04097222222222222
3 0.5973958333333333 0.46041666666666664 0.027083333333333334 0.03680555555555556
3 0.5041666666666667 0.45069444444444445 0.030729166666666665 0.041666666666666664
2 0.5520833333333334 0.5180555555555556 0.04010416666666667 0.05347222222222222
1 0.5401041666666667 0.6819444444444445 0.028645833333333332 0.04027777777777778
1 0.528125 0.6506944444444445 0.034895833333333334 0.04097222222222222
1 0.8734375 0.5111111111111111 0.03229166666666667 0.04375
1 0.8666666666666667 0.48541666666666666 0.0265625 0.03819444444444445
1 0.9223958333333333 0.44583333333333336 0.0328125 0.04375
1 0.9421875 0.37569444444444444 0.024479166666666666 0.03333333333333333
1 0.9630208333333333 0.33541666666666664 0.030208333333333334 0.04027777777777778
3 0.9177083333333333 0.4131944444444444 0.03229166666666667 0.04583333333333333
1 0.9848958333333333 0.2923611111111111 0.028645833333333332 0.04583333333333333
1 0.8416666666666667 0.23333333333333334 0.030208333333333334 0.041666666666666664
1 0.8057291666666667 0.24305555555555555 0.025520833333333333 0.034027777777777775
1 0.8380208333333333 0.09027777777777778 0.029166666666666667 0.03888888888888889
1 0.8057291666666667 0.13958333333333334 0.030208333333333334 0.03888888888888889
1 0.796875 0.1597222222222222 0.030729166666666665 0.03819444444444445
1 0.7869791666666667 0.17708333333333334 0.030208333333333334 0.03819444444444445
1 0.8692708333333333 0.19027777777777777 0.022916666666666665 0.034027777777777775
1 0.8984375 0.14930555555555555 0.029166666666666667 0.04027777777777778
3 0.9234375 0.11041666666666666 0.034375 0.04583333333333333
1 0.8630208333333333 0.059722222222222225 0.027604166666666666 0.03819444444444445
1 0.8723958333333334 0.04652777777777778 0.030208333333333334 0.03888888888888889
1 0.85 0.0763888888888889 0.025520833333333333 0.034027777777777775
1 0.9739583333333334 0.035416666666666666 0.027604166666666666 0.04097222222222222
1 0.9484375 0.07152777777777777 0.030208333333333334 0.041666666666666664
1 0.21875 0.48680555555555555 0.030729166666666665 0.041666666666666664
1 0.14739583333333334 0.5201388888888889 0.03333333333333333 0.043055555555555555
1 0.17395833333333333 0.4965277777777778 0.034895833333333334 0.03819444444444445
3 0.2708333333333333 0.6722222222222223 0.03229166666666667 0.04652777777777778
1 0.2265625 0.6201388888888889 0.03229166666666667 0.04097222222222222
1 0.19583333333333333 0.5791666666666667 0.03125 0.04027777777777778
1 0.24583333333333332 0.5826388888888889 0.030208333333333334 0.03819444444444445
1 0.6859375 0.8513888888888889 0.03229166666666667 0.04791666666666667
3 0.9807291666666667 0.7555555555555555 0.03854166666666667 0.025