1 0.15833333333333333 0.9777777777777777 0.05572916666666667 0.04375
1 0.3484375 0.8916666666666667 0.04375 0.07013888888888889
2 0.38229166666666664 0.7361111111111112 0.05572916666666667 0.0875
2 0.16302083333333334 0.8388888888888889 0.0390625 0.05694444444444444
2 0.20833333333333334 0.7631944444444444 0.044270833333333336 0.06319444444444444
1 0.24635416666666668 0.7041666666666667 0.041666666666666664 0.058333333333333334
3 0.27447916666666666 0.6534722222222222 0.040625 0.05416666666666667
1 0.014583333333333334 0.49375 0.029166666666666667 0.06388888888888888
1 0.11927083333333334 0.35833333333333334 0.042708333333333334 0.02847222222222222
1 0.13020833333333334 0.325 0.0515625 0.03125
1 0.13489583333333333 0.2902777777777778 0.0515625 0.03333333333333333
1 0.04895833333333333 0.27291666666666664 0.0265625 0.06597222222222222
1 0.0171875 0.2763888888888889 0.028645833333333332 0.06180555555555556
3 0.3609375 0.5256944444444445 0.0484375 0.06875
3 0.4041666666666667 0.4673611111111111 0.040625 0.052083333333333336
1 0.4390625 0.41388888888888886 0.041666666666666664 0.05625
1 0.3927083333333333 0.3763888888888889 0.0421875 0.06388888888888888
1 0.48489583333333336 0.34652777777777777 0.041666666666666664 0.05416666666666667
1 0.53125 0.28958333333333336 0.040625 0.05555555555555555
1 0.5661458333333333 0.2388888888888889 0.034895833333333334 0.049305555555555554
3 0.5947916666666667 0.20069444444444445 0.0328125 0.04375
3 0.6427083333333333 0.1388888888888889 0.042708333333333334 0.06319444444444444
1 0.5307291666666667 0.5090277777777777 0.041666666666666664 0.05625
1 0.6760416666666667 0.3125 0.0421875 0.05694444444444444
1 0.6963541666666667 0.125 0.042708333333333334 0.05416666666666667
1 0.7130208333333333 0.10208333333333333 0.042708333333333334 0.05555555555555555
1 0.7338541666666667 0.08263888888888889 0.036458333333333336 0.058333333333333334
1 0.709375 0.04722222222222222 0.041666666666666664 0.05416666666666667
1 0.540625 0.9340277777777778 0.042708333333333334 0.06597222222222222
1 0.5963541666666666 0.8493055555555555 0.044270833333333336 0.06319444444444444
3 0.6395833333333333 0.8263888888888888 0.0234375 0.06180555555555556
1 0.6671875 0.8006944444444445 0.021354166666666667 0.06875
1 0.7328125 0.7736111111111111 0.027083333333333334 0.07152777777777777
3 0.6723958333333333 0.6638888888888889 0.0421875 0.05694444444444444
1 0.6598958333333333 0.6354166666666666 0.041666666666666664 0.058333333333333334
2 0.7661458333333333 0.5340277777777778 0.04479166666666667 0.059027777777777776
1 0.7458333333333333 0.5118055555555555 0.034895833333333334 0.04652777777777778
1 0.7828125 0.46875 0.041666666666666664 0.05555555555555555
1 0.8364583333333333 0.43680555555555556 0.04010416666666667 0.05416666666666667
3 0.8484375 0.5645833333333333 0.040625 0.058333333333333334
2 0.8890625 0.32430555555555557 0.04739583333333333 0.058333333333333334
1 0.8994791666666667 0.22847222222222222 0.041666666666666664 0.05555555555555555
1 0.9177083333333333 0.06458333333333334 0.042708333333333334 0.052083333333333336
1 0.984375 0.20069444444444445 0.03125 0.05138888888888889
1 0.4510416666666667 0.95625 0.04375 0.06458333333333334