1 0.3 0.9048611111111111 0.0359375 0.09652777777777778
1 0.3104166666666667 0.5048611111111111 0.025 0.04583333333333333
1 0.346875 0.5333333333333333 0.022395833333333334 0.041666666666666664
1 0.08177083333333333 0.6916666666666667 0.029166666666666667 0.06319444444444444
1 0.42239583333333336 0.44513888888888886 0.020833333333333332 0.043055555555555555
1 0.3098958333333333 0.32222222222222224 0.016666666666666666 0.027777777777777776
1 0.25885416666666666 0.43472222222222223 0.015104166666666667 0.03958333333333333
1 0.15260416666666668 0.2923611111111111 0.017708333333333333 0.029166666666666667
1 0.17708333333333334 0.2388888888888889 0.0171875 0.025694444444444443
1 0.24583333333333332 0.13958333333333334 0.013541666666666667 0.02013888888888889
1 0.33125 0.21319444444444444 0.013541666666666667 0.025694444444444443
1 0.37447916666666664 0.29791666666666666 0.015104166666666667 0.034027777777777775
1 0.38125 0.21944444444444444 0.0140625 0.03333333333333333
1 0.32916666666666666 0.16527777777777777 0.0109375 0.022916666666666665
1 0.1890625 0.10902777777777778 0.009895833333333333 0.018055555555555554
1 0.353125 0.07152777777777777 0.0078125 0.016666666666666666
1 0.32916666666666666 0.11319444444444444 0.0078125 0.018055555555555554
1 0.3380208333333333 0.05763888888888889 0.0078125 0.016666666666666666
1 0.30625 0.06388888888888888 0.007291666666666667 0.013888888888888888
1 0.115625 0.4361111111111111 0.019791666666666666 0.03958333333333333
1 0.008854166666666666 0.4875 0.017708333333333333 0.035416666666666666
1 0.2833333333333333 0.03611111111111111 0.008333333333333333 0.013888888888888888
1 0.3151041666666667 0.050694444444444445 0.009375 0.0125
1 0.3265625 0.04027777777777778 0.008333333333333333 0.018055555555555554
1 0.28072916666666664 0.013888888888888888 0.008333333333333333 0.0125
2 0.30885416666666665 0.19722222222222222 0.017708333333333333 0.04722222222222222
2 0.203125 0.18472222222222223 0.0265625 0.044444444444444446
3 0.2796875 0.08680555555555555 0.009375 0.01875
3 0.33489583333333334 0.3388888888888889 0.0171875 0.04027777777777778
1 0.8973958333333333 0.39305555555555555 0.025520833333333333 0.029166666666666667
2 0.058333333333333334 0.8555555555555555 0.05 0.13472222222222222
2 0.2635416666666667 0.7020833333333333 0.04010416666666667 0.13472222222222222
0 0.21770833333333334 0.6569444444444444 0.030729166666666665 0.16597222222222222
1 0.022916666666666665 0.1597222222222222 0.0171875 0.015277777777777777
3 0.028645833333333332 0.15069444444444444 0.01875 0.016666666666666666
1 0.0390625 0.15 0.013020833333333334 0.015277777777777777
1 0.0453125 0.1451388888888889 0.019270833333333334 0.01875
1 0.049479166666666664 0.13472222222222222 0.017708333333333333 0.018055555555555554
3 0.019270833333333334 0.13472222222222222 0.019791666666666666 0.018055555555555554
3 0.030208333333333334 0.13194444444444445 0.016666666666666666 0.018055555555555554