1 0.5010416666666667 0.8611111111111112 0.0421875 0.058333333333333334
1 0.5083333333333333 0.9222222222222223 0.042708333333333334 0.05416666666666667
1 0.5010416666666667 0.9715277777777778 0.049479166666666664 0.05555555555555555
1 0.3776041666666667 0.47152777777777777 0.015104166666666667 0.02638888888888889
1 0.6479166666666667 0.6444444444444445 0.0359375 0.02013888888888889
1 0.6005208333333333 0.6402777777777777 0.0390625 0.02013888888888889
1 0.6005208333333333 0.6576388888888889 0.03125 0.018055555555555554
1 0.5322916666666667 0.15486111111111112 0.0036458333333333334 0.004861111111111111
1 0.5010416666666667 0.1798611111111111 0.0036458333333333334 0.004861111111111111
2 0.47239583333333335 0.2361111111111111 0.00625 0.015277777777777777
2 0.49375 0.19166666666666668 0.00625 0.011111111111111112
1 0.8015625 0.3840277777777778 0.019270833333333334 0.0125
1 0.7682291666666666 0.39166666666666666 0.016666666666666666 0.015277777777777777
1 0.7817708333333333 0.3888888888888889 0.011979166666666667 0.0125