1 0.7244791666666667 0.6395833333333333 0.06927083333333334 0.04652777777777778
1 0.63125 0.5604166666666667 0.04375 0.044444444444444446
1 0.5833333333333334 0.5631944444444444 0.042708333333333334 0.04375
1 0.5473958333333333 0.75 0.049479166666666664 0.07361111111111111
1 0.5098958333333333 0.8368055555555556 0.050520833333333334 0.09444444444444444
1 0.43333333333333335 0.6479166666666667 0.042708333333333334 0.04375
1 0.2921875 0.5784722222222223 0.04739583333333333 0.03333333333333333
1 0.5307291666666667 0.48333333333333334 0.025520833333333333 0.035416666666666666
1 0.5197916666666667 0.4111111111111111 0.0171875 0.025694444444444443
1 0.5026041666666666 0.425 0.0171875 0.02638888888888889
1 0.4817708333333333 0.42986111111111114 0.017708333333333333 0.02638888888888889
1 0.459375 0.42986111111111114 0.013020833333333334 0.030555555555555555
1 0.509375 0.3715277777777778 0.015625 0.025
1 0.5005208333333333 0.34097222222222223 0.013541666666666667 0.020833333333333332
1 0.46979166666666666 0.37916666666666665 0.0140625 0.02638888888888889
1 0.45208333333333334 0.3638888888888889 0.011458333333333333 0.020833333333333332
1 0.45677083333333335 0.40555555555555556 0.013541666666666667 0.025694444444444443
1 0.4557291666666667 0.38333333333333336 0.013020833333333334 0.02361111111111111
1 0.47760416666666666 0.4076388888888889 0.013020833333333334 0.02638888888888889
1 0.4505208333333333 0.3486111111111111 0.013541666666666667 0.020833333333333332
1 0.4671875 0.34930555555555554 0.013020833333333334 0.02361111111111111
1 0.46510416666666665 0.33194444444444443 0.011979166666666667 0.01597222222222222
1 0.45989583333333334 0.3194444444444444 0.009375 0.01597222222222222
1 0.4640625 0.20972222222222223 0.011979166666666667 0.01875
1 0.1609375 0.6083333333333333 0.05 0.03333333333333333
1 0.7260416666666667 0.9444444444444444 0.06927083333333334 0.11041666666666666
1 0.9515625 0.7534722222222222 0.09583333333333334 0.08888888888888889
1 0.9671875 0.6569444444444444 0.06145833333333333 0.04652777777777778