1 0.5109375 0.5236111111111111 0.013020833333333334 0.04722222222222222
2 0.6395833333333333 0.6534722222222222 0.0421875 0.05555555555555555
1 0.6208333333333333 0.6284722222222222 0.025520833333333333 0.03333333333333333
1 0.6130208333333333 0.6131944444444445 0.027083333333333334 0.035416666666666666
1 0.5984375 0.5777777777777777 0.0265625 0.02638888888888889
1 0.5973958333333333 0.5611111111111111 0.027604166666666666 0.025694444444444443
1 0.7223958333333333 0.6451388888888889 0.0171875 0.044444444444444446
1 0.6848958333333334 0.5868055555555556 0.030208333333333334 0.02638888888888889
1 0.6838541666666667 0.5694444444444444 0.025 0.02638888888888889
1 0.6859375 0.5555555555555556 0.029166666666666667 0.030555555555555555
0 0.7302083333333333 0.5618055555555556 0.015104166666666667 0.04722222222222222
3 0.7328125 0.5083333333333333 0.013020833333333334 0.03680555555555556
3 0.6875 0.5368055555555555 0.029166666666666667 0.030555555555555555
1 0.6901041666666666 0.5229166666666667 0.027083333333333334 0.027777777777777776
1 0.6947916666666667 0.5076388888888889 0.030729166666666665 0.025694444444444443
1 0.740625 0.43194444444444446 0.011458333333333333 0.034027777777777775
1 0.7260416666666667 0.43125 0.011979166666666667 0.03333333333333333
1 0.7140625 0.4236111111111111 0.011979166666666667 0.03333333333333333
1 0.703125 0.4222222222222222 0.013541666666666667 0.03680555555555556
1 0.690625 0.41944444444444445 0.013020833333333334 0.03680555555555556
1 0.6776041666666667 0.4111111111111111 0.011458333333333333 0.03333333333333333
1 0.6640625 0.40625 0.011979166666666667 0.03333333333333333
1 0.6520833333333333 0.4 0.013020833333333334 0.035416666666666666
1 0.6822916666666666 0.10208333333333333 0.015625 0.016666666666666666
1 0.7755208333333333 0.09027777777777778 0.011979166666666667 0.022916666666666665
2 0.5223958333333333 0.3784722222222222 0.015104166666666667 0.08402777777777778
1 0.5244791666666667 0.2611111111111111 0.009375 0.03333333333333333
1 0.5104166666666666 0.25833333333333336 0.009375 0.02638888888888889
1 0.5609375 0.0763888888888889 0.007291666666666667 0.02013888888888889
1 0.5296875 0.06319444444444444 0.0078125 0.018055555555555554
1 0.4583333333333333 0.04791666666666667 0.0078125 0.015277777777777777