3 0.6291666666666667 0.16875 0.043229166666666666 0.0625
3 0.5260416666666666 0.21875 0.0890625 0.041666666666666664
3 0.528125 0.19444444444444445 0.071875 0.050694444444444445
3 0.5515625 0.175 0.06614583333333333 0.05763888888888889
3 0.5609375 0.1388888888888889 0.0703125 0.058333333333333334
1 0.5791666666666667 0.034722222222222224 0.06041666666666667 0.03888888888888889
3 0.42135416666666664 0.13472222222222222 0.0671875 0.05347222222222222
3 0.4239583333333333 0.11666666666666667 0.06614583333333333 0.05416666666666667
3 0.44947916666666665 0.05694444444444444 0.03958333333333333 0.04583333333333333
1 0.5026041666666666 0.029166666666666667 0.034375 0.03819444444444445
1 0.528125 0.013194444444444444 0.0296875 0.025694444444444443
3 0.3984375 0.017361111111111112 0.06354166666666666 0.034027777777777775
1 0.4270833333333333 0.009722222222222222 0.041666666666666664 0.019444444444444445
3 0.3546875 0.21666666666666667 0.0828125 0.06597222222222222
3 0.3463541666666667 0.05347222222222222 0.057291666666666664 0.041666666666666664
3 0.375 0.10486111111111111 0.0515625 0.04513888888888889
1 0.3078125 0.1451388888888889 0.043229166666666666 0.04791666666666667
3 0.25625 0.28402777777777777 0.10833333333333334 0.06458333333333334
3 0.022916666666666665 0.2548611111111111 0.04583333333333333 0.06875
3 0.04010416666666667 0.3173611111111111 0.08020833333333334 0.08888888888888889
3 0.06666666666666667 0.4618055555555556 0.1328125 0.12083333333333333
1 0.29270833333333335 0.5993055555555555 0.16145833333333334 0.14166666666666666
1 0.25885416666666666 0.5111111111111111 0.0390625 0.05416666666666667