1 0.051041666666666666 0.8840277777777777 0.10208333333333333 0.23125
1 0.13645833333333332 0.9347222222222222 0.09166666666666666 0.13055555555555556
1 0.3265625 0.8270833333333333 0.09375 0.2520833333333333
1 0.128125 0.6229166666666667 0.109375 0.18472222222222223
1 0.7734375 0.70625 0.11354166666666667 0.18194444444444444
1 0.7005208333333334 0.5430555555555555 0.1 0.14583333333333334
1 0.671875 0.4173611111111111 0.075 0.11875
1 0.5484375 0.41597222222222224 0.05625 0.10486111111111111
3 0.34739583333333335 0.5680555555555555 0.07239583333333334 0.1701388888888889
3 0.18697916666666667 0.44930555555555557 0.09479166666666666 0.1701388888888889
1 0.6416666666666667 0.3229166666666667 0.059375 0.07777777777777778
1 0.36302083333333335 0.41805555555555557 0.06145833333333333 0.12222222222222222
1 0.2552083333333333 0.4895833333333333 0.075 0.1486111111111111
1 0.959375 0.5166666666666667 0.08125 0.08333333333333333
1 0.9692708333333333 0.6319444444444444 0.06145833333333333 0.06944444444444445
1 0.9473958333333333 0.4534722222222222 0.10520833333333333 0.09166666666666666
1 0.9432291666666667 0.3784722222222222 0.11354166666666667 0.0763888888888889
1 0.9567708333333333 0.3388888888888889 0.08645833333333333 0.06180555555555556
1 0.9911458333333333 0.07222222222222222 0.017708333333333333 0.030555555555555555
1 0.9401041666666666 0.07222222222222222 0.07239583333333334 0.03819444444444445
3 0.9427083333333334 0.13819444444444445 0.0859375 0.04791666666666667
3 0.8572916666666667 0.1763888888888889 0.07239583333333334 0.06388888888888888
3 0.7880208333333333 0.13541666666666666 0.0859375 0.05138888888888889
3 0.6447916666666667 0.05347222222222222 0.0859375 0.059027777777777776
3 0.5427083333333333 0.05694444444444444 0.05416666666666667 0.04583333333333333
3 0.2911458333333333 0.058333333333333334 0.0734375 0.041666666666666664
3 0.46510416666666665 0.20972222222222223 0.042708333333333334 0.08472222222222223
1 0.5682291666666667 0.26666666666666666 0.0609375 0.07222222222222222
1 0.2755208333333333 0.3701388888888889 0.06197916666666667 0.09652777777777778
1 0.08020833333333334 0.34097222222222223 0.13489583333333333 0.08194444444444444
1 0.06041666666666667 0.30833333333333335 0.09791666666666667 0.0763888888888889
1 0.04479166666666667 0.2701388888888889 0.06875 0.06944444444444445
3 0.25729166666666664 0.22083333333333333 0.08645833333333333 0.07222222222222222
1 0.23229166666666667 0.20555555555555555 0.0828125 0.06180555555555556
1 0.20833333333333334 0.1840277777777778 0.08802083333333334 0.05694444444444444
1 0.17760416666666667 0.16597222222222222 0.0859375 0.05416666666666667
1 0.0359375 0.13680555555555557 0.049479166666666664 0.06597222222222222
1 0.025520833333333333 0.1111111111111111 0.029166666666666667 0.044444444444444446
1 0.078125 0.05486111111111111 0.07916666666666666 0.035416666666666666
1 0.2171875 0.05694444444444444 0.06302083333333333 0.03611111111111111
1 0.37864583333333335 0.20694444444444443 0.04739583333333333 0.07222222222222222
1 0.38697916666666665 0.06111111111111111 0.06197916666666667 0.03611111111111111
1 0.46875 0.059722222222222225 0.06145833333333333 0.03680555555555556
1 0.6276041666666666 0.20277777777777778 0.0484375 0.06111111111111111
1 0.7036458333333333 0.14930555555555555 0.06302083333333333 0.04583333333333333
1 0.828125 0.19305555555555556 0.0765625 0.07152777777777777
1 0.7833333333333333 0.06944444444444445 0.06770833333333333 0.03819444444444445
1 0.8598958333333333 0.06944444444444445 0.06979166666666667 0.03611111111111111
1 0.109375 0.11736111111111111 0.07708333333333334 0.03819444444444445
1 0.019791666666666666 0.10833333333333334 0.0390625 0.043055555555555555