1 0.7119791666666667 0.9041666666666667 0.19479166666666667 0.19166666666666668
3 0.9208333333333333 0.5145833333333333 0.11770833333333333 0.09513888888888888
1 0.5697916666666667 0.2465277777777778 0.0578125 0.05138888888888889
1 0.6958333333333333 0.21944444444444444 0.0390625 0.04097222222222222
1 0.678125 0.28680555555555554 0.0609375 0.06388888888888888
1 0.7166666666666667 0.2534722222222222 0.04479166666666667 0.050694444444444445
1 0.7567708333333333 0.21180555555555555 0.040625 0.050694444444444445
3 0.7833333333333333 0.1798611111111111 0.0359375 0.059722222222222225
1 0.8020833333333334 0.1625 0.025520833333333333 0.035416666666666666
1 0.8130208333333333 0.14097222222222222 0.022395833333333334 0.02847222222222222
1 0.8140625 0.11875 0.021354166666666667 0.025694444444444443
1 0.7994791666666666 0.10902777777777778 0.020833333333333332 0.02361111111111111
1 0.8046875 0.09513888888888888 0.019270833333333334 0.022916666666666665
1 0.8333333333333334 0.10555555555555556 0.024479166666666666 0.022222222222222223
1 0.8234375 0.09166666666666666 0.020833333333333332 0.020833333333333332
1 0.8354166666666667 0.08263888888888889 0.022395833333333334 0.022916666666666665
1 0.8609375 0.1076388888888889 0.025 0.03263888888888889
1 0.85625 0.09166666666666666 0.015104166666666667 0.01597222222222222
1 0.9598958333333333 0.12361111111111112 0.04791666666666667 0.030555555555555555
1 0.8723958333333334 0.08194444444444444 0.034895833333333334 0.017361111111111112
1 0.8604166666666667 0.07569444444444444 0.03229166666666667 0.025694444444444443
1 0.85625 0.07430555555555556 0.0328125 0.020833333333333332
1 0.8484375 0.06736111111111111 0.040625 0.018055555555555554
1 0.8401041666666667 0.0625 0.03333333333333333 0.018055555555555554
1 0.8359375 0.05347222222222222 0.030208333333333334 0.01875
1 0.8015625 0.08125 0.022916666666666665 0.022916666666666665
1 0.7963541666666667 0.075 0.01875 0.025694444444444443
1 0.7776041666666667 0.11180555555555556 0.017708333333333333 0.025694444444444443
1 0.7723958333333333 0.12361111111111112 0.019791666666666666 0.029861111111111113
1 0.7661458333333333 0.1375 0.022395833333333334 0.027777777777777776
1 0.7541666666666667 0.15347222222222223 0.030208333333333334 0.034027777777777775