1 0.10520833333333333 0.5763888888888888 0.1234375 0.09652777777777778
1 0.1609375 0.4979166666666667 0.08072916666666667 0.06180555555555556
1 0.26979166666666665 0.44027777777777777 0.06666666666666667 0.04791666666666667
1 0.13697916666666668 0.45694444444444443 0.0859375 0.05625
1 0.0765625 0.41805555555555557 0.09791666666666667 0.05347222222222222
1 0.14635416666666667 0.41805555555555557 0.06979166666666667 0.04375
1 0.3854166666666667 0.3763888888888889 0.0421875 0.035416666666666666
1 0.9286458333333333 0.5111111111111111 0.10989583333333333 0.05347222222222222
1 0.9692708333333333 0.44166666666666665 0.058333333333333334 0.04583333333333333
1 0.93125 0.42777777777777776 0.06510416666666667 0.05138888888888889
1 0.7921875 0.37777777777777777 0.04739583333333333 0.04097222222222222
1 0.7609375 0.3701388888888889 0.0390625 0.04097222222222222
1 0.7255208333333333 0.3645833333333333 0.04739583333333333 0.030555555555555555
1 0.7072916666666667 0.3625 0.06979166666666667 0.03680555555555556
1 0.7052083333333333 0.3486111111111111 0.059375 0.034027777777777775
1 0.6984375 0.34097222222222223 0.06197916666666667 0.02847222222222222
1 0.6942708333333333 0.3368055555555556 0.05572916666666667 0.03263888888888889
1 0.6776041666666667 0.30833333333333335 0.04375 0.022916666666666665
1 0.6765625 0.2965277777777778 0.03229166666666667 0.017361111111111112
1 0.6802083333333333 0.2916666666666667 0.03125 0.022222222222222223
1 0.6041666666666666 0.2388888888888889 0.009375 0.0125
1 0.6302083333333334 0.24722222222222223 0.011979166666666667 0.014583333333333334
1 0.63125 0.24305555555555555 0.008333333333333333 0.013194444444444444
1 0.5927083333333333 0.22083333333333333 0.007291666666666667 0.007638888888888889
1 0.4203125 0.30625 0.027604166666666666 0.022222222222222223
1 0.44479166666666664 0.2902777777777778 0.022916666666666665 0.017361111111111112
1 0.46510416666666665 0.28125 0.019791666666666666 0.015277777777777777
1 0.4744791666666667 0.2743055555555556 0.0171875 0.017361111111111112
1 0.4859375 0.26875 0.016666666666666666 0.013194444444444444
1 0.496875 0.26319444444444445 0.015104166666666667 0.013194444444444444
1 0.503125 0.2569444444444444 0.015104166666666667 0.011111111111111112
1 0.5083333333333333 0.2534722222222222 0.011979166666666667 0.013194444444444444
3 0.5145833333333333 0.24791666666666667 0.013541666666666667 0.0125
1 0.5244791666666667 0.24583333333333332 0.009375 0.009722222222222222
1 0.5338541666666666 0.24097222222222223 0.0109375 0.009722222222222222
1 0.409375 0.2965277777777778 0.021354166666666667 0.02013888888888889
1 0.43072916666666666 0.2861111111111111 0.021354166666666667 0.02013888888888889
1 0.44479166666666664 0.2743055555555556 0.019270833333333334 0.01875
1 0.4609375 0.27152777777777776 0.017708333333333333 0.017361111111111112
1 0.4484375 0.26458333333333334 0.0140625 0.013194444444444444
1 0.4588541666666667 0.25972222222222224 0.013541666666666667 0.011111111111111112
1 0.46979166666666666 0.26319444444444445 0.0171875 0.013194444444444444
1 0.4796875 0.25833333333333336 0.013541666666666667 0.0125
1 0.48802083333333335 0.2569444444444444 0.013020833333333334 0.013194444444444444
1 0.49322916666666666 0.2520833333333333 0.013541666666666667 0.0125
0 0.471875 0.24791666666666667 0.030729166666666665 0.02638888888888889
0 0.4197916666666667 0.26875 0.04583333333333333 0.03680555555555556
1 0.38385416666666666 0.2951388888888889 0.027604166666666666 0.022916666666666665
1 0.3515625 0.3055555555555556 0.030729166666666665 0.02361111111111111
1 0.3890625 0.32083333333333336 0.030729166666666665 0.02638888888888889
1 0.35260416666666666 0.34305555555555556 0.04010416666666667 0.02847222222222222
1 0.35052083333333334 0.3236111111111111 0.03333333333333333 0.025
1 0.2916666666666667 0.33541666666666664 0.034895833333333334 0.025
1 0.3067708333333333 0.3458333333333333 0.0390625 0.03263888888888889
1 0.2734375 0.3875 0.057291666666666664 0.04027777777777778
1 0.20885416666666667 0.36736111111111114 0.04479166666666667 0.03611111111111111
1 0.234375 0.3784722222222222 0.06145833333333333 0.044444444444444446
2 0.3026041666666667 0.2777777777777778 0.05572916666666667 0.034027777777777775
2 0.39114583333333336 0.2520833333333333 0.03229166666666667 0.02847222222222222
1 0.4432291666666667 0.32013888888888886 0.03229166666666667 0.022916666666666665
2 0.4895833333333333 0.3909722222222222 0.040625 0.050694444444444445
3 0.5083333333333333 0.3590277777777778 0.04791666666666667 0.03819444444444445
1 0.5317708333333333 0.34305555555555556 0.04479166666666667 0.034027777777777775
2 0.5239583333333333 0.32569444444444445 0.03333333333333333 0.041666666666666664
2 0.5005208333333333 0.24166666666666667 0.017708333333333333 0.01875
1 0.5114583333333333 0.24444444444444444 0.008333333333333333 0.009722222222222222
1 0.5166666666666667 0.24166666666666667 0.008333333333333333 0.009722222222222222
1 0.5203125 0.24097222222222223 0.00625 0.011111111111111112