1 0.16927083333333334 0.05555555555555555 0.0359375 0.022916666666666665
1 0.3140625 0.03194444444444444 0.0328125 0.022222222222222223
1 0.45260416666666664 0.9840277777777777 0.0609375 0.029861111111111113
3 0.8640625 0.8881944444444444 0.09635416666666667 0.11736111111111111
1 0.7447916666666666 0.7166666666666667 0.058333333333333334 0.06597222222222222
1 0.9744791666666667 0.6527777777777778 0.050520833333333334 0.075
2 0.6973958333333333 0.16458333333333333 0.04791666666666667 0.04791666666666667
3 0.7708333333333334 0.12430555555555556 0.030208333333333334 0.03680555555555556
3 0.8473958333333333 0.10277777777777777 0.028645833333333332 0.03263888888888889
3 0.9822916666666667 0.1326388888888889 0.034895833333333334 0.027777777777777776
1 0.9911458333333333 0.12777777777777777 0.017708333333333333 0.027777777777777776
1 0.94375 0.14652777777777778 0.04479166666666667 0.041666666666666664
3 0.8880208333333334 0.08472222222222223 0.03854166666666667 0.03819444444444445
3 0.9130208333333333 0.075 0.029166666666666667 0.03263888888888889
1 0.9005208333333333 0.08472222222222223 0.03229166666666667 0.02847222222222222
1 0.9380208333333333 0.07361111111111111 0.034895833333333334 0.02847222222222222
1 0.9588541666666667 0.059722222222222225 0.03229166666666667 0.02847222222222222
1 0.9927083333333333 0.0375 0.0140625 0.02361111111111111