1 0.5447916666666667 0.3611111111111111 0.0036458333333333334 0.005555555555555556
1 0.5583333333333333 0.36180555555555555 0.005208333333333333 0.005555555555555556
1 0.5651041666666666 0.3645833333333333 0.005208333333333333 0.007638888888888889
1 0.5619791666666667 0.3763888888888889 0.004166666666666667 0.005555555555555556
1 0.56875 0.38263888888888886 0.005208333333333333 0.008333333333333333
1 0.5802083333333333 0.3729166666666667 0.005729166666666666 0.008333333333333333
1 0.5770833333333333 0.3902777777777778 0.005729166666666666 0.007638888888888889
1 0.5901041666666667 0.38819444444444445 0.005729166666666666 0.008333333333333333
1 0.5786458333333333 0.4173611111111111 0.007291666666666667 0.009722222222222222
1 0.546875 0.42291666666666666 0.00625 0.007638888888888889
1 0.6067708333333334 0.40694444444444444 0.0078125 0.009722222222222222
1 0.6005208333333333 0.4222222222222222 0.0078125 0.009722222222222222
1 0.6276041666666666 0.4215277777777778 0.009895833333333333 0.010416666666666666
3 0.6255208333333333 0.4375 0.009895833333333333 0.0125
1 0.525 0.4354166666666667 0.004166666666666667 0.007638888888888889
1 0.5390625 0.4423611111111111 0.005729166666666666 0.008333333333333333
1 0.5484375 0.44027777777777777 0.005729166666666666 0.008333333333333333
1 0.5442708333333334 0.49236111111111114 0.007291666666666667 0.011111111111111112
1 0.5265625 0.525 0.013541666666666667 0.01597222222222222
1 0.5473958333333333 0.5472222222222223 0.009375 0.014583333333333334
1 0.5859375 0.5159722222222223 0.0109375 0.015277777777777777
1 0.5729166666666666 0.5645833333333333 0.011458333333333333 0.018055555555555554
1 0.5536458333333333 0.5888888888888889 0.009895833333333333 0.01875
1 0.6359375 0.4618055555555556 0.011979166666666667 0.013194444444444444
3 0.6322916666666667 0.48125 0.0109375 0.017361111111111112
1 0.6197916666666666 0.49444444444444446 0.009895833333333333 0.014583333333333334
1 0.6546875 0.4791666666666667 0.0109375 0.015277777777777777
1 0.7166666666666667 0.5826388888888889 0.019791666666666666 0.02638888888888889
1 0.5630208333333333 0.6430555555555556 0.013541666666666667 0.02638888888888889
1 0.5953125 0.73125 0.017708333333333333 0.03611111111111111
1 0.6171875 0.7270833333333333 0.01875 0.035416666666666666
1 0.6041666666666666 0.7708333333333334 0.020833333333333332 0.043055555555555555
1 0.5880208333333333 0.8215277777777777 0.021354166666666667 0.04861111111111111
1 0.6119791666666666 0.81875 0.022395833333333334 0.044444444444444446
1 0.6197916666666666 0.8729166666666667 0.024479166666666666 0.052083333333333336
1 0.6083333333333333 0.9444444444444444 0.025520833333333333 0.06736111111111111
3 0.6390625 0.9479166666666666 0.028645833333333332 0.06875
3 0.6276041666666666 0.7701388888888889 0.024479166666666666 0.041666666666666664
3 0.6395833333333333 0.8173611111111111 0.027604166666666666 0.050694444444444445
3 0.6604166666666667 0.7902777777777777 0.027604166666666666 0.050694444444444445
3 0.6765625 0.8486111111111111 0.03125 0.059027777777777776
3 0.6552083333333333 0.8826388888888889 0.03229166666666667 0.059027777777777776
3 0.6989583333333333 0.9131944444444444 0.036458333333333336 0.06944444444444445
2 0.66875 0.9527777777777777 0.05625 0.09444444444444444
1 0.7244791666666667 0.9805555555555555 0.0359375 0.03888888888888889
1 0.7541666666666667 0.9472222222222222 0.04479166666666667 0.08125
1 0.88125 0.8055555555555556 0.05364583333333333 0.06666666666666667
1 0.9505208333333334 0.7916666666666666 0.06302083333333333 0.07222222222222222
1 0.821875 0.6673611111111111 0.03802083333333333 0.04583333333333333
1 0.7390625 0.7055555555555556 0.028645833333333332 0.04097222222222222
1 0.7401041666666667 0.6534722222222222 0.025 0.03611111111111111
1 0.8609375 0.27847222222222223 0.027604166666666666 0.027777777777777776
1 0.9192708333333334 0.24166666666666667 0.030208333333333334 0.02638888888888889
1 0.8026041666666667 0.30625 0.022916666666666665 0.025694444444444443
1 0.83125 0.25069444444444444 0.025 0.02361111111111111
1 0.8234375 0.2513888888888889 0.022395833333333334 0.020833333333333332
1 0.8166666666666667 0.2520833333333333 0.022395833333333334 0.02013888888888889
1 0.8083333333333333 0.25277777777777777 0.019270833333333334 0.022222222222222223
1 0.79375 0.25555555555555554 0.01875 0.022916666666666665
1 0.7895833333333333 0.25416666666666665 0.015104166666666667 0.015277777777777777
3 0.7744791666666667 0.25833333333333336 0.016666666666666666 0.022222222222222223
1 0.7697916666666667 0.25972222222222224 0.015625 0.01875
1 0.7651041666666667 0.2590277777777778 0.015625 0.01875
1 0.7609375 0.25555555555555554 0.013541666666666667 0.01597222222222222
1 0.7572916666666667 0.25763888888888886 0.013020833333333334 0.01597222222222222
1 0.7505208333333333 0.25972222222222224 0.013541666666666667 0.01597222222222222
1 0.7463541666666667 0.25972222222222224 0.013020833333333334 0.01597222222222222
1 0.721875 0.2652777777777778 0.009375 0.008333333333333333
1 0.7916666666666666 0.30833333333333335 0.021354166666666667 0.02361111111111111
1 0.7833333333333333 0.30833333333333335 0.021354166666666667 0.02361111111111111
1 0.7796875 0.30416666666666664 0.022395833333333334 0.02361111111111111
1 0.6489583333333333 0.2708333333333333 0.00625 0.008333333333333333
1 0.6473958333333333 0.2701388888888889 0.0078125 0.009722222222222222
1 0.6453125 0.2701388888888889 0.0078125 0.009722222222222222
1 0.6432291666666666 0.2701388888888889 0.0078125 0.009722222222222222
1 0.6380208333333334 0.27152777777777776 0.007291666666666667 0.009722222222222222
1 0.6338541666666667 0.29305555555555557 0.00625 0.008333333333333333
1 0.63125 0.2951388888888889 0.0078125 0.009722222222222222
1 0.6296875 0.29375 0.009375 0.010416666666666666
1 0.6276041666666666 0.29097222222222224 0.009375 0.010416666666666666