1 0.49270833333333336 0.8201388888888889 0.1015625 0.2513888888888889
1 0.5583333333333333 0.5458333333333333 0.07447916666666667 0.15833333333333333
1 0.5927083333333333 0.40069444444444446 0.058333333333333334 0.10694444444444444
1 0.784375 0.6798611111111111 0.17864583333333334 0.1361111111111111
1 0.4901041666666667 0.26319444444444445 0.059895833333333336 0.07777777777777778
1 0.7833333333333333 0.5854166666666667 0.16145833333333334 0.10833333333333334
1 0.9052083333333333 0.6159722222222223 0.07916666666666666 0.14097222222222222
1 0.8848958333333333 0.4840277777777778 0.06770833333333333 0.1076388888888889
1 0.7838541666666666 0.5152777777777777 0.14375 0.08194444444444444
1 0.7739583333333333 0.4423611111111111 0.14375 0.08680555555555555
1 0.7567708333333333 0.3784722222222222 0.12239583333333333 0.06944444444444445
1 0.7536458333333333 0.3347222222222222 0.09583333333333334 0.058333333333333334
1 0.76875 0.2965277777777778 0.10416666666666667 0.06388888888888888
1 0.7671875 0.25416666666666665 0.10260416666666666 0.05347222222222222
1 0.7234375 0.2048611111111111 0.05520833333333333 0.06111111111111111
1 0.8052083333333333 0.20833333333333334 0.10208333333333333 0.06736111111111111
1 0.8052083333333333 0.17777777777777778 0.0984375 0.06875
1 0.8057291666666667 0.15 0.0859375 0.044444444444444446
3 0.7208333333333333 0.14375 0.03125 0.06111111111111111
3 0.8385416666666666 0.08611111111111111 0.041666666666666664 0.07361111111111111
1 0.7791666666666667 0.10972222222222222 0.0859375 0.04791666666666667
1 0.8005208333333333 0.12361111111111112 0.07760416666666667 0.04027777777777778
1 0.5744791666666667 0.06319444444444444 0.04375 0.059722222222222225
1 0.6322916666666667 0.05347222222222222 0.03697916666666667 0.052083333333333336
1 0.6484375 0.018055555555555554 0.028645833333333332 0.03611111111111111
2 0.728125 0.052083333333333336 0.058333333333333334 0.10416666666666667
1 0.7786458333333334 0.07013888888888889 0.0359375 0.04861111111111111
1 0.7744791666666667 0.03263888888888889 0.034895833333333334 0.04583333333333333
3 0.8302083333333333 0.04513888888888889 0.049479166666666664 0.07152777777777777
2 0.5755208333333334 0.18541666666666667 0.06354166666666666 0.10555555555555556