1 0.5046875 0.3770833333333333 0.0109375 0.022916666666666665
1 0.5244791666666667 0.30972222222222223 0.009375 0.02013888888888889
1 0.5927083333333333 0.3090277777777778 0.008333333333333333 0.01875
1 0.5848958333333333 0.4375 0.011979166666666667 0.030555555555555555
1 0.6041666666666666 0.49722222222222223 0.015104166666666667 0.03333333333333333
1 0.5375 0.20208333333333334 0.00625 0.011111111111111112
1 0.5427083333333333 0.14583333333333334 0.00625 0.0125
1 0.5416666666666666 0.1597222222222222 0.005729166666666666 0.010416666666666666
1 0.5416666666666666 0.18611111111111112 0.00625 0.011111111111111112
1 0.58125 0.1951388888888889 0.005729166666666666 0.013888888888888888
3 0.6109375 0.3701388888888889 0.013020833333333334 0.03194444444444444
3 0.590625 0.6013888888888889 0.015625 0.04791666666666667
3 0.5109375 0.3020833333333333 0.009375 0.018055555555555554
3 0.5807291666666666 0.1736111111111111 0.007291666666666667 0.015277777777777777
1 0.5880208333333333 0.2388888888888889 0.0078125 0.01875
0 0.5541666666666667 0.2833333333333333 0.009375 0.03958333333333333
2 0.58125 0.15694444444444444 0.005729166666666666 0.024305555555555556
2 0.5802083333333333 0.1361111111111111 0.008333333333333333 0.024305555555555556
0 0.5854166666666667 0.2125 0.009375 0.024305555555555556
1 0.6911458333333333 0.2465277777777778 0.025 0.016666666666666666