3 0.27447916666666666 0.7680555555555556 0.1234375 0.20069444444444445
3 0.3390625 0.5715277777777777 0.07708333333333334 0.15208333333333332
3 0.4515625 0.21875 0.0328125 0.05555555555555555
3 0.5901041666666667 0.5270833333333333 0.05 0.1076388888888889
3 0.5619791666666667 0.25277777777777777 0.029166666666666667 0.06180555555555556
1 0.5822916666666667 0.42291666666666666 0.0484375 0.0875
1 0.3932291666666667 0.44722222222222224 0.06770833333333333 0.09791666666666667
1 0.5760416666666667 0.17430555555555555 0.0265625 0.03819444444444445
1 0.40729166666666666 0.3645833333333333 0.04739583333333333 0.06736111111111111
1 0.43802083333333336 0.27569444444444446 0.040625 0.05625
1 0.58125 0.22291666666666668 0.027604166666666666 0.049305555555555554
1 0.571875 0.14652777777777778 0.0234375 0.035416666666666666
1 0.46510416666666665 0.18611111111111112 0.028645833333333332 0.04097222222222222
1 0.475 0.1597222222222222 0.024479166666666666 0.03680555555555556
1 0.5958333333333333 0.050694444444444445 0.015104166666666667 0.01875
1 0.5729166666666666 0.04861111111111111 0.015625 0.025
1 0.5484375 0.04791666666666667 0.016666666666666666 0.022222222222222223
1 0.5213541666666667 0.04652777777777778 0.015625 0.02013888888888889
1 0.49895833333333334 0.044444444444444446 0.016666666666666666 0.020833333333333332
2 0.47760416666666666 0.043055555555555555 0.019270833333333334 0.02847222222222222
1 0.55 0.03194444444444444 0.013020833333333334 0.018055555555555554
1 0.5729166666666666 0.034722222222222224 0.0140625 0.02013888888888889
1 0.44583333333333336 0.01875 0.016666666666666666 0.022222222222222223
1 0.5348958333333333 0.075 0.0171875 0.02361111111111111
1 0.20208333333333334 0.9590277777777778 0.12291666666666666 0.08194444444444444