1 0.23802083333333332 0.78125 0.12916666666666668 0.2569444444444444
1 0.69375 0.5972222222222222 0.20729166666666668 0.12569444444444444
1 0.6302083333333334 0.4354166666666667 0.15729166666666666 0.09652777777777778
1 0.625 0.35833333333333334 0.1484375 0.08263888888888889
1 0.6239583333333333 0.28402777777777777 0.11510416666666666 0.06944444444444445
1 0.5296875 0.20277777777777778 0.05364583333333333 0.06458333333333334
1 0.35208333333333336 0.25416666666666665 0.0640625 0.08958333333333333
1 0.12395833333333334 0.4131944444444444 0.109375 0.12013888888888889
1 0.2359375 0.2375 0.065625 0.09444444444444444
3 0.6026041666666667 0.2423611111111111 0.09739583333333333 0.07361111111111111
1 0.6192708333333333 0.2222222222222222 0.11302083333333333 0.06458333333333334
1 0.334375 0.13125 0.058333333333333334 0.07222222222222222
3 0.3697916666666667 0.09097222222222222 0.052083333333333336 0.06388888888888888
3 0.5484375 0.15138888888888888 0.03125 0.06111111111111111
1 0.48072916666666665 0.09791666666666667 0.04583333333333333 0.052083333333333336
1 0.3458333333333333 0.027083333333333334 0.05 0.04097222222222222
1 0.31614583333333335 0.02638888888888889 0.04791666666666667 0.04027777777777778
1 0.48072916666666665 0.041666666666666664 0.0484375 0.04027777777777778
1 0.5458333333333333 0.0763888888888889 0.04010416666666667 0.041666666666666664
1 0.5317708333333333 0.05625 0.04479166666666667 0.04027777777777778
1 0.5713541666666667 0.05416666666666667 0.03125 0.04027777777777778
1 0.5947916666666667 0.03263888888888889 0.0421875 0.04097222222222222
1 0.5291666666666667 0.016666666666666666 0.042708333333333334 0.03333333333333333
1 0.790625 0.09236111111111112 0.041666666666666664 0.04791666666666667
1 0.8348958333333333 0.09930555555555555 0.0359375 0.05138888888888889
1 0.8421875 0.04722222222222222 0.0328125 0.052083333333333336
1 0.80625 0.04027777777777778 0.040625 0.049305555555555554
1 0.042708333333333334 0.55 0.08541666666666667 0.17222222222222222