1 0.4166666666666667 0.46111111111111114 0.0140625 0.022916666666666665
1 0.43333333333333335 0.425 0.009375 0.014583333333333334
1 0.43385416666666665 0.4131944444444444 0.00625 0.010416666666666666
1 0.4239583333333333 0.39652777777777776 0.0036458333333333334 0.004861111111111111
1 0.4317708333333333 0.3909722222222222 0.005208333333333333 0.006944444444444444
1 0.7854166666666667 0.47291666666666665 0.1390625 0.11875
1 0.8322916666666667 0.36666666666666664 0.12291666666666666 0.09513888888888888
1 0.8458333333333333 0.2534722222222222 0.11770833333333333 0.0875
1 0.8291666666666667 0.1840277777777778 0.08697916666666666 0.07777777777777778
1 0.8822916666666667 0.07361111111111111 0.07864583333333333 0.08125
1 0.7567708333333333 0.21458333333333332 0.0578125 0.06388888888888888
1 0.7041666666666667 0.23680555555555555 0.04791666666666667 0.044444444444444446
1 0.6947916666666667 0.16319444444444445 0.03229166666666667 0.04027777777777778
1 0.6416666666666667 0.3486111111111111 0.05572916666666667 0.059027777777777776
1 0.5973958333333333 0.425 0.0515625 0.06180555555555556
1 0.5447916666666667 0.4201388888888889 0.034375 0.04027777777777778
1 0.5765625 0.37083333333333335 0.0328125 0.03333333333333333
1 0.60625 0.31527777777777777 0.030729166666666665 0.03611111111111111
1 0.796875 0.017361111111111112 0.03333333333333333 0.034027777777777775
1 0.6177083333333333 0.225 0.019791666666666666 0.022916666666666665
1 0.6109375 0.21736111111111112 0.017708333333333333 0.02361111111111111
1 0.5828125 0.24027777777777778 0.0140625 0.02013888888888889
1 0.5916666666666667 0.24791666666666667 0.016666666666666666 0.018055555555555554
1 0.5848958333333333 0.2652777777777778 0.019270833333333334 0.022222222222222223
1 0.50625 0.40555555555555556 0.022916666666666665 0.03333333333333333
1 0.5359375 0.36736111111111114 0.022916666666666665 0.027777777777777776
1 0.55625 0.33611111111111114 0.0234375 0.02847222222222222
1 0.5322916666666667 0.3402777777777778 0.017708333333333333 0.022222222222222223
2 0.5125 0.36527777777777776 0.019270833333333334 0.027777777777777776
1 0.49635416666666665 0.3888888888888889 0.019791666666666666 0.01875
3 0.4822916666666667 0.41180555555555554 0.017708333333333333 0.02361111111111111
1 0.48125 0.39305555555555555 0.0140625 0.015277777777777777
3 0.49947916666666664 0.36736111111111114 0.015625 0.02013888888888889
1 0.5083333333333333 0.35208333333333336 0.016666666666666666 0.01597222222222222
1 0.5119791666666667 0.3388888888888889 0.013020833333333334 0.010416666666666666
1 0.4708333333333333 0.3958333333333333 0.011979166666666667 0.018055555555555554
1 0.46197916666666666 0.3993055555555556 0.011458333333333333 0.018055555555555554
1 0.4557291666666667 0.39861111111111114 0.008333333333333333 0.010416666666666666
1 0.4552083333333333 0.3861111111111111 0.008333333333333333 0.010416666666666666
1 0.5270833333333333 0.31666666666666665 0.0140625 0.018055555555555554
1 0.5166666666666667 0.3236111111111111 0.011979166666666667 0.01597222222222222
1 0.4630208333333333 0.375 0.0078125 0.010416666666666666
1 0.48020833333333335 0.3736111111111111 0.011979166666666667 0.015277777777777777
1 0.47552083333333334 0.3625 0.009375 0.0125
1 0.5098958333333333 0.3263888888888889 0.011458333333333333 0.014583333333333334
1 0.5041666666666667 0.3416666666666667 0.009375 0.014583333333333334
1 0.49947916666666664 0.34305555555555556 0.011979166666666667 0.014583333333333334
1 0.5052083333333334 0.3284722222222222 0.009895833333333333 0.015277777777777777
1 0.49895833333333334 0.33125 0.009375 0.013194444444444444
1 0.49166666666666664 0.3458333333333333 0.008333333333333333 0.013194444444444444
1 0.48489583333333336 0.3402777777777778 0.0078125 0.011111111111111112
1 0.4796875 0.35 0.009375 0.008333333333333333
1 0.5552083333333333 0.25069444444444444 0.011979166666666667 0.01597222222222222
1 0.55625 0.2673611111111111 0.011458333333333333 0.015277777777777777
1 0.5416666666666666 0.27291666666666664 0.009375 0.014583333333333334
1 0.5364583333333334 0.2861111111111111 0.011458333333333333 0.01597222222222222
1 0.51875 0.30625 0.0109375 0.014583333333333334
1 0.5203125 0.29791666666666666 0.00625 0.006944444444444444
1 0.525 0.2881944444444444 0.008333333333333333 0.010416666666666666
1 0.5302083333333333 0.28125 0.00625 0.011111111111111112
1 0.5140625 0.29930555555555555 0.00625 0.009722222222222222
1 0.50625 0.31666666666666665 0.009375 0.0125
1 0.5026041666666666 0.31319444444444444 0.007291666666666667 0.008333333333333333
1 0.509375 0.2965277777777778 0.005729166666666666 0.010416666666666666
1 0.5020833333333333 0.3055555555555556 0.007291666666666667 0.006944444444444444
1 0.4942708333333333 0.3236111111111111 0.007291666666666667 0.010416666666666666
1 0.49322916666666666 0.3173611111111111 0.00625 0.011111111111111112
1 0.45625 0.3451388888888889 0.0036458333333333334 0.004861111111111111
1 0.4630208333333333 0.3388888888888889 0.0036458333333333334 0.004861111111111111
1 0.4609375 0.34444444444444444 0.0036458333333333334 0.004861111111111111
1 0.4765625 0.33125 0.005729166666666666 0.006944444444444444
1 0.4864583333333333 0.31875 0.004166666666666667 0.007638888888888889
1 0.4557291666666667 0.36041666666666666 0.005729166666666666 0.008333333333333333
1 0.4479166666666667 0.36736111111111114 0.004166666666666667 0.006944444444444444
1 0.44583333333333336 0.3736111111111111 0.004166666666666667 0.006944444444444444
2 0.42916666666666664 0.38333333333333336 0.007291666666666667 0.008333333333333333