1 0.53125 0.9208333333333333 0.016666666666666666 0.05347222222222222
1 0.5286458333333334 0.85625 0.015625 0.05555555555555555
1 0.6046875 0.8604166666666667 0.036458333333333336 0.02361111111111111
1 0.6041666666666666 0.8368055555555556 0.034895833333333334 0.022222222222222223
1 0.6046875 0.8083333333333333 0.029166666666666667 0.022222222222222223
1 0.6052083333333333 0.7819444444444444 0.034895833333333334 0.022916666666666665
1 0.6015625 0.7069444444444445 0.0359375 0.020833333333333332
1 0.5963541666666666 0.6791666666666667 0.0359375 0.025
1 0.5942708333333333 0.63125 0.0359375 0.022916666666666665
1 0.5911458333333334 0.5590277777777778 0.030729166666666665 0.01875
1 0.5911458333333334 0.4826388888888889 0.03333333333333333 0.020833333333333332
1 0.6380208333333334 0.4048611111111111 0.015104166666666667 0.04583333333333333
1 0.5317708333333333 0.9791666666666666 0.016666666666666666 0.041666666666666664
1 0.3765625 0.9541666666666667 0.0171875 0.049305555555555554
1 0.37604166666666666 0.8909722222222223 0.016666666666666666 0.052083333333333336
1 0.3776041666666667 0.70625 0.015625 0.04861111111111111
1 0.37447916666666664 0.6527777777777778 0.015625 0.03680555555555556
1 0.5234375 0.6666666666666666 0.0171875 0.04791666666666667
1 0.5265625 0.7965277777777777 0.016666666666666666 0.050694444444444445
1 0.30833333333333335 0.84375 0.020833333333333332 0.05138888888888889
1 0.3541666666666667 0.9791666666666666 0.0171875 0.041666666666666664
1 0.35104166666666664 0.8465277777777778 0.017708333333333333 0.05347222222222222
1 0.3484375 0.78125 0.016666666666666666 0.05138888888888889
1 0.38125 0.7673611111111112 0.0171875 0.05625
3 0.35572916666666665 0.9326388888888889 0.015625 0.04652777777777778
1 0.5447916666666667 0.6229166666666667 0.015104166666666667 0.041666666666666664
1 0.5395833333333333 0.5645833333333333 0.016666666666666666 0.04583333333333333
1 0.5203125 0.5541666666666667 0.016666666666666666 0.049305555555555554
1 0.521875 0.6097222222222223 0.016666666666666666 0.043055555555555555
1 0.5255208333333333 0.7284722222222222 0.015625 0.034027777777777775
1 0.35989583333333336 0.48333333333333334 0.015625 0.04861111111111111
1 0.35625 0.5763888888888888 0.015625 0.049305555555555554
1 0.37604166666666666 0.49722222222222223 0.016666666666666666 0.041666666666666664
1 0.41770833333333335 0.4486111111111111 0.015625 0.04375
3 0.37447916666666664 0.5986111111111111 0.0171875 0.050694444444444445
3 0.5765625 0.27291666666666664 0.028645833333333332 0.02013888888888889
1 0.5848958333333333 0.3888888888888889 0.03333333333333333 0.022916666666666665
1 0.5833333333333334 0.41041666666666665 0.03229166666666667 0.020833333333333332
1 0.5833333333333334 0.3645833333333333 0.03333333333333333 0.02361111111111111
1 0.6322916666666667 0.29791666666666666 0.015625 0.043055555555555555
1 0.7010416666666667 0.3013888888888889 0.016666666666666666 0.044444444444444446
1 0.7109375 0.23333333333333334 0.034895833333333334 0.022916666666666665
1 0.5822916666666667 0.3013888888888889 0.03333333333333333 0.02361111111111111
1 0.5854166666666667 0.3236111111111111 0.0265625 0.020833333333333332
1 0.50625 0.09166666666666666 0.015625 0.03819444444444445
1 0.4515625 0.11458333333333333 0.015625 0.041666666666666664
1 0.5276041666666667 0.10069444444444445 0.0171875 0.04375
2 0.5765625 0.19652777777777777 0.044270833333333336 0.027777777777777776
1 0.08541666666666667 0.22777777777777777 0.030729166666666665 0.020833333333333332
1 0.15833333333333333 0.27152777777777776 0.0328125 0.020833333333333332
1 0.21145833333333333 0.34444444444444444 0.0359375 0.020833333333333332
1 0.26145833333333335 0.34097222222222223 0.0328125 0.020833333333333332
1 0.17239583333333333 0.4048611111111111 0.03229166666666667 0.04027777777777778
1 0.3072916666666667 0.4888888888888889 0.036458333333333336 0.022222222222222223
1 0.3359375 0.10555555555555556 0.015625 0.041666666666666664
1 0.503125 0.05138888888888889 0.013541666666666667 0.04027777777777778
1 0.5026041666666666 0.013194444444444444 0.0140625 0.02638888888888889
1 0.36041666666666666 0.3625 0.011979166666666667 0.008333333333333333
1 0.11510416666666666 0.6930555555555555 0.019791666666666666 0.04791666666666667
1 0.07760416666666667 0.6805555555555556 0.019791666666666666 0.050694444444444445
1 0.0609375 0.6833333333333333 0.021354166666666667 0.05625
1 0.0203125 0.6840277777777778 0.022395833333333334 0.050694444444444445
1 0.2515625 0.21944444444444444 0.0359375 0.022222222222222223
2 0.2734375 0.28402777777777777 0.041666666666666664 0.025694444444444443