1 0.12135416666666667 0.37777777777777777 0.05416666666666667 0.08472222222222223
1 0.4322916666666667 0.39444444444444443 0.040625 0.08541666666666667
1 0.3859375 0.39652777777777776 0.034375 0.08888888888888889
1 0.34270833333333334 0.3923611111111111 0.04739583333333333 0.08402777777777778
1 0.296875 0.39375 0.0390625 0.08472222222222223
1 0.25833333333333336 0.39305555555555555 0.04583333333333333 0.07916666666666666
1 0.2125 0.3888888888888889 0.04635416666666667 0.0875
1 0.17083333333333334 0.38472222222222224 0.041666666666666664 0.0875
1 0.17916666666666667 0.2569444444444444 0.07760416666666667 0.04027777777777778
1 0.09375 0.25277777777777777 0.07916666666666666 0.04861111111111111
1 0.40989583333333335 0.2659722222222222 0.07708333333333334 0.044444444444444446
1 0.7703125 0.39305555555555555 0.04375 0.10486111111111111
1 0.9135416666666667 0.3215277777777778 0.0484375 0.08888888888888889
1 0.9666666666666667 0.34791666666666665 0.044270833333333336 0.07777777777777778
1 0.934375 0.24305555555555555 0.041666666666666664 0.08125
1 0.8427083333333333 0.23819444444444443 0.042708333333333334 0.07430555555555556
1 0.8265625 0.15347222222222223 0.0328125 0.07013888888888889
1 0.7333333333333333 0.11666666666666667 0.03125 0.059722222222222225
1 0.778125 0.125 0.03802083333333333 0.07152777777777777
1 0.7265625 0.03333333333333333 0.027604166666666666 0.06319444444444444
1 0.80625 0.06458333333333334 0.030208333333333334 0.06458333333333334
3 0.753125 0.23402777777777778 0.034895833333333334 0.09236111111111112
3 0.7947916666666667 0.21041666666666667 0.041666666666666664 0.0763888888888889
3 0.7604166666666666 0.034027777777777775 0.035416666666666666 0.06805555555555555
3 0.8203125 0.3548611111111111 0.049479166666666664 0.09236111111111112
3 0.8744791666666667 0.37083333333333335 0.050520833333333334 0.1076388888888889
3 0.5119791666666667 0.3993055555555556 0.03125 0.07777777777777778
3 0.47239583333333335 0.17083333333333334 0.06354166666666666 0.044444444444444446
1 0.015625 0.24861111111111112 0.03125 0.041666666666666664
1 0.41510416666666666 0.12777777777777777 0.030729166666666665 0.08263888888888889
1 0.4708333333333333 0.05625 0.058333333333333334 0.03819444444444445
1 0.46979166666666666 0.025 0.058333333333333334 0.04583333333333333
1 0.8666666666666667 0.017361111111111112 0.0375 0.034722222222222224
1 0.4947916666666667 0.2659722222222222 0.06770833333333333 0.08958333333333333