3 0.48333333333333334 0.03958333333333333 0.05520833333333333 0.059027777777777776
1 0.4864583333333333 0.09722222222222222 0.0546875 0.05347222222222222
1 0.4817708333333333 0.2423611111111111 0.05520833333333333 0.05486111111111111
1 0.571875 0.06805555555555555 0.023958333333333335 0.09027777777777778
1 0.4796875 0.19236111111111112 0.058854166666666666 0.049305555555555554
1 0.4765625 0.1486111111111111 0.05677083333333333 0.049305555555555554
1 0.5765625 0.24791666666666667 0.0296875 0.10555555555555556
1 0.6401041666666667 0.24583333333333332 0.03333333333333333 0.09444444444444444
1 0.4744791666666667 0.35 0.0625 0.052083333333333336
1 0.47760416666666666 0.40902777777777777 0.065625 0.052083333333333336
1 0.475 0.4673611111111111 0.065625 0.05
1 0.47760416666666666 0.5298611111111111 0.06354166666666666 0.052083333333333336
1 0.47239583333333335 0.5930555555555556 0.0671875 0.06319444444444444
1 0.6421875 0.4388888888888889 0.034375 0.11319444444444444
1 0.6958333333333333 0.3375 0.030729166666666665 0.10694444444444444
1 0.5838541666666667 0.65625 0.028645833333333332 0.11944444444444445
2 0.6526041666666667 0.6618055555555555 0.03333333333333333 0.15138888888888888
3 0.4625 0.6611111111111111 0.05625 0.05277777777777778
1 0.4666666666666667 0.7305555555555555 0.071875 0.06180555555555556
1 0.46770833333333334 0.8104166666666667 0.07291666666666667 0.05625
1 0.465625 0.8930555555555556 0.07135416666666666 0.058333333333333334
1 0.47239583333333335 0.9729166666666667 0.071875 0.052083333333333336
1 0.5890625 0.9305555555555556 0.034375 0.1375
1 0.6635416666666667 0.9305555555555556 0.029166666666666667 0.13541666666666666
3 0.6328125 0.08055555555555556 0.026041666666666668 0.09166666666666666