3 0.60625 0.9298611111111111 0.041666666666666664 0.13680555555555557
3 0.9140625 0.9548611111111112 0.04583333333333333 0.0875
3 0.95 0.8208333333333333 0.0484375 0.10416666666666667
3 0.8130208333333333 0.5173611111111112 0.04479166666666667 0.07013888888888889
3 0.80625 0.4791666666666667 0.04375 0.06458333333333334
3 0.7802083333333333 0.3680555555555556 0.04010416666666667 0.05555555555555555
3 0.771875 0.33541666666666664 0.03802083333333333 0.05486111111111111
3 0.7885416666666667 0.2777777777777778 0.03697916666666667 0.05347222222222222
3 0.8130208333333333 0.15138888888888888 0.029166666666666667 0.04722222222222222
1 0.7911458333333333 0.1951388888888889 0.040625 0.049305555555555554
0 0.9369791666666667 0.20972222222222223 0.0984375 0.0763888888888889
1 0.846875 0.6541666666666667 0.04791666666666667 0.075
1 0.4557291666666667 0.6138888888888889 0.030208333333333334 0.09652777777777778
1 0.39010416666666664 0.91875 0.036458333333333336 0.12152777777777778
1 0.4140625 0.41180555555555554 0.030208333333333334 0.0798611111111111
1 0.4171875 0.21597222222222223 0.022916666666666665 0.058333333333333334
3 0.37083333333333335 0.2923611111111111 0.025520833333333333 0.0798611111111111
0 0.4583333333333333 0.18680555555555556 0.028645833333333332 0.10138888888888889
3 0.4552083333333333 0.3645833333333333 0.028645833333333332 0.0798611111111111
1 0.5401041666666667 0.030555555555555555 0.019791666666666666 0.05347222222222222
2 0.425 0.03611111111111111 0.0359375 0.07222222222222222
0 0.7885416666666667 0.0625 0.0515625 0.10902777777777778
1 0.9135416666666667 0.12916666666666668 0.027083333333333334 0.04027777777777778
1 0.9229166666666667 0.04791666666666667 0.034375 0.030555555555555555
2 0.6401041666666667 0.6076388888888888 0.06354166666666666 0.22361111111111112
1 0.7489583333333333 0.27708333333333335 0.034895833333333334 0.029166666666666667