1 0.7276041666666667 0.34375 0.027083333333333334 0.030555555555555555
1 0.6817708333333333 0.3159722222222222 0.019270833333333334 0.02361111111111111
1 0.6802083333333333 0.29930555555555555 0.04010416666666667 0.022222222222222223
1 0.73125 0.30069444444444443 0.030208333333333334 0.022916666666666665
1 0.6302083333333334 0.30833333333333335 0.024479166666666666 0.02638888888888889
1 0.7057291666666666 0.3159722222222222 0.024479166666666666 0.029861111111111113
3 0.6619791666666667 0.3298611111111111 0.04791666666666667 0.034027777777777775
1 0.60625 0.3263888888888889 0.05625 0.02638888888888889
1 0.56875 0.29375 0.041666666666666664 0.02361111111111111
1 0.5286458333333334 0.3 0.024479166666666666 0.030555555555555555
1 0.5192708333333333 0.32013888888888886 0.030208333333333334 0.02361111111111111