1 0.48802083333333335 0.4354166666666667 0.015104166666666667 0.043055555555555555
1 0.4505208333333333 0.7395833333333334 0.024479166666666666 0.07083333333333333
1 0.5515625 0.5680555555555555 0.021354166666666667 0.06736111111111111
1 0.5307291666666667 0.33194444444444443 0.015625 0.044444444444444446
1 0.5515625 0.19166666666666668 0.013541666666666667 0.035416666666666666
1 0.3697916666666667 0.13055555555555556 0.0234375 0.022916666666666665
1 0.5083333333333333 0.08888888888888889 0.0109375 0.025694444444444443
1 0.5260416666666666 0.1375 0.009375 0.024305555555555556
1 0.5286458333333334 0.2125 0.0140625 0.03958333333333333
1 0.5239583333333333 0.08472222222222223 0.0109375 0.022916666666666665
1 0.5421875 0.10416666666666667 0.011458333333333333 0.022916666666666665
1 0.5041666666666667 0.06388888888888888 0.009895833333333333 0.01875
1 0.5171875 0.014583333333333334 0.009895833333333333 0.021527777777777778
1 0.4890625 0.12569444444444444 0.0265625 0.025694444444444443
1 0.5859375 0.4166666666666667 0.020833333333333332 0.049305555555555554
3 0.6161458333333333 0.6534722222222222 0.027604166666666666 0.0763888888888889
3 0.5458333333333333 0.7430555555555556 0.025 0.08472222222222223
3 0.459375 0.42083333333333334 0.0171875 0.044444444444444446
3 0.5677083333333334 0.27708333333333335 0.015625 0.044444444444444446
0 0.5052083333333334 0.03194444444444444 0.013020833333333334 0.03819444444444445
0 0.6520833333333333 0.9076388888888889 0.03125 0.12152777777777778