1 0.5296875 0.5402777777777777 0.0020833333333333333 0.002777777777777778
1 0.5322916666666667 0.5423611111111111 0.0020833333333333333 0.002777777777777778
1 0.5453125 0.5493055555555556 0.0020833333333333333 0.002777777777777778
1 0.5640625 0.5638888888888889 0.0026041666666666665 0.003472222222222222
1 0.5796875 0.5534722222222223 0.0036458333333333334 0.002777777777777778
1 0.5838541666666667 0.5701388888888889 0.0036458333333333334 0.004861111111111111
2 0.5380208333333333 0.5743055555555555 0.004166666666666667 0.009722222222222222
1 0.5510416666666667 0.5763888888888888 0.0036458333333333334 0.004861111111111111
1 0.5447916666666667 0.5826388888888889 0.004166666666666667 0.004861111111111111
1 0.5473958333333333 0.5875 0.004166666666666667 0.005555555555555556
1 0.5447916666666667 0.5930555555555556 0.004166666666666667 0.005555555555555556
1 0.5354166666666667 0.5958333333333333 0.005208333333333333 0.006944444444444444
1 0.5473958333333333 0.6013888888888889 0.005208333333333333 0.006944444444444444
1 0.5515625 0.6131944444444445 0.005729166666666666 0.007638888888888889
1 0.5604166666666667 0.6444444444444445 0.00625 0.011111111111111112
1 0.5494791666666666 0.6409722222222223 0.00625 0.011111111111111112
1 0.5380208333333333 0.6347222222222222 0.00625 0.010416666666666666
1 0.5265625 0.6298611111111111 0.005729166666666666 0.009722222222222222
1 0.5442708333333334 0.6631944444444444 0.005729166666666666 0.010416666666666666
1 0.5666666666666667 0.6798611111111111 0.0078125 0.0125
1 0.49895833333333334 0.6868055555555556 0.009375 0.0125
1 0.5427083333333333 0.7041666666666667 0.009375 0.014583333333333334
1 0.5708333333333333 0.7201388888888889 0.0109375 0.01597222222222222
1 0.5255208333333333 0.7229166666666667 0.009895833333333333 0.015277777777777777
1 0.5213541666666667 0.7361111111111112 0.011458333333333333 0.020833333333333332
1 0.5395833333333333 0.73125 0.0109375 0.017361111111111112
1 0.5395833333333333 0.75 0.0109375 0.018055555555555554
1 0.5401041666666667 0.76875 0.0109375 0.02013888888888889
1 0.5583333333333333 0.7631944444444444 0.011979166666666667 0.02361111111111111
1 0.5807291666666666 0.775 0.013020833333333334 0.025
1 0.5197916666666667 0.7645833333333333 0.011979166666666667 0.02013888888888889
1 0.5015625 0.775 0.013020833333333334 0.022916666666666665
1 0.5192708333333333 0.7888888888888889 0.013020833333333334 0.025
1 0.5401041666666667 0.8 0.011458333333333333 0.022916666666666665
1 0.5177083333333333 0.825 0.0140625 0.030555555555555555
1 0.5416666666666666 0.8291666666666667 0.0140625 0.029861111111111113
1 0.5901041666666667 0.8548611111111111 0.015625 0.03125
1 0.5401041666666667 0.8611111111111112 0.015104166666666667 0.030555555555555555
1 0.5135416666666667 0.8611111111111112 0.015625 0.034027777777777775
1 0.48802083333333335 0.8583333333333333 0.0171875 0.035416666666666666
1 0.5130208333333334 0.9041666666666667 0.017708333333333333 0.03888888888888889
1 0.5385416666666667 0.9083333333333333 0.015625 0.03680555555555556
1 0.5947916666666667 0.9048611111111111 0.017708333333333333 0.03819444444444445
1 0.6005208333333333 0.95625 0.021354166666666667 0.04791666666666667
1 0.5380208333333333 0.9611111111111111 0.020833333333333332 0.05138888888888889
1 0.5072916666666667 0.9590277777777778 0.020833333333333332 0.05138888888888889
1 0.6708333333333333 0.8270833333333333 0.019270833333333334 0.025694444444444443
3 0.6276041666666666 0.6979166666666666 0.0109375 0.015277777777777777
1 0.6192708333333333 0.6368055555555555 0.007291666666666667 0.008333333333333333
1 0.6130208333333333 0.5930555555555556 0.009375 0.004861111111111111
2 0.6265625 0.5916666666666667 0.0109375 0.007638888888888889
2 0.6229166666666667 0.5888888888888889 0.015625 0.008333333333333333
1 0.9458333333333333 0.6548611111111111 0.011979166666666667 0.006944444444444444
1 0.9260416666666667 0.6555555555555556 0.0109375 0.005555555555555556
1 0.8520833333333333 0.6506944444444445 0.015625 0.008333333333333333
1 0.7708333333333334 0.6673611111111111 0.013020833333333334 0.008333333333333333
1 0.7802083333333333 0.6430555555555556 0.0140625 0.008333333333333333
3 0.7692708333333333 0.6409722222222223 0.015625 0.009722222222222222
1 0.7609375 0.6368055555555555 0.011979166666666667 0.005555555555555556
1 0.6697916666666667 0.625 0.015104166666666667 0.007638888888888889
1 0.665625 0.6180555555555556 0.0140625 0.005555555555555556
1 0.6609375 0.6131944444444445 0.011458333333333333 0.005555555555555556
1 0.6572916666666667 0.6097222222222223 0.0109375 0.004861111111111111
1 0.6546875 0.6083333333333333 0.0109375 0.007638888888888889
1 0.6515625 0.6055555555555555 0.009895833333333333 0.005555555555555556
1 0.6489583333333333 0.6034722222222222 0.0109375 0.007638888888888889
1 0.6453125 0.6013888888888889 0.009375 0.006944444444444444
1 0.6619791666666667 0.6048611111111111 0.011458333333333333 0.007638888888888889
1 0.6583333333333333 0.5951388888888889 0.011458333333333333 0.007638888888888889
1 0.6984375 0.5958333333333333 0.008333333333333333 0.006944444444444444
1 0.6734375 0.5902777777777778 0.008333333333333333 0.005555555555555556
1 0.6536458333333334 0.5763888888888888 0.007291666666666667 0.005555555555555556
1 0.6328125 0.5791666666666667 0.008333333333333333 0.003472222222222222
1 0.6307291666666667 0.5770833333333333 0.008333333333333333 0.005555555555555556
1 0.6276041666666666 0.5763888888888888 0.009375 0.004861111111111111
1 0.6265625 0.575 0.009375 0.004861111111111111
1 0.625 0.5736111111111111 0.008333333333333333 0.003472222222222222