1 0.29322916666666665 0.8840277777777777 0.07239583333333334 0.1875
1 0.225 0.6701388888888888 0.06145833333333333 0.13541666666666666
3 0.48802083333333335 0.6013888888888889 0.0390625 0.1
1 0.49375 0.47708333333333336 0.04010416666666667 0.09513888888888888
1 0.31302083333333336 0.3923611111111111 0.04583333333333333 0.09513888888888888
1 0.2755208333333333 0.3840277777777778 0.04739583333333333 0.09166666666666666
2 0.5026041666666666 0.3715277777777778 0.0390625 0.10069444444444445
3 0.5109375 0.29097222222222224 0.034895833333333334 0.06597222222222222
3 0.5291666666666667 0.19722222222222222 0.0328125 0.06319444444444444
1 0.3546875 0.21319444444444444 0.03229166666666667 0.06180555555555556
1 0.3223958333333333 0.19652777777777777 0.04010416666666667 0.07152777777777777
1 0.54375 0.09583333333333334 0.03229166666666667 0.05625
1 0.5583333333333333 0.04375 0.030729166666666665 0.05347222222222222
1 0.5244791666666667 0.041666666666666664 0.028645833333333332 0.04375
1 0.34270833333333334 0.14027777777777778 0.03802083333333333 0.06111111111111111
2 0.44479166666666664 0.07291666666666667 0.04635416666666667 0.09444444444444444
1 0.646875 0.8701388888888889 0.05520833333333333 0.16111111111111112