1 0.303125 0.9729166666666667 0.15625 0.05416666666666667
1 0.18489583333333334 0.5694444444444444 0.0890625 0.15416666666666667
1 0.3151041666666667 0.8763888888888889 0.14166666666666666 0.11527777777777778
1 0.34375 0.7701388888888889 0.13802083333333334 0.09791666666666667
1 0.71875 0.9506944444444444 0.1359375 0.09791666666666667
1 0.75625 0.8444444444444444 0.14427083333333332 0.10486111111111111
1 0.7458333333333333 0.6444444444444445 0.13489583333333333 0.09444444444444444
1 0.7208333333333333 0.4444444444444444 0.12083333333333333 0.08888888888888889
1 0.7296875 0.3645833333333333 0.11354166666666667 0.08958333333333333
1 0.7348958333333333 0.14583333333333334 0.10625 0.07777777777777778
1 0.7359375 0.0763888888888889 0.10729166666666666 0.07916666666666666
1 0.7494791666666667 0.027083333333333334 0.1015625 0.052083333333333336
1 0.05 0.5409722222222222 0.09583333333333334 0.1638888888888889
1 0.134375 0.3888888888888889 0.134375 0.0875
1 0.390625 0.16944444444444445 0.10989583333333333 0.07777777777777778
1 0.4119791666666667 0.10277777777777777 0.10364583333333334 0.08958333333333333
1 0.4119791666666667 0.035416666666666666 0.09739583333333333 0.06736111111111111
1 0.13854166666666667 0.11458333333333333 0.07447916666666667 0.11458333333333333
1 0.20416666666666666 0.1111111111111111 0.08072916666666667 0.12777777777777777
1 0.1828125 0.022222222222222223 0.059895833333333336 0.04375
3 0.11197916666666667 0.7777777777777778 0.11510416666666666 0.20555555555555555
3 0.734375 0.7375 0.14739583333333334 0.1
3 0.29010416666666666 0.11875 0.0640625 0.11458333333333333