1 0.007291666666666667 0.8256944444444444 0.014583333333333334 0.02638888888888889
3 0.0234375 0.8145833333333333 0.016666666666666666 0.03125
1 0.026041666666666668 0.8979166666666667 0.019270833333333334 0.030555555555555555
1 0.041666666666666664 0.8875 0.0140625 0.03263888888888889
3 0.07239583333333334 0.8798611111111111 0.015625 0.03263888888888889
1 0.03958333333333333 0.8097222222222222 0.015104166666666667 0.03263888888888889
1 0.053125 0.7958333333333333 0.013541666666666667 0.025694444444444443
1 0.06770833333333333 0.7916666666666666 0.013541666666666667 0.030555555555555555
1 0.0828125 0.7895833333333333 0.015625 0.030555555555555555
1 0.09270833333333334 0.8652777777777778 0.016666666666666666 0.03125
1 0.1125 0.8583333333333333 0.016666666666666666 0.03125
1 0.12604166666666666 0.8520833333333333 0.016666666666666666 0.03125
1 0.5979166666666667 0.6576388888888889 0.021354166666666667 0.029861111111111113
1 0.5515625 0.5708333333333333 0.016666666666666666 0.027777777777777776
1 0.5411458333333333 0.5486111111111112 0.016666666666666666 0.02638888888888889
3 0.5291666666666667 0.5194444444444445 0.01875 0.022222222222222223
1 0.5119791666666667 0.5097222222222222 0.019791666666666666 0.02361111111111111
3 0.5072916666666667 0.49444444444444446 0.020833333333333332 0.02361111111111111
1 0.4947916666666667 0.48125 0.019791666666666666 0.025694444444444443
1 0.48802083333333335 0.47152777777777777 0.017708333333333333 0.025
1 0.4734375 0.4534722222222222 0.0171875 0.027777777777777776
1 0.4625 0.43333333333333335 0.019270833333333334 0.025
1 0.45625 0.42083333333333334 0.019270833333333334 0.025
2 0.4473958333333333 0.4076388888888889 0.019270833333333334 0.022916666666666665
1 0.44114583333333335 0.39305555555555555 0.022395833333333334 0.022916666666666665
1 0.48385416666666664 0.30972222222222223 0.019270833333333334 0.022916666666666665
1 0.5020833333333333 0.34444444444444444 0.019791666666666666 0.025
1 0.5166666666666667 0.3597222222222222 0.019791666666666666 0.02013888888888889
1 0.328125 0.3527777777777778 0.022395833333333334 0.027777777777777776
1 0.3536458333333333 0.3326388888888889 0.024479166666666666 0.02013888888888889
2 0.30416666666666664 0.23680555555555555 0.0171875 0.025
1 0.7619791666666667 0.30486111111111114 0.013541666666666667 0.02638888888888889