1 0.2453125 0.8909722222222223 0.23802083333333332 0.2125
1 0.6151041666666667 0.5763888888888888 0.08854166666666667 0.11388888888888889
2 0.25416666666666665 0.5236111111111111 0.134375 0.09305555555555556
2 0.5869791666666667 0.4305555555555556 0.1171875 0.06875
1 0.6005208333333333 0.23958333333333334 0.014583333333333334 0.02013888888888889
1 0.5895833333333333 0.24513888888888888 0.019270833333333334 0.025
2 0.6328125 0.28055555555555556 0.023958333333333335 0.03819444444444445
2 0.5411458333333333 0.2604166666666667 0.052083333333333336 0.04236111111111111
3 0.5442708333333334 0.28125 0.026041666666666668 0.03333333333333333
2 0.7 0.23819444444444443 0.0265625 0.05694444444444444
3 0.6463541666666667 0.3423611111111111 0.0859375 0.05555555555555555
2 0.4890625 0.3368055555555556 0.044270833333333336 0.044444444444444446
1 0.5708333333333333 0.3840277777777778 0.052083333333333336 0.044444444444444446