1 0.4734375 0.0625 0.005729166666666666 0.009027777777777777
1 0.46510416666666665 0.06111111111111111 0.005729166666666666 0.010416666666666666
2 0.45729166666666665 0.05625 0.009375 0.011111111111111112
2 0.47552083333333334 0.04791666666666667 0.007291666666666667 0.009027777777777777
1 0.453125 0.07013888888888889 0.0078125 0.013888888888888888
1 0.4473958333333333 0.09305555555555556 0.00625 0.011111111111111112
1 0.4375 0.08680555555555555 0.005208333333333333 0.00625
1 0.4354166666666667 0.08194444444444444 0.0036458333333333334 0.00625
0 0.43802083333333336 0.12083333333333333 0.008333333333333333 0.027777777777777776
1 0.42135416666666664 0.11527777777777778 0.005729166666666666 0.0125
3 0.42135416666666664 0.14305555555555555 0.007291666666666667 0.016666666666666666
3 0.4125 0.1284722222222222 0.005208333333333333 0.011111111111111112
1 0.4109375 0.17291666666666666 0.00625 0.0125
1 0.40625 0.15208333333333332 0.005208333333333333 0.0125
1 0.396875 0.1798611111111111 0.009375 0.015277777777777777
2 0.38229166666666664 0.20208333333333334 0.0109375 0.030555555555555555
3 0.40208333333333335 0.20347222222222222 0.008333333333333333 0.016666666666666666
0 0.4041666666666667 0.2659722222222222 0.013020833333333334 0.041666666666666664
3 0.39166666666666666 0.2611111111111111 0.008333333333333333 0.02013888888888889
1 0.3734375 0.2388888888888889 0.009375 0.01875
1 0.3609375 0.25416666666666665 0.007291666666666667 0.016666666666666666
1 0.3958333333333333 0.3347222222222222 0.0109375 0.021527777777777778
1 0.425 0.3923611111111111 0.009895833333333333 0.027777777777777776
1 0.4140625 0.4326388888888889 0.011979166666666667 0.027777777777777776
1 0.3880208333333333 0.4666666666666667 0.013541666666666667 0.027777777777777776
0 0.4552083333333333 0.5041666666666667 0.034375 0.08263888888888889
1 0.4234375 0.7486111111111111 0.016666666666666666 0.03819444444444445
1 0.45625 0.5923611111111111 0.01875 0.03819444444444445
1 0.4817708333333333 0.7277777777777777 0.019270833333333334 0.04722222222222222
1 0.5239583333333333 0.8951388888888889 0.025 0.06736111111111111
0 0.5369791666666667 0.6 0.021354166666666667 0.05347222222222222
3 0.5494791666666666 0.5680555555555555 0.0140625 0.024305555555555556
0 0.5625 0.6125 0.030729166666666665 0.075
0 0.5822916666666667 0.6840277777777778 0.03802083333333333 0.09166666666666666
0 0.5713541666666667 0.7152777777777778 0.027083333333333334 0.07708333333333334
3 0.5526041666666667 0.6583333333333333 0.019791666666666666 0.03819444444444445
0 0.6151041666666667 0.7708333333333334 0.041666666666666664 0.11527777777777778
0 0.6401041666666667 0.7708333333333334 0.041666666666666664 0.09513888888888888
0 0.6484375 0.8840277777777777 0.04479166666666667 0.11527777777777778
0 0.6755208333333333 0.8784722222222222 0.05 0.12430555555555556
0 0.5984375 0.9395833333333333 0.044270833333333336 0.11319444444444444
0 0.6802083333333333 0.96875 0.036458333333333336 0.059722222222222225
0 0.7130208333333333 0.98125 0.027083333333333334 0.035416666666666666
2 0.56875 0.49583333333333335 0.03802083333333333 0.03680555555555556
1 0.38697916666666665 0.7458333333333333 0.015625 0.03958333333333333
1 0.3927083333333333 0.7888888888888889 0.020833333333333332 0.041666666666666664
1 0.3984375 0.8305555555555556 0.022395833333333334 0.03958333333333333
1 0.40520833333333334 0.8784722222222222 0.024479166666666666 0.050694444444444445
1 0.41510416666666666 0.93125 0.0234375 0.050694444444444445
1 0.421875 0.9833333333333333 0.0234375 0.030555555555555555
1 0.5947916666666667 0.49722222222222223 0.025 0.018055555555555554