1 0.3494791666666667 0.6326388888888889 0.05 0.09791666666666667
1 0.4276041666666667 0.40902777777777777 0.03125 0.05486111111111111
1 0.4505208333333333 0.3486111111111111 0.03229166666666667 0.05694444444444444
1 0.296875 0.7701388888888889 0.059375 0.11666666666666667
1 0.4822916666666667 0.2569444444444444 0.030208333333333334 0.052083333333333336
1 0.48541666666666666 0.4486111111111111 0.03802083333333333 0.07222222222222222
1 0.5473958333333333 0.22708333333333333 0.025 0.04791666666666667
1 0.53125 0.28958333333333336 0.027604166666666666 0.05347222222222222
1 0.49947916666666664 0.21388888888888888 0.027604166666666666 0.04722222222222222
1 0.5192708333333333 0.16041666666666668 0.022916666666666665 0.041666666666666664
1 0.5401041666666667 0.10069444444444445 0.024479166666666666 0.03958333333333333
1 0.5729166666666666 0.15 0.021354166666666667 0.03819444444444445
1 0.5619791666666667 0.18333333333333332 0.01875 0.044444444444444446
1 0.5010416666666667 0.3854166666666667 0.030729166666666665 0.06458333333333334
1 0.45729166666666665 0.5451388888888888 0.04010416666666667 0.08472222222222223
1 0.3953125 0.7347222222222223 0.03802083333333333 0.07847222222222222
3 0.3802083333333333 0.5354166666666667 0.04635416666666667 0.08402777777777778
3 0.3484375 0.8888888888888888 0.04375 0.11041666666666666
3 0.315625 0.9805555555555555 0.0484375 0.03680555555555556
3 0.2296875 0.9409722222222222 0.0765625 0.11527777777777778