1 0.2994791666666667 0.33958333333333335 0.01875 0.013194444444444444
1 0.2953125 0.35347222222222224 0.024479166666666666 0.014583333333333334
1 0.36041666666666666 0.3215277777777778 0.0203125 0.011805555555555555
1 0.35625 0.40069444444444446 0.028125 0.01597222222222222
1 0.359375 0.41875 0.027604166666666666 0.016666666666666666
1 0.365625 0.47152777777777777 0.03125 0.018055555555555554
1 0.3015625 0.5027777777777778 0.028125 0.01875
1 0.4479166666666667 0.5166666666666667 0.0171875 0.03263888888888889
1 0.4666666666666667 0.5145833333333333 0.0171875 0.03263888888888889
1 0.4354166666666667 0.5854166666666667 0.01875 0.03819444444444445
1 0.4734375 0.5791666666666667 0.022916666666666665 0.03888888888888889
1 0.49375 0.5743055555555555 0.023958333333333335 0.03333333333333333
1 0.5125 0.5659722222222222 0.0203125 0.02847222222222222
1 0.5776041666666667 0.4465277777777778 0.019791666666666666 0.02361111111111111
2 0.6052083333333333 0.4083333333333333 0.0265625 0.01597222222222222
2 0.6135416666666667 0.41458333333333336 0.0328125 0.019444444444444445
1 0.6203125 0.5048611111111111 0.0296875 0.022916666666666665
1 0.553125 0.40555555555555556 0.015625 0.025
1 0.646875 0.30277777777777776 0.021354166666666667 0.01875
1 0.6635416666666667 0.31666666666666665 0.010416666666666666 0.019444444444444445
1 0.6598958333333333 0.3347222222222222 0.0109375 0.019444444444444445
1 0.65625 0.35555555555555557 0.0109375 0.016666666666666666
3 0.7046875 0.34305555555555556 0.022395833333333334 0.017361111111111112
2 0.6973958333333333 0.3597222222222222 0.033854166666666664 0.02361111111111111
1 0.728125 0.2791666666666667 0.018229166666666668 0.011805555555555555
2 0.48854166666666665 0.7701388888888889 0.04114583333333333 0.08472222222222223
2 0.4583333333333333 0.9604166666666667 0.09166666666666666 0.07430555555555556
1 0.4375 0.8041666666666667 0.05364583333333333 0.03958333333333333
1 0.42239583333333336 0.7576388888888889 0.04895833333333333 0.041666666666666664
1 0.40729166666666666 0.6701388888888888 0.044270833333333336 0.03125
1 0.4041666666666667 0.6479166666666667 0.0390625 0.024305555555555556
1 0.35260416666666666 0.34097222222222223 0.027083333333333334 0.013194444444444444
1 0.34791666666666665 0.35138888888888886 0.0203125 0.016666666666666666
1 0.35208333333333336 0.375 0.022916666666666665 0.013194444444444444
1 0.3807291666666667 0.36666666666666664 0.027604166666666666 0.018055555555555554
1 0.36302083333333335 0.4354166666666667 0.03125 0.016666666666666666
1 0.37083333333333335 0.49027777777777776 0.028645833333333332 0.017361111111111112
1 0.3734375 0.5041666666666667 0.035416666666666666 0.022222222222222223
1 0.31302083333333336 0.5416666666666666 0.016666666666666666 0.03333333333333333
1 0.31302083333333336 0.2972222222222222 0.017708333333333333 0.009027777777777777
1 0.31145833333333334 0.3145833333333333 0.020833333333333332 0.011111111111111112
3 0.31145833333333334 0.30625 0.0171875 0.010416666666666666
3 0.3619791666666667 0.3055555555555556 0.019270833333333334 0.011111111111111112
3 0.9015625 0.6305555555555555 0.03802083333333333 0.027777777777777776
3 0.8921875 0.6083333333333333 0.04479166666666667 0.024305555555555556
3 0.8255208333333334 0.4597222222222222 0.040625 0.025694444444444443
2 0.8640625 0.5423611111111111 0.06041666666666667 0.03680555555555556
1 0.9453125 0.48125 0.0421875 0.020833333333333332
1 0.86875 0.30833333333333335 0.025520833333333333 0.014583333333333334
1 0.8708333333333333 0.29375 0.021354166666666667 0.014583333333333334
1 0.9494791666666667 0.31805555555555554 0.025520833333333333 0.017361111111111112
1 0.9145833333333333 0.3138888888888889 0.022916666666666665 0.013888888888888888
1 0.8942708333333333 0.34652777777777777 0.0296875 0.014583333333333334
1 0.8973958333333333 0.3576388888888889 0.03125 0.014583333333333334
1 0.8963541666666667 0.36527777777777776 0.0296875 0.014583333333333334
1 0.940625 0.37222222222222223 0.03125 0.01597222222222222
1 0.9411458333333333 0.38055555555555554 0.030208333333333334 0.013888888888888888
3 0.9744791666666667 0.37430555555555556 0.029166666666666667 0.01875
3 0.9359375 0.3597222222222222 0.0234375 0.01597222222222222
1 0.9911458333333333 0.3576388888888889 0.017708333333333333 0.011111111111111112
1 0.99375 0.36736111111111114 0.011979166666666667 0.011805555555555555
1 0.15208333333333332 0.24166666666666667 0.018229166666666668 0.008333333333333333
1 0.1609375 0.24444444444444444 0.020833333333333332 0.008333333333333333
1 0.16510416666666666 0.2548611111111111 0.019270833333333334 0.010416666666666666
1 0.15729166666666666 0.2652777777777778 0.0171875 0.009722222222222222
1 0.12447916666666667 0.29791666666666666 0.022916666666666665 0.011805555555555555
1 0.11302083333333333 0.25069444444444444 0.018229166666666668 0.010416666666666666
1 0.12239583333333333 0.25833333333333336 0.020833333333333332 0.011805555555555555
1 0.12239583333333333 0.26319444444444445 0.022916666666666665 0.011111111111111112
3 0.140625 0.2798611111111111 0.022395833333333334 0.013194444444444444
3 0.16458333333333333 0.25069444444444444 0.021354166666666667 0.010416666666666666
3 0.1203125 0.2520833333333333 0.01875 0.011111111111111112