1 0.10520833333333333 0.4222222222222222 0.050520833333333334 0.029861111111111113
1 0.10885416666666667 0.4215277777777778 0.049479166666666664 0.025694444444444443
1 0.1921875 0.41875 0.05 0.02638888888888889
1 0.17552083333333332 0.4173611111111111 0.0515625 0.027777777777777776
1 0.1640625 0.4097222222222222 0.04739583333333333 0.03125
1 0.3255208333333333 0.41180555555555554 0.04479166666666667 0.02013888888888889
1 0.3697916666666667 0.42430555555555555 0.05625 0.035416666666666666
1 0.3098958333333333 0.40625 0.042708333333333334 0.02361111111111111
1 0.0265625 0.4222222222222222 0.0515625 0.03611111111111111
3 0.8958333333333334 0.43194444444444446 0.0359375 0.022222222222222223
3 0.9109375 0.425 0.0328125 0.022916666666666665
1 0.890625 0.42083333333333334 0.0328125 0.022916666666666665
3 0.8598958333333333 0.4173611111111111 0.03802083333333333 0.020833333333333332
3 0.8255208333333334 0.4111111111111111 0.0328125 0.018055555555555554
1 0.809375 0.40625 0.027083333333333334 0.01597222222222222
1 0.8505208333333333 0.4111111111111111 0.028645833333333332 0.017361111111111112
1 0.7921875 0.3770833333333333 0.015625 0.011111111111111112
1 0.8453125 0.37916666666666665 0.016666666666666666 0.011111111111111112
0 0.5265625 0.4013888888888889 0.06979166666666667 0.03888888888888889