1 0.25104166666666666 0.8666666666666667 0.03802083333333333 0.0763888888888889
1 0.2984375 0.36736111111111114 0.016666666666666666 0.020833333333333332
1 0.4171875 0.4201388888888889 0.03125 0.022916666666666665
2 0.36875 0.7305555555555555 0.0765625 0.05138888888888889
2 0.35260416666666666 0.7847222222222222 0.08229166666666667 0.06111111111111111
1 0.5151041666666667 0.6423611111111112 0.019791666666666666 0.05625
1 0.5255208333333333 0.55625 0.017708333333333333 0.04583333333333333
1 0.5177083333333333 0.42083333333333334 0.015625 0.02638888888888889
1 0.4296875 0.375 0.025 0.02361111111111111
1 0.5151041666666667 0.25069444444444444 0.0078125 0.010416666666666666
1 0.43333333333333335 0.26319444444444445 0.0109375 0.013194444444444444
3 0.4359375 0.25555555555555554 0.019791666666666666 0.01597222222222222
1 0.45729166666666665 0.11180555555555556 0.013541666666666667 0.006944444444444444
1 0.45625 0.13402777777777777 0.015625 0.009722222222222222
1 0.50625 0.14166666666666666 0.009375 0.011111111111111112
1 0.48125 0.15208333333333332 0.009375 0.011111111111111112
1 0.5041666666666667 0.11319444444444444 0.007291666666666667 0.011111111111111112
1 0.4942708333333333 0.08680555555555555 0.008333333333333333 0.009722222222222222
1 0.49635416666666665 0.027083333333333334 0.005729166666666666 0.010416666666666666
1 0.5744791666666667 0.60625 0.016666666666666666 0.04652777777777778
3 0.6880208333333333 0.8215277777777777 0.03333333333333333 0.08125
3 0.6671875 0.7083333333333334 0.025520833333333333 0.06388888888888888