1 0.6875 0.9576388888888889 0.034375 0.08263888888888889
1 0.7932291666666667 0.8909722222222223 0.0421875 0.10486111111111111
1 0.8057291666666667 0.9729166666666667 0.0421875 0.05277777777777778
1 0.9765625 0.8208333333333333 0.04583333333333333 0.06875
1 0.9322916666666666 0.7902777777777777 0.0515625 0.06319444444444444
3 0.896875 0.7527777777777778 0.0609375 0.05486111111111111
1 0.8640625 0.7215277777777778 0.059895833333333336 0.049305555555555554
1 0.8302083333333333 0.6895833333333333 0.0578125 0.04722222222222222
1 0.8088541666666667 0.6541666666666667 0.04739583333333333 0.04652777777777778
3 0.759375 0.5673611111111111 0.041666666666666664 0.04513888888888889
1 0.7411458333333333 0.5430555555555555 0.04114583333333333 0.03958333333333333
1 0.7328125 0.5097222222222222 0.04010416666666667 0.04513888888888889
1 0.73125 0.48055555555555557 0.04010416666666667 0.035416666666666666
1 0.7276041666666667 0.44513888888888886 0.03229166666666667 0.03680555555555556
1 0.7145833333333333 0.4222222222222222 0.03125 0.03333333333333333
1 0.6973958333333333 0.39861111111111114 0.034375 0.03263888888888889
1 0.69375 0.3763888888888889 0.036458333333333336 0.02847222222222222
1 0.6875 0.30833333333333335 0.030729166666666665 0.025
1 0.6338541666666667 0.5479166666666667 0.046875 0.044444444444444446
1 0.640625 0.5263888888888889 0.04635416666666667 0.03958333333333333
1 0.628125 0.48125 0.041666666666666664 0.03333333333333333
1 0.6270833333333333 0.4597222222222222 0.040625 0.02847222222222222
1 0.6317708333333333 0.42291666666666666 0.03802083333333333 0.03125
1 0.6276041666666666 0.34097222222222223 0.03333333333333333 0.02847222222222222
3 0.6276041666666666 0.3020833333333333 0.026041666666666668 0.027777777777777776
3 0.7026041666666667 0.26944444444444443 0.026041666666666668 0.027083333333333334
1 0.6302083333333334 0.2798611111111111 0.03125 0.025
1 0.5213541666666667 0.39375 0.0171875 0.034027777777777775
3 0.5515625 0.3173611111111111 0.013541666666666667 0.03333333333333333
2 0.5151041666666667 0.22013888888888888 0.030729166666666665 0.09652777777777778
1 0.5916666666666667 0.06041666666666667 0.007291666666666667 0.014583333333333334
3 0.609375 0.07847222222222222 0.016666666666666666 0.01597222222222222