1 0.9760416666666667 0.8993055555555556 0.04791666666666667 0.07777777777777778
1 0.8630208333333333 0.7402777777777778 0.05364583333333333 0.059027777777777776
2 0.8208333333333333 0.66875 0.06197916666666667 0.0763888888888889
1 0.7348958333333333 0.5597222222222222 0.03125 0.035416666666666666
2 0.7177083333333333 0.5284722222222222 0.0328125 0.030555555555555555
1 0.6901041666666666 0.49444444444444446 0.030729166666666665 0.034027777777777775
1 0.6671875 0.46111111111111114 0.030208333333333334 0.029861111111111113
1 0.6119791666666666 0.3861111111111111 0.022395833333333334 0.02013888888888889
1 0.6208333333333333 0.4930555555555556 0.025520833333333333 0.029861111111111113
1 0.55625 0.49444444444444446 0.022395833333333334 0.029861111111111113
2 0.5333333333333333 0.4375 0.0234375 0.03680555555555556
2 0.5697916666666667 0.4409722222222222 0.04791666666666667 0.07777777777777778
1 0.5890625 0.43680555555555556 0.019791666666666666 0.022916666666666665
0 0.5135416666666667 0.3888888888888889 0.03125 0.05625
2 0.5333333333333333 0.3715277777777778 0.049479166666666664 0.0875
2 0.553125 0.3715277777777778 0.016666666666666666 0.025
1 0.5348958333333333 0.34097222222222223 0.016666666666666666 0.017361111111111112
1 0.4791666666666667 0.32430555555555557 0.0140625 0.01597222222222222
1 0.46927083333333336 0.3013888888888889 0.0140625 0.01597222222222222
2 0.5015625 0.3138888888888889 0.028645833333333332 0.052083333333333336
1 0.51875 0.3159722222222222 0.0140625 0.015277777777777777
1 0.5098958333333333 0.3020833333333333 0.013020833333333334 0.015277777777777777
1 0.4859375 0.29305555555555557 0.013020833333333334 0.014583333333333334
1 0.5026041666666666 0.2881944444444444 0.013541666666666667 0.014583333333333334
3 0.5713541666666667 0.3277777777777778 0.0171875 0.020833333333333332
2 0.45208333333333334 0.7090277777777778 0.044270833333333336 0.10972222222222222
3 0.4265625 0.6104166666666667 0.020833333333333332 0.04791666666666667
3 0.4166666666666667 0.5298611111111111 0.027083333333333334 0.04097222222222222
2 0.36666666666666664 0.4638888888888889 0.016666666666666666 0.03611111111111111
1 0.38958333333333334 0.41597222222222224 0.019270833333333334 0.02638888888888889
1 0.39739583333333334 0.3861111111111111 0.015625 0.02361111111111111
1 0.3848958333333333 0.3923611111111111 0.013020833333333334 0.025
1 0.3692708333333333 0.39652777777777776 0.0140625 0.030555555555555555
1 0.43697916666666664 0.21666666666666667 0.008333333333333333 0.010416666666666666
1 0.428125 0.1951388888888889 0.009375 0.009722222222222222
1 0.40260416666666665 0.21875 0.009375 0.0125
1 0.38958333333333334 0.22152777777777777 0.009375 0.0125
1 0.37916666666666665 0.22013888888888888 0.0109375 0.014583333333333334
1 0.38697916666666665 0.21319444444444444 0.008333333333333333 0.010416666666666666
1 0.37447916666666664 0.2076388888888889 0.009375 0.013194444444444444
1 0.37395833333333334 0.1986111111111111 0.0078125 0.010416666666666666
1 0.3848958333333333 0.20625 0.009375 0.010416666666666666
1 0.38333333333333336 0.20069444444444445 0.009375 0.010416666666666666
1 0.38125 0.19305555555555556 0.0078125 0.011111111111111112
1 0.38229166666666664 0.18888888888888888 0.008333333333333333 0.0125
2 0.3807291666666667 0.17777777777777778 0.011458333333333333 0.018055555555555554
2 0.4015625 0.2076388888888889 0.011979166666666667 0.01875
1 0.39739583333333334 0.20069444444444445 0.008333333333333333 0.014583333333333334
1 0.4119791666666667 0.20347222222222222 0.009375 0.011111111111111112
1 0.4119791666666667 0.19444444444444445 0.009375 0.013194444444444444
1 0.39739583333333334 0.19027777777777777 0.008333333333333333 0.013194444444444444
1 0.39375 0.1840277777777778 0.008333333333333333 0.011111111111111112
2 0.39166666666666666 0.17708333333333334 0.008333333333333333 0.011111111111111112
1 0.38645833333333335 0.16458333333333333 0.007291666666666667 0.010416666666666666
1 0.38385416666666666 0.15902777777777777 0.00625 0.009722222222222222
1 0.6333333333333333 0.31180555555555556 0.019270833333333334 0.022222222222222223
1 0.6276041666666666 0.26319444444444445 0.020833333333333332 0.0125
1 0.5994791666666667 0.26458333333333334 0.025 0.015277777777777777
1 0.6015625 0.25972222222222224 0.022916666666666665 0.015277777777777777
1 0.609375 0.2520833333333333 0.021354166666666667 0.013194444444444444
1 0.6223958333333334 0.24930555555555556 0.021354166666666667 0.0125
1 0.6265625 0.25833333333333336 0.022395833333333334 0.0125
1 0.63125 0.24305555555555555 0.019270833333333334 0.014583333333333334
1 0.5572916666666666 0.23125 0.01875 0.011111111111111112
2 0.6098958333333333 0.21041666666666667 0.015625 0.013194444444444444
1 0.6088541666666667 0.20555555555555555 0.016666666666666666 0.011111111111111112
1 0.6203125 0.21319444444444444 0.013541666666666667 0.011111111111111112
1 0.6234375 0.20902777777777778 0.013020833333333334 0.010416666666666666
1 0.6385416666666667 0.20833333333333334 0.0171875 0.013194444444444444
1 0.5223958333333333 0.2 0.015104166666666667 0.009722222222222222
1 0.5177083333333333 0.19722222222222222 0.0140625 0.011111111111111112
1 0.4401041666666667 0.18472222222222223 0.007291666666666667 0.009722222222222222
3 0.4708333333333333 0.17916666666666667 0.0078125 0.009722222222222222
1 0.3541666666666667 0.16597222222222222 0.007291666666666667 0.010416666666666666
0 0.08489583333333334 0.14791666666666667 0.0140625 0.0125
0 0.09322916666666667 0.14791666666666667 0.0109375 0.0125
0 0.1015625 0.14930555555555555 0.0109375 0.0125
1 0.9390625 0.16111111111111112 0.016666666666666666 0.009722222222222222
1 0.9291666666666667 0.1701388888888889 0.015625 0.010416666666666666
1 0.9552083333333333 0.1597222222222222 0.016666666666666666 0.010416666666666666