1 0.47239583333333335 0.9125 0.01875 0.03263888888888889
1 0.43802083333333336 0.8020833333333334 0.0171875 0.025
2 0.21510416666666668 0.13819444444444445 0.007291666666666667 0.015277777777777777
2 0.19947916666666668 0.23680555555555555 0.009375 0.01597222222222222
2 0.16302083333333334 0.2326388888888889 0.0109375 0.025
2 0.17864583333333334 0.07777777777777778 0.008333333333333333 0.02013888888888889
3 0.20260416666666667 0.08541666666666667 0.004166666666666667 0.007638888888888889
3 0.21875 0.1736111111111111 0.004166666666666667 0.008333333333333333
3 0.21145833333333333 0.19930555555555557 0.004166666666666667 0.008333333333333333
1 0.2078125 0.30069444444444443 0.005729166666666666 0.010416666666666666
1 0.184375 0.18888888888888888 0.007291666666666667 0.008333333333333333
1 0.20572916666666666 0.26875 0.005729166666666666 0.010416666666666666
1 0.20625 0.21944444444444444 0.005729166666666666 0.008333333333333333
1 0.21510416666666668 0.15208333333333332 0.005208333333333333 0.007638888888888889
1 0.29010416666666666 0.25763888888888886 0.005729166666666666 0.010416666666666666
1 0.2875 0.25069444444444444 0.00625 0.010416666666666666
1 0.66875 0.9868055555555556 0.0265625 0.025
1 0.6052083333333333 0.96875 0.027083333333333334 0.025694444444444443
1 0.6244791666666667 0.9895833333333334 0.03333333333333333 0.01875
1 0.9869791666666666 0.8354166666666667 0.020833333333333332 0.022222222222222223
2 0.8744791666666667 0.8868055555555555 0.034895833333333334 0.020833333333333332
1 0.8260416666666667 0.5472222222222223 0.016666666666666666 0.0125
2 0.6515625 0.3659722222222222 0.016666666666666666 0.017361111111111112
2 0.5682291666666667 0.3375 0.011979166666666667 0.02013888888888889
3 0.4947916666666667 0.27361111111111114 0.00625 0.010416666666666666
1 0.16770833333333332 0.38958333333333334 0.007291666666666667 0.013194444444444444
1 0.1671875 0.33194444444444443 0.005729166666666666 0.014583333333333334
1 0.5416666666666666 0.6534722222222222 0.011458333333333333 0.02361111111111111
1 0.5333333333333333 0.6770833333333334 0.009895833333333333 0.022916666666666665
1 0.6432291666666666 0.3034722222222222 0.011979166666666667 0.008333333333333333