1 0.18229166666666666 0.19375 0.08072916666666667 0.05416666666666667
1 0.1453125 0.16805555555555557 0.07760416666666667 0.06597222222222222
1 0.13854166666666667 0.13125 0.07447916666666667 0.05555555555555555
1 0.10625 0.09930555555555555 0.06927083333333334 0.049305555555555554
1 0.12395833333333334 0.05625 0.07239583333333334 0.049305555555555554
1 0.025520833333333333 0.03333333333333333 0.027604166666666666 0.04027777777777778
1 0.07083333333333333 0.3284722222222222 0.06354166666666666 0.08194444444444444
1 0.2265625 0.46944444444444444 0.08489583333333334 0.05694444444444444
1 0.5609375 0.4576388888888889 0.1015625 0.08680555555555555
1 0.4984375 0.17708333333333334 0.06927083333333334 0.05555555555555555
1 0.478125 0.14930555555555555 0.06510416666666667 0.05347222222222222
1 0.3848958333333333 0.034027777777777775 0.059895833333333336 0.04027777777777778
1 0.5390625 0.2520833333333333 0.07447916666666667 0.06597222222222222
1 0.39427083333333335 0.06458333333333334 0.0671875 0.04652777777777778
1 0.453125 0.10833333333333334 0.06666666666666667 0.04861111111111111
1 0.6546875 0.12638888888888888 0.06510416666666667 0.05138888888888889
1 0.6453125 0.48680555555555555 0.0921875 0.09236111111111112
1 0.9666666666666667 0.08194444444444444 0.052083333333333336 0.04027777777777778
1 0.8192708333333333 0.11319444444444444 0.03697916666666667 0.049305555555555554
1 0.7901041666666667 0.32013888888888886 0.08645833333333333 0.07430555555555556
1 0.896875 0.10486111111111111 0.04635416666666667 0.03263888888888889
1 0.940625 0.029166666666666667 0.034375 0.027777777777777776