0 0.24166666666666667 0.11736111111111111 0.12552083333333333 0.21041666666666667
0 0.1875 0.06388888888888888 0.109375 0.12777777777777777
1 0.12239583333333333 0.8256944444444444 0.134375 0.24583333333333332
3 0.7026041666666667 0.1625 0.05416666666666667 0.10555555555555556
3 0.7734375 0.1840277777777778 0.0609375 0.10694444444444444
3 0.8479166666666667 0.175 0.08854166666666667 0.11319444444444444
1 0.8833333333333333 0.018055555555555554 0.07916666666666666 0.03611111111111111
1 0.7979166666666667 0.018055555555555554 0.044270833333333336 0.03611111111111111
1 0.7520833333333333 0.01875 0.04791666666666667 0.0375
1 0.7046875 0.01875 0.03854166666666667 0.0375
1 0.6645833333333333 0.018055555555555554 0.040625 0.03611111111111111
1 0.6255208333333333 0.022222222222222223 0.04010416666666667 0.041666666666666664
3 0.5598958333333334 0.14791666666666667 0.06510416666666667 0.09652777777777778