3 0.515625 0.8784722222222222 0.10989583333333333 0.1875
1 0.6083333333333333 0.5854166666666667 0.10208333333333333 0.08472222222222223
1 0.3796875 0.4840277777777778 0.049479166666666664 0.06111111111111111
1 0.32916666666666666 0.5236111111111111 0.04583333333333333 0.06597222222222222
1 0.3109375 0.3611111111111111 0.0328125 0.04583333333333333
1 0.2708333333333333 0.29930555555555555 0.0265625 0.03680555555555556
1 0.12447916666666667 0.5048611111111111 0.0390625 0.06666666666666667
1 0.42239583333333336 0.3138888888888889 0.034895833333333334 0.027777777777777776
1 0.39166666666666666 0.28055555555555556 0.027083333333333334 0.025694444444444443
1 0.7807291666666667 0.43333333333333335 0.065625 0.05138888888888889
1 0.909375 0.3798611111111111 0.05416666666666667 0.03888888888888889
3 0.2203125 0.2777777777777778 0.022395833333333334 0.03333333333333333
0 0.20989583333333334 0.36319444444444443 0.057291666666666664 0.10277777777777777
1 0.06145833333333333 0.5354166666666667 0.04583333333333333 0.059027777777777776
1 0.8473958333333333 0.4131944444444444 0.058333333333333334 0.05555555555555555
1 0.8572916666666667 0.3888888888888889 0.0578125 0.05416666666666667
1 0.8640625 0.3388888888888889 0.04791666666666667 0.03611111111111111
1 0.9395833333333333 0.3472222222222222 0.04635416666666667 0.03680555555555556
1 0.9114583333333334 0.32222222222222224 0.05 0.030555555555555555
1 0.9510416666666667 0.3138888888888889 0.0421875 0.03680555555555556
1 0.978125 0.33125 0.03802083333333333 0.03819444444444445
1 0.9875 0.3548611111111111 0.025 0.029861111111111113
1 0.14947916666666666 0.10069444444444445 0.009895833333333333 0.008333333333333333
1 0.16041666666666668 0.11180555555555556 0.0078125 0.008333333333333333
1 0.175 0.11319444444444444 0.009895833333333333 0.008333333333333333
1 0.18333333333333332 0.14791666666666667 0.011458333333333333 0.0125
3 0.21145833333333333 0.13333333333333333 0.009895833333333333 0.011111111111111112
1 0.22447916666666667 0.13194444444444445 0.009895833333333333 0.010416666666666666
1 0.16666666666666666 0.2298611111111111 0.0140625 0.018055555555555554
1 0.30052083333333335 0.19652777777777777 0.016666666666666666 0.017361111111111112
1 0.2916666666666667 0.18680555555555556 0.0140625 0.014583333333333334
1 0.284375 0.17777777777777778 0.011458333333333333 0.013194444444444444
1 0.271875 0.16875 0.011979166666666667 0.013194444444444444
1 0.26666666666666666 0.16319444444444445 0.013541666666666667 0.0125
1 0.2598958333333333 0.15694444444444444 0.011458333333333333 0.0125
1 0.2552083333333333 0.15138888888888888 0.011458333333333333 0.011111111111111112
1 0.24583333333333332 0.14930555555555555 0.0140625 0.011111111111111112
1 0.24375 0.14305555555555555 0.011458333333333333 0.009722222222222222
1 0.23802083333333332 0.1388888888888889 0.009895833333333333 0.014583333333333334
1 0.23541666666666666 0.1361111111111111 0.0109375 0.013194444444444444
1 0.3515625 0.26805555555555555 0.021354166666666667 0.02361111111111111
1 0.34375 0.2520833333333333 0.022916666666666665 0.022222222222222223
1 0.37604166666666666 0.26875 0.0265625 0.022916666666666665
1 0.3453125 0.23819444444444443 0.020833333333333332 0.01875
1 0.3338541666666667 0.22569444444444445 0.019270833333333334 0.01875
1 0.3234375 0.21597222222222223 0.01875 0.017361111111111112
1 0.3770833333333333 0.23402777777777778 0.022916666666666665 0.02013888888888889
1 0.3640625 0.22152777777777777 0.0171875 0.022222222222222223
1 0.35625 0.21180555555555555 0.013541666666666667 0.022222222222222223
1 0.3390625 0.20694444444444443 0.022395833333333334 0.01597222222222222
1 0.3255208333333333 0.19444444444444445 0.024479166666666666 0.014583333333333334
1 0.31979166666666664 0.18888888888888888 0.021354166666666667 0.014583333333333334
1 0.31354166666666666 0.18263888888888888 0.024479166666666666 0.013194444444444444
1 0.30625 0.1763888888888889 0.022916666666666665 0.013194444444444444
1 0.296875 0.17222222222222222 0.019270833333333334 0.0125
1 0.2911458333333333 0.1673611111111111 0.019270833333333334 0.010416666666666666
1 0.28854166666666664 0.1625 0.01875 0.0125
1 0.2828125 0.15833333333333333 0.01875 0.011111111111111112
1 0.27447916666666666 0.14930555555555555 0.022395833333333334 0.0125
1 0.37604166666666666 0.18333333333333332 0.027604166666666666 0.014583333333333334
1 0.3651041666666667 0.1798611111111111 0.01875 0.013194444444444444
1 0.3734375 0.175 0.024479166666666666 0.011111111111111112
1 0.35833333333333334 0.17430555555555555 0.021354166666666667 0.013194444444444444
1 0.35572916666666665 0.16944444444444445 0.021354166666666667 0.013194444444444444
1 0.3953125 0.19375 0.029166666666666667 0.01597222222222222
1 0.403125 0.19791666666666666 0.029166666666666667 0.017361111111111112
1 0.41770833333333335 0.20208333333333334 0.027604166666666666 0.015277777777777777
1 0.42239583333333336 0.20555555555555555 0.030208333333333334 0.01597222222222222
1 0.43697916666666664 0.22361111111111112 0.03125 0.020833333333333332
1 0.5494791666666666 0.30486111111111114 0.04791666666666667 0.02638888888888889
3 0.5322916666666667 0.2902777777777778 0.03802083333333333 0.03125
1 0.5213541666666667 0.2777777777777778 0.030208333333333334 0.02638888888888889
1 0.4635416666666667 0.3 0.030208333333333334 0.034027777777777775
1 0.4239583333333333 0.2659722222222222 0.025 0.02638888888888889
1 0.5052083333333334 0.26458333333333334 0.03333333333333333 0.02361111111111111
1 0.4786458333333333 0.24305555555555555 0.03125 0.02638888888888889
1 0.46822916666666664 0.22916666666666666 0.027604166666666666 0.02013888888888889
2 0.65625 0.33402777777777776 0.06927083333333334 0.07013888888888889
1 0.8348958333333333 0.29791666666666666 0.0359375 0.035416666666666666
1 0.8520833333333333 0.2826388888888889 0.041666666666666664 0.03611111111111111
1 0.871875 0.2777777777777778 0.0390625 0.03263888888888889
1 0.9109375 0.26875 0.0484375 0.029861111111111113
1 0.9296875 0.26319444444444445 0.036458333333333336 0.02847222222222222
1 0.9651041666666667 0.2513888888888889 0.0484375 0.02847222222222222
3 0.9854166666666667 0.2916666666666667 0.029166666666666667 0.030555555555555555
1 0.9822916666666667 0.2465277777777778 0.03333333333333333 0.027777777777777776
1 0.019270833333333334 0.4076388888888889 0.03854166666666667 0.04027777777777778