1 0.3223958333333333 0.6194444444444445 0.028125 0.07013888888888889
1 0.3859375 0.7305555555555555 0.027604166666666666 0.07013888888888889
1 0.5557291666666667 0.7673611111111112 0.028125 0.075
1 0.534375 0.6416666666666667 0.028125 0.06805555555555555
1 0.534375 0.5319444444444444 0.022395833333333334 0.05625
1 0.528125 0.4097222222222222 0.021875 0.04791666666666667
1 0.5192708333333333 0.3388888888888889 0.021354166666666667 0.03958333333333333
1 0.38697916666666665 0.36527777777777776 0.019791666666666666 0.044444444444444446
1 0.7734375 0.5763888888888888 0.022916666666666665 0.0625
1 0.5682291666666667 0.3638888888888889 0.024479166666666666 0.03611111111111111
3 0.37135416666666665 0.5256944444444445 0.019270833333333334 0.05347222222222222
1 0.8875 0.6479166666666667 0.050520833333333334 0.03194444444444444
1 0.8729166666666667 0.6111111111111112 0.0609375 0.02847222222222222
1 0.8692708333333333 0.5777777777777777 0.052083333333333336 0.02847222222222222
3 0.946875 0.6375 0.051041666666666666 0.029861111111111113
1 0.9385416666666667 0.6083333333333333 0.0578125 0.022222222222222223
1 0.9296875 0.5763888888888888 0.050520833333333334 0.02638888888888889
1 0.7072916666666667 0.5340277777777778 0.05625 0.04375
1 0.7026041666666667 0.4986111111111111 0.05364583333333333 0.03958333333333333
1 0.7015625 0.4708333333333333 0.04635416666666667 0.035416666666666666
1 0.7453125 0.44513888888888886 0.030208333333333334 0.034027777777777775
1 0.7979166666666667 0.42986111111111114 0.04739583333333333 0.03125
1 0.7901041666666667 0.4076388888888889 0.03854166666666667 0.02361111111111111
1 0.6692708333333334 0.40694444444444444 0.020833333333333332 0.04375
1 0.4671875 0.22916666666666666 0.017708333333333333 0.035416666666666666
1 0.51875 0.22430555555555556 0.015625 0.03125
1 0.55625 0.1951388888888889 0.016666666666666666 0.029861111111111113
1 0.5119791666666667 0.15347222222222223 0.013541666666666667 0.027083333333333334
1 0.4895833333333333 0.19305555555555556 0.016666666666666666 0.027777777777777776
1 0.4046875 0.16805555555555557 0.016666666666666666 0.029861111111111113
1 0.521875 0.10694444444444444 0.016145833333333335 0.024305555555555556
1 0.4864583333333333 0.08263888888888889 0.014583333333333334 0.022222222222222223
1 0.46510416666666665 0.05694444444444444 0.0125 0.01875
1 0.503125 0.05 0.0140625 0.019444444444444445
0 0.5296875 0.03958333333333333 0.025 0.06388888888888888
1 0.4895833333333333 0.014583333333333334 0.013020833333333334 0.020833333333333332
1 0.7380208333333333 0.04791666666666667 0.0171875 0.021527777777777778
1 0.6885416666666667 0.04027777777777778 0.023958333333333335 0.02847222222222222
1 0.7197916666666667 0.011805555555555555 0.016145833333333335 0.02013888888888889
1 0.5505208333333333 0.08194444444444444 0.013541666666666667 0.02361111111111111
1 0.559375 0.1486111111111111 0.018229166666666668 0.027777777777777776
1 0.7197916666666667 0.12361111111111112 0.016145833333333335 0.025