1 0.340625 0.9590277777777778 0.04010416666666667 0.0798611111111111
1 0.4822916666666667 0.8097222222222222 0.03229166666666667 0.08888888888888889
1 0.48854166666666665 0.5645833333333333 0.021354166666666667 0.043055555555555555
1 0.4119791666666667 0.5458333333333333 0.019270833333333334 0.03819444444444445
1 0.49270833333333336 0.4576388888888889 0.015625 0.03680555555555556
1 0.5151041666666667 0.4236111111111111 0.015104166666666667 0.03333333333333333
1 0.5057291666666667 0.3548611111111111 0.013020833333333334 0.024305555555555556
1 0.46145833333333336 0.36736111111111114 0.013020833333333334 0.024305555555555556
1 0.4546875 0.30972222222222223 0.0109375 0.02013888888888889
1 0.478125 0.29097222222222224 0.009375 0.016666666666666666
1 0.4921875 0.29097222222222224 0.009895833333333333 0.021527777777777778
1 0.4484375 0.2659722222222222 0.008333333333333333 0.013888888888888888
1 0.46458333333333335 0.23402777777777778 0.009375 0.013888888888888888
1 0.40520833333333334 0.3236111111111111 0.0078125 0.015277777777777777
1 0.40625 0.3020833333333333 0.005729166666666666 0.010416666666666666
1 0.40625 0.3104166666666667 0.007291666666666667 0.013888888888888888
1 0.39739583333333334 0.3020833333333333 0.0078125 0.0125
1 0.378125 0.31527777777777777 0.00625 0.013888888888888888
1 0.3640625 0.31666666666666665 0.0078125 0.013888888888888888
1 0.4421875 0.23194444444444445 0.008333333333333333 0.013888888888888888
1 0.4390625 0.20902777777777778 0.00625 0.011111111111111112
1 0.4296875 0.20208333333333334 0.00625 0.010416666666666666
1 0.4552083333333333 0.20208333333333334 0.005208333333333333 0.009027777777777777
1 0.4583333333333333 0.1840277777777778 0.005208333333333333 0.010416666666666666
1 0.4786458333333333 0.16805555555555557 0.007291666666666667 0.009027777777777777
1 0.4979166666666667 0.1638888888888889 0.005729166666666666 0.010416666666666666
1 0.4453125 0.1798611111111111 0.00625 0.010416666666666666
1 0.4401041666666667 0.17708333333333334 0.005729166666666666 0.009027777777777777
1 0.4515625 0.17291666666666666 0.007291666666666667 0.009027777777777777
1 0.45625 0.1638888888888889 0.007291666666666667 0.010416666666666666
1 0.4708333333333333 0.16180555555555556 0.00625 0.009027777777777777
1 0.48802083333333335 0.15555555555555556 0.00625 0.011111111111111112
1 0.4953125 0.15763888888888888 0.00625 0.007638888888888889
1 0.515625 0.1451388888888889 0.008333333333333333 0.009027777777777777
1 0.5119791666666667 0.15416666666666667 0.00625 0.009027777777777777
1 0.5244791666666667 0.15138888888888888 0.007291666666666667 0.00625
1 0.5317708333333333 0.14722222222222223 0.00625 0.007638888888888889
1 0.5536458333333333 0.14027777777777778 0.007291666666666667 0.009027777777777777
3 0.4859375 0.33819444444444446 0.011458333333333333 0.029166666666666667
1 0.5677083333333334 0.6819444444444445 0.019791666666666666 0.041666666666666664
1 0.6067708333333334 0.6208333333333333 0.022395833333333334 0.03819444444444445
2 0.5265625 0.5965277777777778 0.028645833333333332 0.08611111111111111
2 0.44947916666666665 0.47430555555555554 0.0234375 0.06736111111111111
2 0.440625 0.35347222222222224 0.013020833333333334 0.03680555555555556
0 0.4348958333333333 0.4083333333333333 0.022916666666666665 0.07847222222222222
0 0.4661458333333333 0.20555555555555555 0.009375 0.027777777777777776
0 0.5302083333333333 0.2833333333333333 0.013020833333333334 0.029166666666666667
3 0.22447916666666667 0.2763888888888889 0.0140625 0.0125
1 0.24270833333333333 0.27152777777777776 0.011458333333333333 0.010416666666666666
1 0.24583333333333332 0.2659722222222222 0.013020833333333334 0.009027777777777777
1 0.25 0.26319444444444445 0.015625 0.011111111111111112
1 0.6229166666666667 0.8625 0.03125 0.059722222222222225