1 0.26510416666666664 0.9597222222222223 0.025520833333333333 0.07708333333333334
1 0.146875 0.6819444444444445 0.022395833333333334 0.03958333333333333
1 0.1578125 0.7201388888888889 0.024479166666666666 0.04722222222222222
1 0.29583333333333334 0.6305555555555555 0.0359375 0.030555555555555555
1 0.303125 0.6027777777777777 0.03802083333333333 0.027777777777777776
1 0.010416666666666666 0.9569444444444445 0.020833333333333332 0.08125
1 0.008854166666666666 0.7986111111111112 0.017708333333333333 0.0625
1 0.8229166666666666 0.9625 0.030208333333333334 0.07222222222222222
1 0.8463541666666666 0.9576388888888889 0.0359375 0.07708333333333334
1 0.8697916666666666 0.9486111111111111 0.0359375 0.07708333333333334
1 0.8932291666666666 0.9465277777777777 0.040625 0.07847222222222222
1 0.9223958333333333 0.9486111111111111 0.04375 0.07708333333333334
1 0.9494791666666667 0.9430555555555555 0.04739583333333333 0.0763888888888889
1 0.9760416666666667 0.9451388888888889 0.04375 0.08472222222222223
1 0.9380208333333333 0.8847222222222222 0.044270833333333336 0.06319444444444444
1 0.8447916666666667 0.8861111111111111 0.04375 0.059722222222222225
1 0.8765625 0.8854166666666666 0.03854166666666667 0.05694444444444444
3 0.9067708333333333 0.8861111111111111 0.0390625 0.06319444444444444
1 0.5166666666666667 0.6298611111111111 0.019791666666666666 0.05694444444444444
1 0.49375 0.3104166666666667 0.0109375 0.021527777777777778
1 0.4875 0.2569444444444444 0.009375 0.01875
1 0.5041666666666667 0.24722222222222223 0.009895833333333333 0.022916666666666665
1 0.4869791666666667 0.20416666666666666 0.008333333333333333 0.015277777777777777
1 0.45208333333333334 0.1951388888888889 0.009895833333333333 0.02013888888888889
1 0.4505208333333333 0.17291666666666666 0.009375 0.01875
1 0.4630208333333333 0.16944444444444445 0.0078125 0.016666666666666666
1 0.48333333333333334 0.1451388888888889 0.0078125 0.016666666666666666
1 0.48125 0.11666666666666667 0.005729166666666666 0.0125
1 0.4546875 0.12222222222222222 0.0078125 0.011111111111111112
1 0.4583333333333333 0.10277777777777777 0.005729166666666666 0.010416666666666666
1 0.4828125 0.09930555555555555 0.005729166666666666 0.011111111111111112
1 0.4921875 0.1076388888888889 0.007291666666666667 0.0125
1 0.465625 0.0798611111111111 0.007291666666666667 0.0125
1 0.4708333333333333 0.08541666666666667 0.005208333333333333 0.011111111111111112
1 0.4822916666666667 0.06736111111111111 0.005729166666666666 0.007638888888888889
1 0.49322916666666666 0.07083333333333333 0.0078125 0.0125
1 0.5203125 0.04097222222222222 0.00625 0.011111111111111112
1 0.5322916666666667 0.029861111111111113 0.007291666666666667 0.009027777777777777
1 0.5395833333333333 0.024305555555555556 0.0078125 0.010416666666666666
0 0.4947916666666667 0.1361111111111111 0.011458333333333333 0.04027777777777778
0 0.5791666666666667 0.33125 0.0140625 0.050694444444444445
0 0.5953125 0.3375 0.017708333333333333 0.05555555555555555
0 0.5583333333333333 0.2798611111111111 0.016666666666666666 0.049305555555555554
2 0.5151041666666667 0.3527777777777778 0.019791666666666666 0.06319444444444444
3 0.48333333333333334 0.17708333333333334 0.008333333333333333 0.024305555555555556
2 0.50625 0.04027777777777778 0.009895833333333333 0.013888888888888888
2 0.5880208333333333 0.18958333333333333 0.0234375 0.024305555555555556
0 0.5546875 0.25555555555555554 0.013541666666666667 0.03194444444444444
0 0.5765625 0.29930555555555555 0.0140625 0.04583333333333333
0 0.5713541666666667 0.27291666666666664 0.015625 0.04791666666666667
0 0.5927083333333333 0.30069444444444443 0.015104166666666667 0.050694444444444445
0 0.5875 0.2763888888888889 0.016666666666666666 0.04791666666666667
0 0.5791666666666667 0.25625 0.011458333333333333 0.030555555555555555
0 0.5661458333333333 0.24444444444444444 0.013541666666666667 0.041666666666666664
0 0.5640625 0.22430555555555556 0.011979166666666667 0.03680555555555556
1 0.5369791666666667 0.35138888888888886 0.013541666666666667 0.030555555555555555
1 0.6036458333333333 0.9534722222222223 0.0359375 0.0875
3 0.5255208333333333 0.2611111111111111 0.015104166666666667 0.04583333333333333