1 0.446875 0.8541666666666666 0.09375 0.07222222222222222
1 0.7958333333333333 0.7833333333333333 0.049479166666666664 0.075
1 0.8213541666666667 0.6583333333333333 0.04791666666666667 0.058333333333333334
1 0.7848958333333333 0.6576388888888889 0.04375 0.05694444444444444
3 0.7338541666666667 0.6354166666666666 0.03958333333333333 0.05555555555555555
1 0.7052083333333333 0.5784722222222223 0.03958333333333333 0.04097222222222222
3 0.86875 0.7923611111111111 0.08020833333333334 0.09722222222222222
1 0.9463541666666667 0.7201388888888889 0.08125 0.04722222222222222
1 0.28125 0.6916666666666667 0.06302083333333333 0.03819444444444445
1 0.19322916666666667 0.7180555555555556 0.06041666666666667 0.059722222222222225
1 0.030208333333333334 0.7194444444444444 0.06041666666666667 0.06388888888888888
2 0.13541666666666666 0.5902777777777778 0.0578125 0.06944444444444445
1 0.4083333333333333 0.5395833333333333 0.04114583333333333 0.024305555555555556
1 0.4114583333333333 0.5263888888888889 0.04114583333333333 0.024305555555555556
1 0.4817708333333333 0.42291666666666666 0.036458333333333336 0.014583333333333334
1 0.49375 0.40694444444444444 0.029166666666666667 0.01597222222222222
1 0.34270833333333334 0.38472222222222224 0.018229166666666668 0.0125