1 0.759375 0.4479166666666667 0.009895833333333333 0.007638888888888889
1 0.7598958333333333 0.44375 0.016666666666666666 0.009722222222222222
1 0.48020833333333335 0.5430555555555555 0.0078125 0.014583333333333334
1 0.4822916666666667 0.4930555555555556 0.00625 0.007638888888888889
3 0.5453125 0.68125 0.013541666666666667 0.025
2 0.4973958333333333 0.5402777777777777 0.0171875 0.04652777777777778
3 0.41770833333333335 0.5131944444444444 0.017708333333333333 0.04097222222222222
3 0.5026041666666666 0.425 0.008333333333333333 0.01875
3 0.49375 0.4111111111111111 0.007291666666666667 0.02013888888888889
3 0.5026041666666666 0.40555555555555556 0.007291666666666667 0.013194444444444444
3 0.4375 0.4173611111111111 0.0078125 0.018055555555555554
3 0.4625 0.40694444444444444 0.009375 0.017361111111111112
3 0.4473958333333333 0.41875 0.009895833333333333 0.02013888888888889
3 0.45416666666666666 0.42777777777777776 0.009895833333333333 0.01875
3 0.4510416666666667 0.38958333333333334 0.00625 0.009722222222222222
3 0.47604166666666664 0.37083333333333335 0.005208333333333333 0.008333333333333333
3 0.48854166666666665 0.3597222222222222 0.004166666666666667 0.007638888888888889
3 0.50625 0.3645833333333333 0.00625 0.010416666666666666
1 0.4739583333333333 0.39791666666666664 0.0036458333333333334 0.004861111111111111
1 0.4791666666666667 0.38125 0.0036458333333333334 0.003472222222222222
3 0.4817708333333333 0.3625 0.005208333333333333 0.006944444444444444
3 0.4734375 0.3659722222222222 0.004166666666666667 0.009722222222222222
3 0.5182291666666666 0.3416666666666667 0.0020833333333333333 0.006944444444444444
1 0.503125 0.35347222222222224 0.0020833333333333333 0.002777777777777778
3 0.5010416666666667 0.33958333333333335 0.0036458333333333334 0.006944444444444444
3 0.5078125 0.3347222222222222 0.0026041666666666665 0.004861111111111111