1 0.16770833333333332 0.9083333333333333 0.09947916666666666 0.1763888888888889
1 0.38385416666666666 0.33194444444444443 0.052083333333333336 0.08263888888888889
3 0.32760416666666664 0.37916666666666665 0.049479166666666664 0.08541666666666667
3 0.21979166666666666 0.6479166666666667 0.07864583333333333 0.11319444444444444
1 0.28177083333333336 0.5131944444444444 0.0734375 0.10277777777777777
1 0.16041666666666668 0.5791666666666667 0.07916666666666666 0.10833333333333334
3 0.3875 0.2375 0.049479166666666664 0.08888888888888889
1 0.3046875 0.2708333333333333 0.05364583333333333 0.08472222222222223
1 0.5484375 0.4826388888888889 0.04583333333333333 0.09652777777777778
1 0.5755208333333334 0.38263888888888886 0.0421875 0.08472222222222223
1 0.675 0.48194444444444445 0.04583333333333333 0.09930555555555555
1 0.6666666666666666 0.20833333333333334 0.03333333333333333 0.0763888888888889
1 0.6078125 0.225 0.0359375 0.06388888888888888
1 0.4822916666666667 0.0875 0.034375 0.06458333333333334
1 0.6369791666666667 0.06111111111111111 0.027604166666666666 0.04583333333333333
1 0.7291666666666666 0.09722222222222222 0.059895833333333336 0.04375
1 0.7177083333333333 0.38472222222222224 0.0859375 0.06111111111111111
3 0.7244791666666667 0.4236111111111111 0.0765625 0.058333333333333334
3 0.7395833333333334 0.07152777777777777 0.06666666666666667 0.04583333333333333
3 0.6484375 0.019444444444444445 0.024479166666666666 0.03888888888888889
3 0.584375 0.8534722222222222 0.0515625 0.15069444444444444