1 0.3921875 0.9520833333333333 0.021354166666666667 0.04583333333333333
2 0.509375 0.83125 0.03854166666666667 0.08611111111111111
1 0.428125 0.6604166666666667 0.016666666666666666 0.03194444444444444
1 0.29375 0.5993055555555555 0.013020833333333334 0.022916666666666665
1 0.3140625 0.5847222222222223 0.0140625 0.025694444444444443
1 0.328125 0.5583333333333333 0.013541666666666667 0.022916666666666665
0 0.39895833333333336 0.5618055555555556 0.015104166666666667 0.03194444444444444
1 0.37864583333333335 0.49930555555555556 0.013020833333333334 0.024305555555555556
2 0.30104166666666665 0.45208333333333334 0.017708333333333333 0.03819444444444445
1 0.2916666666666667 0.42083333333333334 0.0109375 0.016666666666666666
3 0.33697916666666666 0.4083333333333333 0.009895833333333333 0.02013888888888889
1 0.2859375 0.39305555555555555 0.009375 0.016666666666666666
1 0.2765625 0.35833333333333334 0.0078125 0.016666666666666666
1 0.2703125 0.33055555555555555 0.0078125 0.013888888888888888
3 0.30885416666666665 0.3451388888888889 0.009375 0.02013888888888889
0 0.32864583333333336 0.34097222222222223 0.008333333333333333 0.01875
1 0.3 0.31180555555555556 0.008333333333333333 0.013888888888888888
1 0.3072916666666667 0.2875 0.00625 0.016666666666666666
1 0.25625 0.30625 0.00625 0.013888888888888888
1 0.2515625 0.2902777777777778 0.00625 0.013888888888888888
1 0.24739583333333334 0.2625 0.007291666666666667 0.0125
1 0.29010416666666666 0.2701388888888889 0.007291666666666667 0.0125
2 0.25833333333333336 0.26666666666666666 0.0109375 0.025694444444444443
1 0.253125 0.23541666666666666 0.005208333333333333 0.011111111111111112
1 0.2791666666666667 0.225 0.00625 0.013888888888888888
1 0.28177083333333336 0.20625 0.00625 0.011111111111111112
1 0.2708333333333333 0.1986111111111111 0.007291666666666667 0.011111111111111112
0 0.2734375 0.18125 0.007291666666666667 0.015277777777777777
1 0.2677083333333333 0.17152777777777778 0.005729166666666666 0.010416666666666666
1 0.06510416666666667 0.7243055555555555 0.03333333333333333 0.021527777777777778
1 0.7875 0.9131944444444444 0.0234375 0.041666666666666664