1 0.7229166666666667 0.6965277777777777 0.0828125 0.0763888888888889
3 0.24375 0.5069444444444444 0.06770833333333333 0.09513888888888888
1 0.17447916666666666 0.44583333333333336 0.06302083333333333 0.08472222222222223
1 0.4635416666666667 0.2833333333333333 0.059895833333333336 0.07222222222222222
3 0.8109375 0.4409722222222222 0.075 0.08472222222222223
1 0.71875 0.38680555555555557 0.07239583333333334 0.07847222222222222
2 0.6359375 0.30486111111111114 0.0921875 0.11944444444444445
1 0.8947916666666667 0.3861111111111111 0.03697916666666667 0.06875
1 0.9286458333333333 0.41180555555555554 0.027083333333333334 0.06736111111111111
1 0.7791666666666667 0.30694444444444446 0.036458333333333336 0.058333333333333334
1 0.7473958333333334 0.2916666666666667 0.034375 0.06111111111111111
1 0.7161458333333334 0.27569444444444446 0.03333333333333333 0.06111111111111111
1 0.6916666666666667 0.2590277777777778 0.03697916666666667 0.06875
1 0.6208333333333333 0.2125 0.03802083333333333 0.059722222222222225
1 0.6619791666666667 0.2388888888888889 0.0359375 0.06111111111111111
1 0.915625 0.13125 0.07552083333333333 0.07013888888888889
1 0.9708333333333333 0.2263888888888889 0.058333333333333334 0.06458333333333334
1 0.6072916666666667 0.014583333333333334 0.0578125 0.029166666666666667
2 0.7677083333333333 0.04027777777777778 0.11979166666666667 0.0798611111111111