1 0.3807291666666667 0.8069444444444445 0.14791666666666667 0.1388888888888889
1 0.36875 0.69375 0.14427083333333332 0.11666666666666667
1 0.3729166666666667 0.5972222222222222 0.11770833333333333 0.11527777777777778
1 0.375 0.5958333333333333 0.11927083333333334 0.09930555555555555
1 0.3854166666666667 0.50625 0.12395833333333334 0.09166666666666666
1 0.4083333333333333 0.43819444444444444 0.084375 0.0875
1 0.8296875 0.9520833333333333 0.17708333333333334 0.09375
3 0.78125 0.76875 0.1390625 0.14583333333333334
1 0.7807291666666667 0.6361111111111111 0.1296875 0.12777777777777777
2 0.6609375 0.4048611111111111 0.06145833333333333 0.17152777777777778
1 0.4359375 0.2673611111111111 0.08072916666666667 0.07361111111111111
1 0.4421875 0.2152777777777778 0.08697916666666666 0.06527777777777778
1 0.334375 0.9659722222222222 0.17135416666666667 0.06597222222222222