3 0.459375 0.9368055555555556 0.046875 0.12569444444444444
1 0.5791666666666667 0.6895833333333333 0.03802083333333333 0.07708333333333334
3 0.5682291666666667 0.6083333333333333 0.03958333333333333 0.07361111111111111
3 0.45260416666666664 0.6805555555555556 0.035416666666666666 0.09097222222222222
3 0.4578125 0.5993055555555555 0.030729166666666665 0.059027777777777776
3 0.55625 0.5569444444444445 0.0328125 0.05625
1 0.4635416666666667 0.55 0.03125 0.05138888888888889
3 0.46145833333333336 0.5 0.025 0.034722222222222224
3 0.5 0.4444444444444444 0.0203125 0.027083333333333334
1 0.5364583333333334 0.47152777777777777 0.025 0.04027777777777778
3 0.4630208333333333 0.46111111111111114 0.021875 0.04027777777777778
1 0.46510416666666665 0.43333333333333335 0.01875 0.029861111111111113
3 0.45729166666666665 0.4048611111111111 0.016666666666666666 0.022222222222222223
3 0.48333333333333334 0.4048611111111111 0.025 0.02638888888888889
3 0.4625 0.3729166666666667 0.015625 0.02361111111111111
3 0.4984375 0.3798611111111111 0.03125 0.03194444444444444
1 0.5213541666666667 0.4041666666666667 0.019270833333333334 0.027777777777777776
3 0.5453125 0.39791666666666664 0.0203125 0.027777777777777776
1 0.5130208333333334 0.3715277777777778 0.03177083333333333 0.01875
3 0.53125 0.35833333333333334 0.016145833333333335 0.022222222222222223
1 0.3953125 0.40347222222222223 0.040625 0.024305555555555556
1 0.3614583333333333 0.38958333333333334 0.035416666666666666 0.02361111111111111
1 0.37604166666666666 0.3763888888888889 0.0328125 0.01875
1 0.36875 0.3590277777777778 0.028125 0.01875
3 0.39479166666666665 0.3659722222222222 0.0328125 0.022916666666666665
3 0.375 0.33958333333333335 0.0265625 0.019444444444444445
3 0.3963541666666667 0.3416666666666667 0.0171875 0.018055555555555554
1 0.4005208333333333 0.35555555555555557 0.029166666666666667 0.018055555555555554
3 0.4322916666666667 0.37569444444444444 0.025520833333333333 0.025
3 0.4265625 0.35 0.030208333333333334 0.020833333333333332
3 0.4354166666666667 0.33958333333333335 0.027604166666666666 0.022916666666666665
3 0.4557291666666667 0.35347222222222224 0.013541666666666667 0.018055555555555554
3 0.46041666666666664 0.32083333333333336 0.0109375 0.01875
3 0.4395833333333333 0.3277777777777778 0.020833333333333332 0.01875
1 0.4583333333333333 0.3368055555555556 0.013020833333333334 0.01597222222222222
1 0.47604166666666664 0.34444444444444444 0.019791666666666666 0.01597222222222222
1 0.48333333333333334 0.3611111111111111 0.017708333333333333 0.02013888888888889
1 0.9770833333333333 0.6645833333333333 0.0453125 0.0875
3 0.9578125 0.5847222222222223 0.059375 0.08055555555555556
3 0.95 0.38958333333333334 0.058333333333333334 0.03333333333333333
3 0.7817708333333333 0.4270833333333333 0.025520833333333333 0.034027777777777775
3 0.746875 0.4166666666666667 0.03958333333333333 0.03263888888888889
1 0.621875 0.21041666666666667 0.011979166666666667 0.00625
2 0.69375 0.2375 0.05364583333333333 0.027083333333333334
1 0.7067708333333333 0.25277777777777777 0.020833333333333332 0.009722222222222222
3 0.7020833333333333 0.26666666666666666 0.0125 0.011111111111111112
1 0.73125 0.2423611111111111 0.018229166666666668 0.009722222222222222
1 0.7473958333333334 0.24027777777777778 0.01875 0.008333333333333333
2 0.76875 0.24583333333333332 0.04010416666666667 0.014583333333333334
1 0.74375 0.25625 0.021354166666666667 0.010416666666666666
3 0.7401041666666667 0.2604166666666667 0.018229166666666668 0.013194444444444444
2 0.7322916666666667 0.2638888888888889 0.0265625 0.017361111111111112
3 0.7276041666666667 0.2701388888888889 0.020833333333333332 0.013194444444444444
1 0.7239583333333334 0.275 0.0203125 0.010416666666666666
1 0.7515625 0.26666666666666666 0.011979166666666667 0.0125
1 0.7739583333333333 0.25277777777777777 0.021354166666666667 0.009722222222222222
3 0.7869791666666667 0.26180555555555557 0.0125 0.014583333333333334
3 0.7822916666666667 0.2659722222222222 0.016145833333333335 0.014583333333333334
3 0.7833333333333333 0.2708333333333333 0.008854166666666666 0.014583333333333334
3 0.7765625 0.27569444444444446 0.015625 0.017361111111111112
2 0.7677083333333333 0.28194444444444444 0.013541666666666667 0.009722222222222222
3 0.759375 0.2881944444444444 0.016666666666666666 0.014583333333333334
3 0.7708333333333334 0.28958333333333336 0.0203125 0.013888888888888888
3 0.7734375 0.2986111111111111 0.021354166666666667 0.013888888888888888
1 0.7942708333333334 0.2423611111111111 0.01875 0.008333333333333333
1 0.8223958333333333 0.24375 0.021354166666666667 0.009027777777777777
1 0.8526041666666667 0.24444444444444444 0.021875 0.009722222222222222
1 0.8229166666666666 0.25555555555555554 0.020833333333333332 0.009027777777777777
1 0.8270833333333333 0.2590277777777778 0.018229166666666668 0.011111111111111112
1 0.8015625 0.25833333333333336 0.0234375 0.010416666666666666
3 0.7947916666666667 0.30625 0.0265625 0.018055555555555554
3 0.7776041666666667 0.32013888888888886 0.022395833333333334 0.015277777777777777
3 0.8067708333333333 0.3111111111111111 0.03125 0.016666666666666666
2 0.8104166666666667 0.3194444444444444 0.015625 0.01875
3 0.8432291666666667 0.3104166666666667 0.027083333333333334 0.01597222222222222
3 0.8302083333333333 0.32083333333333336 0.024479166666666666 0.013888888888888888
3 0.8708333333333333 0.3138888888888889 0.014583333333333334 0.01875