1 0.559375 0.9381944444444444 0.050520833333333334 0.09861111111111111
3 0.5838541666666667 0.8875 0.0421875 0.06388888888888888
1 0.6427083333333333 0.7576388888888889 0.03229166666666667 0.059027777777777776
1 0.66875 0.7208333333333333 0.033854166666666664 0.04791666666666667
1 0.6885416666666667 0.6847222222222222 0.03177083333333333 0.06041666666666667
1 0.7067708333333333 0.6479166666666667 0.0296875 0.05277777777777778
1 0.7463541666666667 0.5791666666666667 0.026041666666666668 0.041666666666666664
1 0.7895833333333333 0.2152777777777778 0.03958333333333333 0.044444444444444446
3 0.7494791666666667 0.18333333333333332 0.03333333333333333 0.04513888888888889
1 0.7708333333333334 0.07777777777777778 0.025 0.03680555555555556
1 0.35520833333333335 0.85 0.04114583333333333 0.09375
3 0.2390625 0.8444444444444444 0.052083333333333336 0.10416666666666667
3 0.18854166666666666 0.73125 0.0484375 0.09861111111111111
3 0.16041666666666668 0.65 0.0390625 0.07777777777777778
1 0.14010416666666667 0.26180555555555557 0.04583333333333333 0.05347222222222222
1 0.1765625 0.20902777777777778 0.041666666666666664 0.04722222222222222
1 0.17291666666666666 0.1736111111111111 0.04010416666666667 0.02847222222222222
1 0.11822916666666666 0.19652777777777777 0.04375 0.041666666666666664
1 0.2864583333333333 0.10416666666666667 0.033854166666666664 0.03888888888888889
1 0.234375 0.11736111111111111 0.028125 0.041666666666666664
1 0.21458333333333332 0.13055555555555556 0.028645833333333332 0.03888888888888889
1 0.19479166666666667 0.14444444444444443 0.034375 0.03819444444444445
1 0.12395833333333334 0.21666666666666667 0.0421875 0.04375
1 0.08645833333333333 0.1625 0.042708333333333334 0.04097222222222222
3 0.07604166666666666 0.14097222222222222 0.0359375 0.04652777777777778
3 0.06770833333333333 0.12222222222222222 0.034375 0.044444444444444446
1 0.016666666666666666 0.2638888888888889 0.03333333333333333 0.05625