1 0.45260416666666664 0.8263888888888888 0.028645833333333332 0.07777777777777778
1 0.46510416666666665 0.4965277777777778 0.0234375 0.043055555555555555
1 0.4708333333333333 0.4340277777777778 0.017708333333333333 0.03263888888888889
1 0.4973958333333333 0.3993055555555556 0.016666666666666666 0.02847222222222222
1 0.47760416666666666 0.2965277777777778 0.011979166666666667 0.022222222222222223
1 0.4942708333333333 0.32083333333333336 0.0140625 0.020833333333333332
1 0.49583333333333335 0.3506944444444444 0.013020833333333334 0.02361111111111111
1 0.5848958333333333 0.43472222222222223 0.030208333333333334 0.022222222222222223
1 0.5666666666666667 0.33194444444444443 0.03333333333333333 0.022222222222222223
1 0.4947916666666667 0.22152777777777777 0.0109375 0.01597222222222222
1 0.5109375 0.2263888888888889 0.013541666666666667 0.017361111111111112
1 0.3796875 0.19166666666666668 0.022395833333333334 0.014583333333333334
1 0.3572916666666667 0.19652777777777777 0.019791666666666666 0.013194444444444444
1 0.34791666666666665 0.1909722222222222 0.01875 0.014583333333333334
1 0.3723958333333333 0.18263888888888888 0.025 0.01597222222222222
1 0.3770833333333333 0.15208333333333332 0.01875 0.013194444444444444
1 0.1625 0.09791666666666667 0.017708333333333333 0.010416666666666666
1 0.596875 0.12152777777777778 0.013541666666666667 0.010416666666666666
1 0.5817708333333333 0.1326388888888889 0.0078125 0.013194444444444444
1 0.5796875 0.11527777777777778 0.009375 0.009722222222222222
1 0.7005208333333334 0.11527777777777778 0.015104166666666667 0.009722222222222222
3 0.47239583333333335 0.19305555555555556 0.0140625 0.020833333333333332
1 0.59375 0.13333333333333333 0.005729166666666666 0.011111111111111112
1 0.56875 0.13402777777777777 0.009895833333333333 0.0125
3 0.5588541666666667 0.13125 0.0078125 0.013194444444444444
3 0.5484375 0.13055555555555556 0.008333333333333333 0.013194444444444444
2 0.47239583333333335 0.3541666666666667 0.017708333333333333 0.10277777777777777
2 0.47552083333333334 0.2611111111111111 0.0140625 0.03888888888888889
2 0.4786458333333333 0.2222222222222222 0.013020833333333334 0.02847222222222222
2 0.41458333333333336 0.15069444444444444 0.0265625 0.01875
2 0.496875 0.2798611111111111 0.017708333333333333 0.04583333333333333
2 0.4973958333333333 0.24791666666666667 0.0140625 0.02638888888888889
3 0.5958333333333333 0.15138888888888888 0.019270833333333334 0.015277777777777777
3 0.390625 0.10347222222222222 0.009895833333333333 0.011111111111111112
0 0.3515625 0.17291666666666666 0.05625 0.027777777777777776
2 0.46510416666666665 0.5486111111111112 0.019791666666666666 0.059027777777777776