1 0.32708333333333334 0.5298611111111111 0.0484375 0.059027777777777776
1 0.3380208333333333 0.48125 0.029166666666666667 0.035416666666666666
1 0.35885416666666664 0.425 0.017708333333333333 0.02638888888888889
1 0.4473958333333333 0.5097222222222222 0.034375 0.043055555555555555
1 0.47552083333333334 0.5534722222222223 0.03802083333333333 0.044444444444444446
1 0.39166666666666666 0.6854166666666667 0.0578125 0.10486111111111111
1 0.6385416666666667 0.5902777777777778 0.08697916666666666 0.052083333333333336
1 0.6317708333333333 0.6395833333333333 0.0890625 0.059722222222222225
1 0.6890625 0.6840277777777778 0.13854166666666667 0.07708333333333334
1 0.7932291666666667 0.8479166666666667 0.19635416666666666 0.1284722222222222
1 0.9421875 0.4701388888888889 0.041666666666666664 0.03263888888888889
1 0.8427083333333333 0.4486111111111111 0.036458333333333336 0.020833333333333332
1 0.8635416666666667 0.4597222222222222 0.034375 0.020833333333333332
1 0.7416666666666667 0.5909722222222222 0.1015625 0.050694444444444445