3 0.32083333333333336 0.7548611111111111 0.05364583333333333 0.09444444444444444
1 0.37604166666666666 0.5465277777777777 0.03229166666666667 0.052083333333333336
1 0.4322916666666667 0.4597222222222222 0.020833333333333332 0.03680555555555556
3 0.2015625 0.3763888888888889 0.0328125 0.02013888888888889
3 0.31354166666666666 0.3472222222222222 0.03697916666666667 0.02361111111111111
1 0.21770833333333334 0.36736111111111114 0.030208333333333334 0.018055555555555554
3 0.321875 0.27569444444444446 0.025 0.014583333333333334
2 0.4270833333333333 0.32916666666666666 0.0328125 0.06180555555555556
2 0.46197916666666666 0.225 0.019791666666666666 0.01597222222222222
2 0.571875 0.45208333333333334 0.013541666666666667 0.034027777777777775
2 0.3338541666666667 0.4625 0.017708333333333333 0.027777777777777776
1 0.0515625 0.8430555555555556 0.07135416666666666 0.10486111111111111
0 0.5005208333333333 0.2513888888888889 0.01875 0.030555555555555555
3 0.5083333333333333 0.2298611111111111 0.0109375 0.011111111111111112
1 0.5140625 0.23541666666666666 0.0078125 0.009722222222222222
2 0.7942708333333334 0.44027777777777777 0.024479166666666666 0.03263888888888889
2 0.825 0.5145833333333333 0.07708333333333334 0.125
2 0.7546875 0.37569444444444444 0.022395833333333334 0.03333333333333333
2 0.80625 0.2548611111111111 0.042708333333333334 0.03680555555555556
3 0.7369791666666666 0.2513888888888889 0.015104166666666667 0.011111111111111112
1 0.7697916666666667 0.24305555555555555 0.013541666666666667 0.009722222222222222
1 0.7604166666666666 0.2763888888888889 0.013541666666666667 0.009722222222222222
2 0.7151041666666667 0.2861111111111111 0.0171875 0.018055555555555554
1 0.35989583333333336 0.2569444444444444 0.0171875 0.010416666666666666
1 0.3854166666666667 0.275 0.020833333333333332 0.010416666666666666
1 0.3921875 0.26944444444444443 0.015625 0.009722222222222222
1 0.3984375 0.2611111111111111 0.020833333333333332 0.013194444444444444
1 0.3932291666666667 0.2569444444444444 0.017708333333333333 0.011111111111111112
1 0.40729166666666666 0.25625 0.016666666666666666 0.013194444444444444
1 0.4166666666666667 0.21319444444444444 0.013020833333333334 0.008333333333333333
1 0.44375 0.19652777777777777 0.009895833333333333 0.007638888888888889
1 0.4640625 0.2048611111111111 0.011979166666666667 0.007638888888888889
1 0.46510416666666665 0.20208333333333334 0.011979166666666667 0.008333333333333333
2 0.4114583333333333 0.25069444444444444 0.0171875 0.014583333333333334
2 0.43333333333333335 0.2534722222222222 0.029166666666666667 0.018055555555555554
2 0.4203125 0.2763888888888889 0.04635416666666667 0.030555555555555555