0 0.6598958333333333 0.8951388888888889 0.10208333333333333 0.20972222222222223
0 0.4947916666666667 0.40347222222222223 0.025520833333333333 0.05347222222222222
2 0.5234375 0.5777777777777777 0.04739583333333333 0.10555555555555556
2 0.3984375 0.4222222222222222 0.021354166666666667 0.034027777777777775
2 0.4166666666666667 0.325 0.013020833333333334 0.02361111111111111
2 0.46875 0.36736111111111114 0.017708333333333333 0.029861111111111113
2 0.42135416666666664 0.26875 0.007291666666666667 0.018055555555555554
2 0.5671875 0.2965277777777778 0.021354166666666667 0.014583333333333334
1 0.4166666666666667 0.29583333333333334 0.007291666666666667 0.010416666666666666
1 0.4234375 0.3625 0.009375 0.018055555555555554
1 0.5859375 0.30277777777777776 0.00625 0.009722222222222222
1 0.41875 0.24097222222222223 0.004166666666666667 0.007638888888888889
1 0.4348958333333333 0.23680555555555555 0.005208333333333333 0.007638888888888889
1 0.3515625 0.4673611111111111 0.025 0.022916666666666665
1 0.5213541666666667 0.23680555555555555 0.004166666666666667 0.004861111111111111
1 0.5302083333333333 0.24791666666666667 0.009375 0.007638888888888889
1 0.5348958333333333 0.2520833333333333 0.009375 0.007638888888888889
1 0.5557291666666667 0.2534722222222222 0.005729166666666666 0.006944444444444444
1 0.5380208333333333 0.2604166666666667 0.009895833333333333 0.006944444444444444
1 0.5432291666666667 0.2659722222222222 0.009375 0.006944444444444444
1 0.5270833333333333 0.24375 0.008333333333333333 0.005555555555555556
1 0.5213541666666667 0.23333333333333334 0.007291666666666667 0.003472222222222222
1 0.5390625 0.25972222222222224 0.0109375 0.005555555555555556
3 0.23229166666666667 0.26944444444444443 0.009895833333333333 0.011111111111111112
1 0.26197916666666665 0.26666666666666666 0.00625 0.007638888888888889
2 0.2791666666666667 0.2569444444444444 0.01875 0.008333333333333333
1 0.2890625 0.23472222222222222 0.005729166666666666 0.004861111111111111
3 0.3098958333333333 0.21180555555555555 0.005729166666666666 0.006944444444444444
2 0.43385416666666665 0.20069444444444445 0.00625 0.008333333333333333
2 0.4744791666666667 0.1701388888888889 0.007291666666666667 0.008333333333333333
2 0.47708333333333336 0.18263888888888888 0.007291666666666667 0.008333333333333333
2 0.4640625 0.19027777777777777 0.005208333333333333 0.006944444444444444
1 0.4427083333333333 0.19027777777777777 0.0036458333333333334 0.005555555555555556
1 0.4453125 0.20625 0.005208333333333333 0.004861111111111111
1 0.44947916666666665 0.1951388888888889 0.007291666666666667 0.005555555555555556
1 0.46041666666666664 0.19583333333333333 0.005208333333333333 0.006944444444444444
1 0.3015625 0.23402777777777778 0.008333333333333333 0.008333333333333333