1 0.14114583333333333 0.6618055555555555 0.017708333333333333 0.03680555555555556
1 0.23697916666666666 0.41458333333333336 0.0109375 0.021527777777777778
1 0.4239583333333333 0.3236111111111111 0.0078125 0.015277777777777777
1 0.41510416666666666 0.2916666666666667 0.0078125 0.0125
1 0.3927083333333333 0.21388888888888888 0.00625 0.013888888888888888
1 0.4046875 0.16805555555555557 0.00625 0.011111111111111112
1 0.41458333333333336 0.17083333333333334 0.00625 0.011111111111111112
1 0.3984375 0.13680555555555557 0.009375 0.018055555555555554
2 0.3546875 0.16319444444444445 0.017708333333333333 0.021527777777777778
1 0.4515625 0.6520833333333333 0.0140625 0.035416666666666666
1 0.9026041666666667 0.4236111111111111 0.019791666666666666 0.0125
2 0.9473958333333333 0.41388888888888886 0.030729166666666665 0.030555555555555555