1 0.5458333333333333 0.42569444444444443 0.050520833333333334 0.044444444444444446
1 0.7979166666666667 0.8847222222222222 0.075 0.16319444444444445
1 0.8057291666666667 0.7354166666666667 0.06197916666666667 0.1076388888888889
1 0.8052083333333333 0.6409722222222223 0.05677083333333333 0.09166666666666666
1 0.765625 0.48541666666666666 0.041666666666666664 0.050694444444444445
3 0.58125 0.33194444444444443 0.0640625 0.03333333333333333
3 0.6489583333333333 0.3111111111111111 0.05364583333333333 0.03888888888888889
3 0.7260416666666667 0.3173611111111111 0.044270833333333336 0.03888888888888889
1 0.4875 0.3277777777777778 0.05364583333333333 0.030555555555555555
3 0.3921875 0.3104166666666667 0.058854166666666666 0.03611111111111111
3 0.3182291666666667 0.30486111111111114 0.059895833333333336 0.03611111111111111
1 0.6401041666666667 0.19166666666666668 0.025 0.017361111111111112
3 0.6817708333333333 0.17083333333333334 0.015625 0.019444444444444445
1 0.6380208333333334 0.14722222222222223 0.013541666666666667 0.0125
1 0.640625 0.13680555555555557 0.019791666666666666 0.0125
1 0.6625 0.13333333333333333 0.0125 0.015277777777777777
1 0.21354166666666666 0.3076388888888889 0.043229166666666666 0.027777777777777776
1 0.5854166666666667 0.16527777777777777 0.018229166666666668 0.013194444444444444
1 0.5875 0.18194444444444444 0.0234375 0.018055555555555554