1 0.6744791666666666 0.15833333333333333 0.0078125 0.009722222222222222
1 0.6880208333333333 0.18194444444444444 0.017708333333333333 0.011111111111111112
1 0.6697916666666667 0.18958333333333333 0.019270833333333334 0.007638888888888889
1 0.8119791666666667 0.1763888888888889 0.01875 0.006944444444444444
1 0.8083333333333333 0.17430555555555555 0.016666666666666666 0.009722222222222222
1 0.85625 0.28680555555555554 0.021354166666666667 0.018055555555555554
1 0.8791666666666667 0.2902777777777778 0.025520833333333333 0.01875
1 0.9338541666666667 0.30972222222222223 0.040625 0.02013888888888889
1 0.9630208333333333 0.31666666666666665 0.0421875 0.018055555555555554
1 0.9932291666666667 0.3284722222222222 0.013541666666666667 0.020833333333333332
1 0.42864583333333334 0.41805555555555557 0.028645833333333332 0.04375
0 0.5041666666666667 0.4097222222222222 0.0515625 0.10347222222222222
0 0.5671875 0.6381944444444444 0.12291666666666666 0.2534722222222222
1 0.47291666666666665 0.2569444444444444 0.015625 0.022222222222222223