1 0.7994791666666666 0.6069444444444444 0.027604166666666666 0.07430555555555556
1 0.7697916666666667 0.6041666666666666 0.030729166666666665 0.08263888888888889
1 0.7401041666666667 0.6013888888888889 0.029166666666666667 0.07708333333333334
3 0.584375 0.5805555555555556 0.020833333333333332 0.08055555555555556
1 0.2984375 0.5493055555555556 0.028125 0.07708333333333334
1 0.2046875 0.5472222222222223 0.03177083333333333 0.0798611111111111
1 0.17708333333333334 0.5451388888888888 0.03697916666666667 0.0763888888888889
1 0.1234375 0.5388888888888889 0.03697916666666667 0.07777777777777778
1 0.090625 0.5388888888888889 0.0390625 0.0798611111111111
1 0.009375 0.5243055555555556 0.01875 0.06666666666666667
1 0.6192708333333333 0.8826388888888889 0.04583333333333333 0.10138888888888889
1 0.5005208333333333 0.19305555555555556 0.03958333333333333 0.03680555555555556
1 0.5223958333333333 0.2875 0.03229166666666667 0.05555555555555555