1 0.4875 0.8444444444444444 0.05416666666666667 0.12430555555555556
3 0.5005208333333333 0.6361111111111111 0.040625 0.08819444444444445
3 0.5177083333333333 0.5291666666666667 0.03333333333333333 0.06597222222222222
1 0.46458333333333335 0.5229166666666667 0.03229166666666667 0.06111111111111111
1 0.53125 0.4618055555555556 0.03333333333333333 0.050694444444444445
1 0.46927083333333336 0.2965277777777778 0.027604166666666666 0.03125
1 0.5614583333333333 0.10555555555555556 0.014583333333333334 0.01875
1 0.6203125 0.00625 0.015625 0.009027777777777777
1 0.5963541666666666 0.004861111111111111 0.019791666666666666 0.008333333333333333
3 0.46458333333333335 0.15763888888888888 0.01875 0.04583333333333333
2 0.48854166666666665 0.15486111111111112 0.030729166666666665 0.0763888888888889
1 0.4708333333333333 0.14027777777777778 0.0109375 0.018055555555555554
1 0.47708333333333336 0.1284722222222222 0.014583333333333334 0.02013888888888889
1 0.5020833333333333 0.13472222222222222 0.0140625 0.025
1 0.5109375 0.11527777777777778 0.013541666666666667 0.02013888888888889
1 0.49166666666666664 0.11527777777777778 0.013541666666666667 0.017361111111111112
3 0.49583333333333335 0.09930555555555555 0.013020833333333334 0.022916666666666665
3 0.5119791666666667 0.10138888888888889 0.015104166666666667 0.018055555555555554
1 0.5036458333333333 0.08888888888888889 0.010416666666666666 0.017361111111111112
2 0.5020833333333333 0.07569444444444444 0.013020833333333334 0.019444444444444445
3 0.5052083333333334 0.06527777777777778 0.008854166666666666 0.01597222222222222
1 0.5130208333333334 0.0625 0.011458333333333333 0.015277777777777777
1 0.5239583333333333 0.07430555555555556 0.011979166666666667 0.013194444444444444
1 0.5296875 0.05347222222222222 0.010416666666666666 0.014583333333333334
1 0.5348958333333333 0.03819444444444445 0.008854166666666666 0.013888888888888888
2 0.5145833333333333 0.049305555555555554 0.014583333333333334 0.01597222222222222
2 0.5213541666666667 0.029861111111111113 0.017708333333333333 0.03333333333333333
2 0.528125 0.010416666666666666 0.016666666666666666 0.020833333333333332
0 0.5390625 0.02013888888888889 0.014583333333333334 0.029166666666666667
1 0.030208333333333334 0.4326388888888889 0.06041666666666667 0.050694444444444445
1 0.0171875 0.18194444444444444 0.034375 0.027777777777777776