1 0.3734375 0.6611111111111111 0.08229166666666667 0.11319444444444444
3 0.41770833333333335 0.55625 0.06354166666666666 0.10694444444444444
1 0.44895833333333335 0.4798611111111111 0.03802083333333333 0.05138888888888889
1 0.47239583333333335 0.40902777777777777 0.021354166666666667 0.027777777777777776
1 0.48125 0.37569444444444444 0.019791666666666666 0.022222222222222223
1 0.4510416666666667 0.3451388888888889 0.020833333333333332 0.018055555555555554
1 0.478125 0.35555555555555557 0.015104166666666667 0.01597222222222222
1 0.5880208333333333 0.38263888888888886 0.03697916666666667 0.01597222222222222
1 0.5609375 0.40555555555555556 0.0234375 0.029861111111111113
1 0.6447916666666667 0.3798611111111111 0.034375 0.020833333333333332
1 0.6916666666666667 0.37916666666666665 0.03229166666666667 0.017361111111111112
1 0.7541666666666667 0.38125 0.034375 0.022222222222222223
1 0.6494791666666667 0.46597222222222223 0.07447916666666667 0.04375
1 0.8036458333333333 0.6576388888888889 0.14166666666666666 0.08888888888888889
1 0.3671875 0.4826388888888889 0.042708333333333334 0.049305555555555554
1 0.9 0.9555555555555556 0.18854166666666666 0.08888888888888889
1 0.8822916666666667 0.8736111111111111 0.2234375 0.12777777777777777
1 0.9619791666666667 0.56875 0.0578125 0.059722222222222225