1 0.9817708333333334 0.8270833333333333 0.034895833333333334 0.10486111111111111
1 0.9041666666666667 0.8041666666666667 0.0359375 0.1
1 0.8348958333333333 0.7840277777777778 0.0453125 0.08888888888888889
1 0.7942708333333334 0.7770833333333333 0.03177083333333333 0.09861111111111111
1 0.5942708333333333 0.7388888888888889 0.027083333333333334 0.09930555555555555
1 0.453125 0.7055555555555556 0.030729166666666665 0.09375
3 0.30104166666666665 0.7090277777777778 0.03958333333333333 0.0875
1 0.334375 0.5548611111111111 0.03177083333333333 0.08194444444444444
1 0.3796875 0.30625 0.043229166666666666 0.041666666666666664
1 0.21510416666666668 0.5326388888888889 0.03125 0.07708333333333334
1 0.1875 0.5284722222222222 0.0375 0.08263888888888889
1 0.46197916666666666 0.18888888888888888 0.016145833333333335 0.041666666666666664
1 0.4661458333333333 0.1451388888888889 0.019791666666666666 0.04722222222222222
1 0.384375 0.12569444444444444 0.0296875 0.027083333333333334
1 0.3890625 0.10555555555555556 0.03333333333333333 0.025694444444444443
1 0.4036458333333333 0.06805555555555555 0.035416666666666666 0.029861111111111113
1 0.3614583333333333 0.0763888888888889 0.034895833333333334 0.02847222222222222