1 0.6802083333333333 0.9527777777777777 0.06145833333333333 0.09375
1 0.5953125 0.8361111111111111 0.0515625 0.12916666666666668
1 0.6541666666666667 0.8166666666666667 0.0609375 0.1284722222222222
1 0.6651041666666667 0.7125 0.08333333333333333 0.0798611111111111
1 0.6625 0.6611111111111111 0.07760416666666667 0.07083333333333333
1 0.55625 0.6666666666666666 0.03802083333333333 0.08333333333333333
2 0.4791666666666667 0.8569444444444444 0.0640625 0.18611111111111112
1 0.44947916666666665 0.6430555555555556 0.0875 0.059027777777777776
1 0.4708333333333333 0.6097222222222223 0.07239583333333334 0.04375
1 0.6364583333333333 0.5354166666666667 0.03177083333333333 0.05138888888888889
1 0.5463541666666667 0.5284722222222222 0.029166666666666667 0.05138888888888889
1 0.5557291666666667 0.4861111111111111 0.0296875 0.04375
1 0.5526041666666667 0.4444444444444444 0.019270833333333334 0.0375
1 0.6177083333333333 0.4013888888888889 0.016666666666666666 0.030555555555555555
1 0.6177083333333333 0.3715277777777778 0.018229166666666668 0.025
1 0.5541666666666667 0.39444444444444443 0.0125 0.025
1 0.615625 0.35694444444444445 0.015104166666666667 0.016666666666666666
1 0.559375 0.3659722222222222 0.016145833333333335 0.024305555555555556
1 0.5645833333333333 0.3402777777777778 0.016666666666666666 0.019444444444444445
1 0.590625 0.3263888888888889 0.0125 0.018055555555555554
1 0.5682291666666667 0.31666666666666665 0.0140625 0.018055555555555554
1 0.4875 0.5166666666666667 0.03229166666666667 0.05138888888888889
1 0.6083333333333333 0.3034722222222222 0.013541666666666667 0.017361111111111112
1 0.625 0.3013888888888889 0.009375 0.01597222222222222
1 0.5817708333333333 0.3034722222222222 0.0140625 0.016666666666666666
2 0.14947916666666666 0.6388888888888888 0.0765625 0.10555555555555556
1 0.5223958333333333 0.3020833333333333 0.021354166666666667 0.013888888888888888
1 0.5223958333333333 0.28402777777777777 0.021875 0.016666666666666666
1 0.5979166666666667 0.2923611111111111 0.027604166666666666 0.017361111111111112
1 0.5817708333333333 0.27569444444444446 0.014583333333333334 0.010416666666666666
1 0.5708333333333333 0.29375 0.015625 0.013194444444444444
1 0.56875 0.2826388888888889 0.016145833333333335 0.014583333333333334
1 0.5421875 0.27569444444444446 0.015104166666666667 0.010416666666666666
1 0.5510416666666667 0.2722222222222222 0.018229166666666668 0.015277777777777777
1 0.6130208333333333 0.3333333333333333 0.0140625 0.019444444444444445
1 0.6208333333333333 0.2833333333333333 0.009895833333333333 0.015277777777777777
1 0.6348958333333333 0.48819444444444443 0.046875 0.034722222222222224
1 0.7645833333333333 0.3145833333333333 0.023958333333333335 0.021527777777777778
1 0.840625 0.4013888888888889 0.0234375 0.03263888888888889
1 0.85 0.375 0.019270833333333334 0.03263888888888889
1 0.8328125 0.21875 0.01875 0.009722222222222222
1 0.8760416666666667 0.22083333333333333 0.0203125 0.008333333333333333
1 0.7921875 0.21597222222222223 0.01875 0.008333333333333333
3 0.14635416666666667 0.4888888888888889 0.0515625 0.03680555555555556