1 0.08802083333333334 0.7409722222222223 0.06354166666666666 0.05555555555555555
1 0.15833333333333333 0.5784722222222223 0.05625 0.04375
1 0.16875 0.44722222222222224 0.021354166666666667 0.05
1 0.19947916666666668 0.40694444444444444 0.022395833333333334 0.041666666666666664
1 0.18385416666666668 0.31319444444444444 0.030729166666666665 0.02847222222222222
3 0.2234375 0.2798611111111111 0.0140625 0.027083333333333334
3 0.22604166666666667 0.24375 0.020833333333333332 0.02013888888888889
1 0.275 0.19236111111111112 0.010416666666666666 0.01597222222222222
1 0.275 0.18263888888888888 0.01875 0.013194444444444444
1 0.7307291666666667 0.9402777777777778 0.065625 0.11805555555555555
3 0.6895833333333333 0.7284722222222222 0.042708333333333334 0.07222222222222222
1 0.6828125 0.6402777777777777 0.04010416666666667 0.06180555555555556
2 0.5072916666666667 0.5236111111111111 0.03854166666666667 0.09375
2 0.525 0.3347222222222222 0.028125 0.03125
1 0.490625 0.21388888888888888 0.0140625 0.019444444444444445
1 0.4484375 0.13194444444444445 0.007291666666666667 0.013888888888888888
1 0.42239583333333336 0.2923611111111111 0.013541666666666667 0.021527777777777778
1 0.41875 0.22569444444444445 0.009895833333333333 0.019444444444444445
0 0.38958333333333334 0.1597222222222222 0.009375 0.022222222222222223
1 0.39114583333333336 0.14722222222222223 0.005729166666666666 0.011805555555555555
1 0.409375 0.14097222222222222 0.0067708333333333336 0.011111111111111112
1 0.40677083333333336 0.12916666666666668 0.005729166666666666 0.009027777777777777
1 0.40520833333333334 0.11944444444444445 0.005729166666666666 0.009027777777777777
2 0.4203125 0.10486111111111111 0.007291666666666667 0.016666666666666666
2 0.40572916666666664 0.10416666666666667 0.008854166666666666 0.019444444444444445
3 0.40260416666666665 0.06944444444444445 0.0046875 0.008333333333333333
2 0.4083333333333333 0.06180555555555556 0.005208333333333333 0.008333333333333333
3 0.4395833333333333 0.09652777777777778 0.005208333333333333 0.009027777777777777
2 0.4505208333333333 0.26180555555555557 0.019270833333333334 0.03611111111111111
3 0.4078125 0.050694444444444445 0.0046875 0.005555555555555556
3 0.7640625 0.40694444444444444 0.026041666666666668 0.030555555555555555
2 0.7942708333333334 0.4041666666666667 0.04791666666666667 0.04236111111111111