1 0.6526041666666667 0.8881944444444444 0.1609375 0.22361111111111112
1 0.44895833333333335 0.7444444444444445 0.13802083333333334 0.2048611111111111
1 0.8161458333333333 0.5625 0.11770833333333333 0.12083333333333333
1 0.45677083333333335 0.3701388888888889 0.06354166666666666 0.10347222222222222
1 0.4484375 0.2611111111111111 0.07916666666666666 0.0798611111111111
1 0.1875 0.18263888888888888 0.08489583333333334 0.05694444444444444
1 0.18385416666666668 0.2625 0.09791666666666667 0.06736111111111111
1 0.11875 0.30069444444444443 0.11197916666666667 0.07361111111111111
1 0.08489583333333334 0.23125 0.09166666666666666 0.07222222222222222
1 0.7526041666666666 0.22083333333333333 0.08854166666666667 0.06319444444444444
1 0.9588541666666667 0.24166666666666667 0.08229166666666667 0.06180555555555556
0 0.2869791666666667 0.70625 0.40260416666666665 0.5479166666666667
2 0.2640625 0.1388888888888889 0.109375 0.0875
1 0.03125 0.2625 0.0625 0.08333333333333333