3 0.059375 0.2916666666666667 0.040625 0.03680555555555556
1 0.0953125 0.28680555555555554 0.033854166666666664 0.030555555555555555
1 0.12760416666666666 0.28194444444444444 0.029166666666666667 0.02847222222222222
1 0.16614583333333333 0.2861111111111111 0.03177083333333333 0.029166666666666667
1 0.19166666666666668 0.2708333333333333 0.026041666666666668 0.027083333333333334
1 0.2265625 0.25763888888888886 0.021875 0.027083333333333334
1 0.26979166666666665 0.2611111111111111 0.0328125 0.025694444444444443
1 0.29791666666666666 0.2520833333333333 0.028645833333333332 0.025
1 0.3723958333333333 0.22083333333333333 0.04114583333333333 0.022916666666666665
1 0.42239583333333336 0.19236111111111112 0.036458333333333336 0.02013888888888889
1 0.48541666666666666 0.1625 0.03177083333333333 0.018055555555555554
1 0.4786458333333333 0.24097222222222223 0.040625 0.025
1 0.5369791666666667 0.25625 0.03697916666666667 0.02847222222222222
1 0.5203125 0.21041666666666667 0.034895833333333334 0.022222222222222223
1 0.5354166666666667 0.19375 0.03802083333333333 0.02361111111111111
3 0.48333333333333334 0.1486111111111111 0.025520833333333333 0.018055555555555554
1 0.5005208333333333 0.14652777777777778 0.027083333333333334 0.017361111111111112
1 0.5 0.13680555555555557 0.024479166666666666 0.0125
1 0.6447916666666667 0.24583333333333332 0.04375 0.03194444444444444
1 0.659375 0.2298611111111111 0.03958333333333333 0.02638888888888889
1 0.671875 0.21319444444444444 0.03854166666666667 0.024305555555555556
1 0.6479166666666667 0.11180555555555556 0.0265625 0.013888888888888888
1 0.584375 0.09583333333333334 0.024479166666666666 0.015277777777777777
1 0.6286458333333333 0.06597222222222222 0.017708333333333333 0.010416666666666666
1 0.7427083333333333 0.09305555555555556 0.026041666666666668 0.013194444444444444
0 0.65 0.04791666666666667 0.0203125 0.024305555555555556
0 0.6979166666666666 0.05555555555555555 0.020833333333333332 0.025694444444444443
1 0.73125 0.058333333333333334 0.0203125 0.011111111111111112
1 0.734375 0.052083333333333336 0.019270833333333334 0.009027777777777777
1 0.75 0.04097222222222222 0.017708333333333333 0.008333333333333333
1 0.7671875 0.029166666666666667 0.016666666666666666 0.008333333333333333
1 0.7541666666666667 0.11736111111111111 0.011458333333333333 0.018055555555555554