1 0.5333333333333333 0.7083333333333334 0.015625 0.05347222222222222
2 0.5505208333333333 0.6173611111111111 0.017708333333333333 0.0875
1 0.5229166666666667 0.5569444444444445 0.013020833333333334 0.04791666666666667
2 0.54375 0.45625 0.0171875 0.075
3 0.5135416666666667 0.3680555555555556 0.011458333333333333 0.04791666666666667
2 0.5359375 0.31805555555555554 0.020833333333333332 0.10555555555555556
1 0.4859375 0.3423611111111111 0.013541666666666667 0.043055555555555555
1 0.5109375 0.26180555555555557 0.011979166666666667 0.03958333333333333
1 0.4822916666666667 0.2902777777777778 0.013541666666666667 0.035416666666666666
1 0.48020833333333335 0.24583333333333332 0.0140625 0.041666666666666664
1 0.49166666666666664 0.20416666666666666 0.015104166666666667 0.04027777777777778
1 0.47552083333333334 0.2013888888888889 0.011458333333333333 0.03680555555555556
1 0.5140625 0.11388888888888889 0.011458333333333333 0.03958333333333333
1 0.49947916666666664 0.04722222222222222 0.020833333333333332 0.043055555555555555