1 0.0036458333333333334 0.16597222222222222 0.007291666666666667 0.008333333333333333
1 0.021354166666666667 0.16666666666666666 0.013020833333333334 0.008333333333333333
1 0.013541666666666667 0.15 0.009895833333333333 0.00625
1 0.011458333333333333 0.15694444444444444 0.007291666666666667 0.005555555555555556
1 0.009375 0.15902777777777777 0.008333333333333333 0.00625
1 0.00625 0.16180555555555556 0.0078125 0.007638888888888889
1 0.9697916666666667 0.1763888888888889 0.024479166666666666 0.010416666666666666
1 0.8359375 0.22708333333333333 0.024479166666666666 0.014583333333333334
1 0.846875 0.24930555555555556 0.027083333333333334 0.013888888888888888
1 0.8682291666666667 0.24375 0.029166666666666667 0.014583333333333334
1 0.8807291666666667 0.24097222222222223 0.0265625 0.01597222222222222
1 0.890625 0.23819444444444443 0.021875 0.015277777777777777
1 0.9088541666666666 0.2534722222222222 0.023958333333333335 0.016666666666666666
1 0.9239583333333333 0.2722222222222222 0.024479166666666666 0.018055555555555554
1 0.9182291666666667 0.2013888888888889 0.021354166666666667 0.0125
1 0.9848958333333333 0.20972222222222223 0.022395833333333334 0.013888888888888888
1 0.9661458333333334 0.3368055555555556 0.04114583333333333 0.02013888888888889
1 0.9473958333333333 0.3451388888888889 0.043229166666666666 0.020833333333333332
1 0.9338541666666667 0.3576388888888889 0.043229166666666666 0.020833333333333332
1 0.8744791666666667 0.3861111111111111 0.04010416666666667 0.022222222222222223
1 0.85 0.32222222222222224 0.0296875 0.020833333333333332
1 0.8109375 0.2701388888888889 0.028645833333333332 0.018055555555555554
1 0.7177083333333333 0.23958333333333334 0.011979166666666667 0.019444444444444445
2 0.7041666666666667 0.23472222222222222 0.010416666666666666 0.018055555555555554
3 0.6880208333333333 0.22777777777777777 0.0109375 0.016666666666666666
1 0.675 0.22291666666666668 0.0140625 0.017361111111111112
1 0.6526041666666667 0.21597222222222223 0.011979166666666667 0.019444444444444445
1 0.95 0.2375 0.019791666666666666 0.014583333333333334
1 0.9203125 0.2902777777777778 0.026041666666666668 0.021527777777777778
1 0.990625 0.325 0.01875 0.017361111111111112
1 0.853125 0.2604166666666667 0.021875 0.014583333333333334
2 0.8572916666666667 0.29791666666666666 0.043229166666666666 0.025694444444444443
2 0.9614583333333333 0.2125 0.050520833333333334 0.030555555555555555
2 0.9333333333333333 0.21875 0.051041666666666666 0.03125
2 0.8786458333333333 0.21180555555555555 0.050520833333333334 0.029166666666666667
2 0.9125 0.22430555555555556 0.050520833333333334 0.0375
1 0.9151041666666667 0.20416666666666666 0.019270833333333334 0.013194444444444444
1 0.9083333333333333 0.20694444444444443 0.020833333333333332 0.013194444444444444
1 0.9151041666666667 0.37083333333333335 0.040625 0.020833333333333332
1 0.8526041666666667 0.40069444444444446 0.046875 0.022916666666666665
2 0.8864583333333333 0.2590277777777778 0.03125 0.022916666666666665
2 0.7765625 0.24930555555555556 0.049479166666666664 0.03611111111111111
2 0.7401041666666667 0.34375 0.0984375 0.05138888888888889
3 0.7276041666666667 0.4736111111111111 0.034895833333333334 0.03958333333333333
1 0.6817708333333333 0.49166666666666664 0.04739583333333333 0.030555555555555555
3 0.6447916666666667 0.5104166666666666 0.041666666666666664 0.035416666666666666
1 0.6197916666666666 0.41388888888888886 0.036458333333333336 0.027083333333333334
1 0.5416666666666666 0.4909722222222222 0.0453125 0.03263888888888889
1 0.440625 0.5451388888888888 0.0484375 0.03611111111111111
1 0.35833333333333334 0.4701388888888889 0.04375 0.029861111111111113
1 0.2984375 0.4909722222222222 0.044270833333333336 0.03263888888888889
1 0.3255208333333333 0.6965277777777777 0.028645833333333332 0.06875
1 0.3541666666666667 0.7638888888888888 0.0453125 0.08680555555555555
2 0.5744791666666667 0.37430555555555556 0.04739583333333333 0.05
1 0.4005208333333333 0.6354166666666666 0.04375 0.03680555555555556
1 0.4822916666666667 0.5979166666666667 0.05416666666666667 0.03333333333333333
1 0.04375 0.8229166666666666 0.0875 0.06875
1 0.14166666666666666 0.76875 0.0796875 0.06388888888888888
1 0.19791666666666666 0.7944444444444444 0.075 0.08472222222222223
1 0.27395833333333336 0.8972222222222223 0.04375 0.10555555555555556
3 0.19427083333333334 0.8430555555555556 0.07552083333333333 0.08472222222222223
3 0.20572916666666666 0.8826388888888889 0.075 0.075
3 0.215625 0.925 0.075 0.0875
2 0.21354166666666666 0.9541666666666667 0.10208333333333333 0.09166666666666666
2 0.5057291666666667 0.8777777777777778 0.09322916666666667 0.10972222222222222
3 0.3984375 0.8777777777777778 0.050520833333333334 0.09861111111111111
3 0.428125 0.9680555555555556 0.07708333333333334 0.06388888888888888
3 0.47708333333333336 0.4791666666666667 0.04010416666666667 0.04097222222222222
1 0.06666666666666667 0.36319444444444443 0.0375 0.020833333333333332
1 0.01875 0.375 0.0375 0.022916666666666665
1 0.234375 0.31666666666666665 0.03177083333333333 0.019444444444444445
1 0.44479166666666664 0.26319444444444445 0.025520833333333333 0.01597222222222222