1 0.4041666666666667 0.7472222222222222 0.04583333333333333 0.05416666666666667
1 0.43854166666666666 0.63125 0.025520833333333333 0.03125
1 0.4739583333333333 0.5916666666666667 0.020833333333333332 0.025694444444444443
1 0.5026041666666666 0.5625 0.017708333333333333 0.018055555555555554
1 0.5447916666666667 0.525 0.013541666666666667 0.014583333333333334
1 0.5708333333333333 0.5048611111111111 0.0140625 0.01875
1 0.35104166666666664 0.7659722222222223 0.05520833333333333 0.06180555555555556
1 0.3015625 0.775 0.05520833333333333 0.06180555555555556
1 0.4276041666666667 0.675 0.03333333333333333 0.034027777777777775
1 0.39375 0.7069444444444445 0.0390625 0.050694444444444445
1 0.35989583333333336 0.7159722222222222 0.04479166666666667 0.050694444444444445
1 0.14739583333333334 0.7861111111111111 0.08020833333333334 0.04652777777777778
1 0.18125 0.7520833333333333 0.05416666666666667 0.03680555555555556
1 0.24375 0.7277777777777777 0.04635416666666667 0.04791666666666667
1 0.21979166666666666 0.7222222222222222 0.04583333333333333 0.04027777777777778
1 0.19270833333333334 0.7201388888888889 0.0484375 0.04861111111111111
1 0.16822916666666668 0.7215277777777778 0.04635416666666667 0.052083333333333336
1 0.3145833333333333 0.6631944444444444 0.036458333333333336 0.03611111111111111
1 0.2921875 0.6604166666666667 0.03697916666666667 0.03125
1 0.2713541666666667 0.6576388888888889 0.03125 0.025694444444444443
1 0.5838541666666667 0.4875 0.013541666666666667 0.01875