1 0.5213541666666667 0.7902777777777777 0.08125 0.06875
1 0.3932291666666667 0.7902777777777777 0.05364583333333333 0.07152777777777777
1 0.42135416666666664 0.71875 0.042708333333333334 0.06319444444444444
1 0.4505208333333333 0.6333333333333333 0.0265625 0.04375
1 0.46875 0.5659722222222222 0.019791666666666666 0.02847222222222222
1 0.20052083333333334 0.66875 0.0484375 0.049305555555555554
1 0.05625 0.8111111111111111 0.08854166666666667 0.09652777777777778
1 0.027604166666666666 0.6701388888888888 0.034895833333333334 0.04791666666666667
1 0.4901041666666667 0.5013888888888889 0.01875 0.01597222222222222
3 0.5239583333333333 0.7402777777777778 0.06927083333333334 0.04861111111111111
1 0.53125 0.7083333333333334 0.06302083333333333 0.035416666666666666
1 0.5416666666666666 0.6659722222222222 0.07083333333333333 0.03333333333333333
1 0.5598958333333334 0.6375 0.059895833333333336 0.027777777777777776
1 0.5604166666666667 0.6131944444444445 0.05625 0.02638888888888889
1 0.5625 0.5993055555555555 0.0421875 0.025
1 0.5666666666666667 0.5854166666666667 0.04479166666666667 0.030555555555555555
1 0.5463541666666667 0.5673611111111111 0.05 0.025694444444444443
3 0.5473958333333333 0.5479166666666667 0.0421875 0.029861111111111113
1 0.4348958333333333 0.6777777777777778 0.03854166666666667 0.04375
1 0.11770833333333333 0.6013888888888889 0.04583333333333333 0.035416666666666666
1 0.17239583333333333 0.5736111111111111 0.025520833333333333 0.04097222222222222
1 0.4921875 0.49027777777777776 0.022916666666666665 0.014583333333333334
1 0.4947916666666667 0.48125 0.022916666666666665 0.014583333333333334
1 0.4984375 0.47291666666666665 0.022916666666666665 0.014583333333333334
1 0.4984375 0.46597222222222223 0.022916666666666665 0.014583333333333334
1 0.5005208333333333 0.46041666666666664 0.022916666666666665 0.014583333333333334
1 0.5072916666666667 0.45625 0.017708333333333333 0.013194444444444444
1 0.5088541666666667 0.44930555555555557 0.017708333333333333 0.013194444444444444
1 0.509375 0.44375 0.0171875 0.013194444444444444
1 0.4625 0.49583333333333335 0.017708333333333333 0.02013888888888889
1 0.4713541666666667 0.4847222222222222 0.013020833333333334 0.015277777777777777
1 0.47760416666666666 0.47152777777777777 0.013020833333333334 0.015277777777777777
1 0.4765625 0.54375 0.022916666666666665 0.030555555555555555
1 0.48489583333333336 0.5291666666666667 0.0234375 0.02361111111111111
1 0.5567708333333333 0.5388888888888889 0.03802083333333333 0.01875
1 0.5630208333333333 0.5305555555555556 0.03802083333333333 0.01875
1 0.5494791666666666 0.5222222222222223 0.03802083333333333 0.01875
1 0.5505208333333333 0.5131944444444444 0.03802083333333333 0.01875
1 0.4322916666666667 0.5631944444444444 0.022916666666666665 0.025
1 0.403125 0.5826388888888889 0.0265625 0.030555555555555555
1 0.37083333333333335 0.6152777777777778 0.027083333333333334 0.03819444444444445
1 0.4005208333333333 0.6201388888888889 0.029166666666666667 0.03680555555555556
1 0.44479166666666664 0.5430555555555555 0.019270833333333334 0.022916666666666665
1 0.45260416666666664 0.5277777777777778 0.01875 0.020833333333333332
1 0.4005208333333333 0.45416666666666666 0.016666666666666666 0.01875
1 0.471875 0.42083333333333334 0.0109375 0.009722222222222222
1 0.4640625 0.4083333333333333 0.009895833333333333 0.009722222222222222
1 0.45260416666666664 0.40625 0.009375 0.010416666666666666
1 0.43333333333333335 0.4048611111111111 0.0109375 0.009722222222222222
1 0.4036458333333333 0.4305555555555556 0.013020833333333334 0.013194444444444444
1 0.38958333333333334 0.4423611111111111 0.011979166666666667 0.0125
1 0.33489583333333334 0.48333333333333334 0.01875 0.022222222222222223
1 0.3026041666666667 0.5097222222222222 0.022395833333333334 0.02638888888888889
1 0.18645833333333334 0.5520833333333334 0.03854166666666667 0.034027777777777775
1 0.21354166666666666 0.5326388888888889 0.03854166666666667 0.034027777777777775
1 0.24270833333333333 0.51875 0.029166666666666667 0.02847222222222222
1 0.28125 0.4951388888888889 0.019791666666666666 0.025
1 0.3 0.48680555555555555 0.019791666666666666 0.025
1 0.3411458333333333 0.4597222222222222 0.0234375 0.015277777777777777
1 0.346875 0.4534722222222222 0.0234375 0.015277777777777777
1 0.3567708333333333 0.4465277777777778 0.0234375 0.015277777777777777
3 0.403125 0.4166666666666667 0.019270833333333334 0.014583333333333334
1 0.1421875 0.6756944444444445 0.057291666666666664 0.05625
1 0.14375 0.71875 0.06302083333333333 0.06666666666666667
1 0.03697916666666667 0.7666666666666667 0.0734375 0.08402777777777778
1 0.465625 0.3909722222222222 0.005729166666666666 0.008333333333333333
1 0.4734375 0.3875 0.00625 0.007638888888888889
1 0.4703125 0.36944444444444446 0.005208333333333333 0.005555555555555556
1 0.4744791666666667 0.37916666666666665 0.004166666666666667 0.005555555555555556
1 0.46510416666666665 0.37916666666666665 0.0036458333333333334 0.005555555555555556
1 0.46770833333333334 0.38263888888888886 0.005208333333333333 0.005555555555555556