2 0.4791666666666667 0.8138888888888889 0.03229166666666667 0.15833333333333333
1 0.4390625 0.7388888888888889 0.028645833333333332 0.09375
1 0.2994791666666667 0.7604166666666666 0.028645833333333332 0.08402777777777778
1 0.3625 0.5423611111111111 0.0234375 0.06458333333333334
1 0.3484375 0.40694444444444444 0.022395833333333334 0.05486111111111111
1 0.45625 0.40555555555555556 0.021354166666666667 0.059722222222222225
1 0.41302083333333334 0.33125 0.0234375 0.050694444444444445
1 0.36770833333333336 0.23472222222222222 0.021354166666666667 0.04027777777777778
2 0.48802083333333335 0.32083333333333336 0.0265625 0.10138888888888889
2 0.5140625 0.12569444444444444 0.025 0.08125
2 0.4046875 0.08125 0.025 0.07361111111111111
1 0.434375 0.06944444444444445 0.015625 0.034027777777777775
1 0.415625 0.013194444444444444 0.0140625 0.02638888888888889
1 0.3932291666666667 0.01597222222222222 0.016666666666666666 0.029166666666666667
1 0.06197916666666667 0.7631944444444444 0.030729166666666665 0.05694444444444444
2 0.030729166666666665 0.8736111111111111 0.06145833333333333 0.14097222222222222
3 0.15625 0.8222222222222222 0.03333333333333333 0.08611111111111111
3 0.14166666666666666 0.7770833333333333 0.0265625 0.075
2 0.16979166666666667 0.4673611111111111 0.04479166666666667 0.09236111111111112
1 0.11510416666666666 0.5798611111111112 0.029166666666666667 0.07083333333333333
2 0.17760416666666667 0.33402777777777776 0.03333333333333333 0.07083333333333333
1 0.21197916666666666 0.22847222222222222 0.017708333333333333 0.027777777777777776
1 0.2203125 0.19930555555555557 0.019270833333333334 0.027777777777777776
1 0.2515625 0.35694444444444445 0.025520833333333333 0.06111111111111111