1 0.6229166666666667 0.16597222222222222 0.0026041666666666665 0.003472222222222222
1 0.5744791666666667 0.18263888888888888 0.0026041666666666665 0.004861111111111111
1 0.5760416666666667 0.18958333333333333 0.0036458333333333334 0.005555555555555556
2 0.5604166666666667 0.16111111111111112 0.005208333333333333 0.011111111111111112
2 0.5640625 0.1736111111111111 0.0078125 0.011111111111111112
3 0.5619791666666667 0.28680555555555554 0.011979166666666667 0.013194444444444444
1 0.4869791666666667 0.28402777777777777 0.00625 0.011111111111111112
1 0.5041666666666667 0.3173611111111111 0.011979166666666667 0.011111111111111112
1 0.525 0.3020833333333333 0.013020833333333334 0.010416666666666666
2 0.4817708333333333 0.3277777777777778 0.022395833333333334 0.03888888888888889
2 0.2994791666666667 0.5020833333333333 0.06145833333333333 0.027777777777777776
1 0.20364583333333333 0.6423611111111112 0.0328125 0.035416666666666666
1 0.22239583333333332 0.8083333333333333 0.03802083333333333 0.050694444444444445
1 0.2765625 0.6944444444444444 0.042708333333333334 0.029861111111111113
1 0.23802083333333332 0.5145833333333333 0.027604166666666666 0.015277777777777777
2 0.2520833333333333 0.5798611111111112 0.04739583333333333 0.025694444444444443
3 0.259375 0.7395833333333334 0.044270833333333336 0.035416666666666666
1 0.03802083333333333 0.9430555555555555 0.06302083333333333 0.04861111111111111
2 0.09375 0.6958333333333333 0.040625 0.044444444444444446
3 0.6609375 0.4756944444444444 0.011458333333333333 0.02361111111111111
2 0.8041666666666667 0.46875 0.036458333333333336 0.02638888888888889
1 0.834375 0.40347222222222223 0.021354166666666667 0.015277777777777777
1 0.8515625 0.4173611111111111 0.013541666666666667 0.01875
1 0.8625 0.35833333333333334 0.015104166666666667 0.011111111111111112
3 0.871875 0.36319444444444443 0.019270833333333334 0.013194444444444444
1 0.8260416666666667 0.3236111111111111 0.017708333333333333 0.013194444444444444
1 0.8302083333333333 0.33541666666666664 0.013541666666666667 0.010416666666666666
1 0.4473958333333333 0.28125 0.011458333333333333 0.008333333333333333
1 0.4734375 0.2638888888888889 0.0140625 0.007638888888888889