1 0.8984375 0.9736111111111111 0.1609375 0.052083333333333336
1 0.6328125 0.7013888888888888 0.09166666666666666 0.05625
1 0.7723958333333333 0.6875 0.1015625 0.05694444444444444
1 0.9046875 0.6680555555555555 0.0765625 0.050694444444444445
1 0.51875 0.48125 0.0421875 0.027777777777777776
1 0.578125 0.46319444444444446 0.0390625 0.02638888888888889
1 0.6265625 0.4513888888888889 0.03333333333333333 0.022916666666666665
1 0.665625 0.43680555555555556 0.028645833333333332 0.022222222222222223
1 0.6348958333333333 0.4097222222222222 0.0359375 0.01875
1 0.6651041666666667 0.41180555555555554 0.030729166666666665 0.022222222222222223
1 0.7020833333333333 0.40069444444444446 0.0328125 0.020833333333333332
1 0.7057291666666666 0.4222222222222222 0.03125 0.02013888888888889
1 0.7427083333333333 0.4131944444444444 0.024479166666666666 0.025
1 0.7473958333333334 0.39861111111111114 0.024479166666666666 0.01597222222222222
1 0.740625 0.3902777777777778 0.021354166666666667 0.017361111111111112
1 0.7802083333333333 0.38472222222222224 0.01875 0.01875
1 0.8109375 0.38680555555555557 0.022916666666666665 0.018055555555555554
1 0.771875 0.4041666666666667 0.0265625 0.018055555555555554
1 0.6541666666666667 0.37222222222222223 0.0265625 0.02013888888888889
1 0.6765625 0.36875 0.027604166666666666 0.01597222222222222
1 0.6666666666666666 0.3506944444444444 0.01875 0.013194444444444444
1 0.6802083333333333 0.34305555555555556 0.0171875 0.013194444444444444
1 0.16197916666666667 0.4111111111111111 0.042708333333333334 0.01875
1 0.1703125 0.40208333333333335 0.034895833333333334 0.018055555555555554
3 0.3390625 0.41458333333333336 0.03125 0.022916666666666665
3 0.38177083333333334 0.41597222222222224 0.020833333333333332 0.014583333333333334
1 0.2552083333333333 0.40208333333333335 0.03125 0.01875
1 0.2994791666666667 0.4027777777777778 0.04010416666666667 0.022916666666666665
1 0.8578125 0.41458333333333336 0.015625 0.017361111111111112
1 0.42604166666666665 0.42430555555555555 0.030729166666666665 0.02361111111111111
1 0.44583333333333336 0.41944444444444445 0.030729166666666665 0.022222222222222223
1 0.4640625 0.41458333333333336 0.030208333333333334 0.02361111111111111
1 0.48125 0.4131944444444444 0.025 0.02361111111111111
1 0.5104166666666666 0.4048611111111111 0.0265625 0.022916666666666665
1 0.5276041666666667 0.40208333333333335 0.020833333333333332 0.01597222222222222
1 0.5432291666666667 0.3993055555555556 0.0234375 0.020833333333333332
1 0.5145833333333333 0.3763888888888889 0.0234375 0.020833333333333332
1 0.35625 0.36875 0.01875 0.01597222222222222
1 0.37083333333333335 0.36944444444444446 0.021354166666666667 0.01875
1 0.38333333333333336 0.37083333333333335 0.019791666666666666 0.018055555555555554
1 0.4270833333333333 0.3770833333333333 0.019791666666666666 0.01875
1 0.44583333333333336 0.37777777777777777 0.01875 0.017361111111111112
1 0.45989583333333334 0.38125 0.015104166666666667 0.020833333333333332
1 0.6088541666666667 0.38263888888888886 0.0234375 0.01875