1 0.4890625 0.825 0.09479166666666666 0.16180555555555556
1 0.6765625 0.7430555555555556 0.11666666666666667 0.13541666666666666
1 0.4161458333333333 0.6465277777777778 0.06770833333333333 0.09305555555555556
1 0.228125 0.7208333333333333 0.0609375 0.12013888888888889
1 0.803125 0.6791666666666667 0.11197916666666667 0.13541666666666666
1 0.6572916666666667 0.6125 0.1 0.09166666666666666
1 0.8546875 0.6590277777777778 0.11770833333333333 0.12569444444444444
1 0.9052083333333333 0.6361111111111111 0.11197916666666667 0.11458333333333333
1 0.9447916666666667 0.6097222222222223 0.10729166666666666 0.10694444444444444
1 0.6239583333333333 0.5784722222222223 0.10208333333333333 0.08125
1 0.5869791666666667 0.5493055555555556 0.09947916666666666 0.07152777777777777
1 0.5604166666666667 0.5125 0.08072916666666667 0.07222222222222222
1 0.5322916666666667 0.4930555555555556 0.06666666666666667 0.05416666666666667
1 0.5255208333333333 0.46319444444444446 0.07135416666666666 0.050694444444444445
1 0.21302083333333333 0.6173611111111111 0.05520833333333333 0.0798611111111111
1 0.21197916666666666 0.4722222222222222 0.03333333333333333 0.06388888888888888
1 0.22083333333333333 0.3263888888888889 0.028645833333333332 0.04791666666666667
1 0.30625 0.3736111111111111 0.059895833333333336 0.03819444444444445
1 0.3203125 0.43680555555555556 0.07239583333333334 0.04027777777777778
1 0.3333333333333333 0.475 0.08229166666666667 0.03819444444444445
1 0.3458333333333333 0.5354166666666667 0.09739583333333333 0.06319444444444444
1 0.2989583333333333 0.32083333333333336 0.0578125 0.03263888888888889
3 0.3958333333333333 0.7875 0.07916666666666666 0.15416666666666667
1 0.4041666666666667 0.2902777777777778 0.04479166666666667 0.03125
3 0.3890625 0.2763888888888889 0.042708333333333334 0.030555555555555555
1 0.37916666666666665 0.26944444444444443 0.041666666666666664 0.030555555555555555
1 0.2015625 0.9194444444444444 0.10260416666666666 0.16111111111111112
1 0.020833333333333332 0.38680555555555557 0.041666666666666664 0.043055555555555555
1 0.057291666666666664 0.33055555555555555 0.030729166666666665 0.034027777777777775
1 0.1828125 0.20972222222222223 0.0140625 0.014583333333333334
1 0.14479166666666668 0.22361111111111112 0.0171875 0.02013888888888889
1 0.10989583333333333 0.23055555555555557 0.019270833333333334 0.02638888888888889
1 0.15677083333333333 0.175 0.011979166666666667 0.01597222222222222
1 0.1234375 0.21597222222222223 0.017708333333333333 0.014583333333333334
3 0.32083333333333336 0.41388888888888886 0.059895833333333336 0.052083333333333336
1 0.31614583333333335 0.3972222222222222 0.06354166666666666 0.041666666666666664
1 0.28020833333333334 0.28888888888888886 0.05260416666666667 0.030555555555555555
1 0.12552083333333333 0.20416666666666666 0.015104166666666667 0.01597222222222222
1 0.1296875 0.2 0.011979166666666667 0.015277777777777777
1 0.13333333333333333 0.19375 0.011979166666666667 0.014583333333333334
1 0.13645833333333332 0.18680555555555556 0.011458333333333333 0.0125
1 0.14010416666666667 0.18125 0.011458333333333333 0.013194444444444444
1 0.14375 0.17430555555555555 0.011458333333333333 0.013194444444444444
1 0.15052083333333333 0.1673611111111111 0.0109375 0.013194444444444444
1 0.15260416666666668 0.16180555555555556 0.0109375 0.013194444444444444
1 0.15416666666666667 0.15833333333333333 0.0109375 0.0125
1 0.15677083333333333 0.15486111111111112 0.0109375 0.0125
1 0.15833333333333333 0.15069444444444444 0.009375 0.009722222222222222
1 0.3072916666666667 0.15486111111111112 0.022395833333333334 0.01597222222222222
1 0.2994791666666667 0.14652777777777778 0.020833333333333332 0.013194444444444444
1 0.29739583333333336 0.1375 0.021354166666666667 0.0125
1 0.29010416666666666 0.13541666666666666 0.0234375 0.0125
1 0.08802083333333334 0.2701388888888889 0.022916666666666665 0.022916666666666665
1 0.07760416666666667 0.28402777777777777 0.024479166666666666 0.027777777777777776
1 0.06822916666666666 0.3055555555555556 0.029166666666666667 0.030555555555555555
1 0.013541666666666667 0.31875 0.027083333333333334 0.03333333333333333
1 0.04739583333333333 0.2659722222222222 0.0265625 0.02847222222222222
1 0.059895833333333336 0.2513888888888889 0.022916666666666665 0.022916666666666665