3 0.1 0.6131944444444445 0.06927083333333334 0.11597222222222223
1 0.18020833333333333 0.41805555555555557 0.059895833333333336 0.09097222222222222
1 0.2140625 0.33402777777777776 0.04895833333333333 0.07916666666666666
1 0.24583333333333332 0.27569444444444446 0.04375 0.06319444444444444
1 0.5776041666666667 0.6152777777777778 0.05677083333333333 0.1125
3 0.9276041666666667 0.9090277777777778 0.11614583333333334 0.18125
1 0.6708333333333333 0.19166666666666668 0.0390625 0.07013888888888889
1 0.69375 0.25625 0.04375 0.06527777777777778
0 0.7786458333333334 0.4326388888888889 0.1265625 0.23680555555555555
1 0.2947916666666667 0.13333333333333333 0.027604166666666666 0.04583333333333333
1 0.2828125 0.19166666666666668 0.03697916666666667 0.050694444444444445
3 0.634375 0.11180555555555556 0.041666666666666664 0.06180555555555556