1 0.4890625 0.06180555555555556 0.0140625 0.034027777777777775
1 0.44375 0.8409722222222222 0.027604166666666666 0.09027777777777778
1 0.5036458333333333 0.25972222222222224 0.0171875 0.044444444444444446
1 0.5489583333333333 0.4666666666666667 0.0234375 0.06875
1 0.8458333333333333 0.8208333333333333 0.03854166666666667 0.13680555555555557
1 0.9151041666666667 0.7902777777777777 0.041666666666666664 0.12291666666666666
1 0.7578125 0.44375 0.027083333333333334 0.0625
1 0.8291666666666667 0.3034722222222222 0.0328125 0.05347222222222222
1 0.9041666666666667 0.28125 0.027604166666666666 0.05486111111111111
1 0.9479166666666666 0.2659722222222222 0.028645833333333332 0.0625
1 0.9791666666666666 0.12916666666666668 0.022916666666666665 0.043055555555555555
1 0.7083333333333334 0.2 0.028645833333333332 0.034027777777777775
1 0.6479166666666667 0.31666666666666665 0.021354166666666667 0.044444444444444446
1 0.7369791666666666 0.125 0.03125 0.034027777777777775
1 0.7427083333333333 0.10486111111111111 0.027083333333333334 0.029166666666666667
2 0.5119791666666667 0.09513888888888888 0.020833333333333332 0.07361111111111111
2 0.5395833333333333 0.6965277777777777 0.0390625 0.1625
3 0.49375 0.14722222222222223 0.015104166666666667 0.043055555555555555