1 0.6005208333333333 0.8930555555555556 0.07291666666666667 0.0875
1 0.6203125 0.7111111111111111 0.0625 0.06319444444444444
1 0.6776041666666667 0.7152777777777778 0.06458333333333334 0.06111111111111111
1 0.6786458333333333 0.6444444444444445 0.057291666666666664 0.05416666666666667
1 0.6494791666666667 0.47291666666666665 0.04739583333333333 0.03888888888888889
1 0.759375 0.5527777777777778 0.053125 0.04722222222222222
1 0.7348958333333333 0.5909722222222222 0.052083333333333336 0.043055555555555555
1 0.7197916666666667 0.6055555555555555 0.06145833333333333 0.05625
1 0.6973958333333333 0.6236111111111111 0.06197916666666667 0.05625
1 0.840625 0.4583333333333333 0.041666666666666664 0.027777777777777776
1 0.846875 0.4444444444444444 0.04479166666666667 0.025694444444444443
1 0.8692708333333333 0.42430555555555555 0.04739583333333333 0.030555555555555555
1 0.8890625 0.4048611111111111 0.04375 0.027083333333333334
1 0.8661458333333333 0.35 0.026041666666666668 0.027083333333333334
1 0.8963541666666667 0.3597222222222222 0.023958333333333335 0.025694444444444443
1 0.8338541666666667 0.3416666666666667 0.027083333333333334 0.027777777777777776
1 0.815625 0.3326388888888889 0.022916666666666665 0.024305555555555556
1 0.796875 0.32708333333333334 0.024479166666666666 0.02638888888888889
1 0.7760416666666666 0.32013888888888886 0.024479166666666666 0.025
1 0.7395833333333334 0.3076388888888889 0.025520833333333333 0.024305555555555556
1 0.7276041666666667 0.30069444444444443 0.0234375 0.020833333333333332
1 0.7104166666666667 0.2951388888888889 0.025520833333333333 0.019444444444444445
1 0.59375 0.4638888888888889 0.043229166666666666 0.035416666666666666
1 0.5776041666666667 0.4756944444444444 0.04635416666666667 0.03680555555555556
1 0.63125 0.4284722222222222 0.0421875 0.029166666666666667
1 0.6661458333333333 0.4083333333333333 0.0390625 0.03194444444444444
1 0.7067708333333333 0.4305555555555556 0.042708333333333334 0.02847222222222222
1 0.7130208333333333 0.4166666666666667 0.043229166666666666 0.025694444444444443
1 0.7286458333333333 0.40694444444444444 0.04114583333333333 0.03125
1 0.7385416666666667 0.3993055555555556 0.0359375 0.02638888888888889
1 0.7520833333333333 0.3909722222222222 0.04375 0.03125
1 0.7588541666666667 0.3798611111111111 0.033854166666666664 0.024305555555555556
1 0.7703125 0.37222222222222223 0.03958333333333333 0.025694444444444443
1 0.7833333333333333 0.3638888888888889 0.03958333333333333 0.02847222222222222
1 0.6848958333333334 0.3888888888888889 0.03697916666666667 0.029166666666666667
1 0.6973958333333333 0.38263888888888886 0.0375 0.025694444444444443
1 0.7104166666666667 0.37430555555555556 0.04114583333333333 0.02638888888888889
1 0.7208333333333333 0.3645833333333333 0.03333333333333333 0.02361111111111111
1 0.728125 0.35555555555555557 0.03697916666666667 0.02361111111111111
1 0.7416666666666667 0.34791666666666665 0.03854166666666667 0.027777777777777776
1 0.7557291666666667 0.3416666666666667 0.0375 0.02361111111111111
1 0.53125 0.375 0.03854166666666667 0.027777777777777776
1 0.5479166666666667 0.3701388888888889 0.0359375 0.025
1 0.5609375 0.36041666666666666 0.0359375 0.025
1 0.5760416666666667 0.35208333333333336 0.035416666666666666 0.02361111111111111
1 0.6010416666666667 0.33541666666666664 0.03177083333333333 0.022222222222222223
1 0.6083333333333333 0.32708333333333334 0.03177083333333333 0.024305555555555556
1 0.6197916666666666 0.32013888888888886 0.0359375 0.020833333333333332
1 0.6286458333333333 0.3145833333333333 0.027083333333333334 0.021527777777777778
1 0.6463541666666667 0.30833333333333335 0.0296875 0.020833333333333332
1 0.6557291666666667 0.3020833333333333 0.034375 0.021527777777777778
1 0.665625 0.2972222222222222 0.03229166666666667 0.019444444444444445
1 0.5338541666666666 0.5743055555555555 0.05 0.05
3 0.5546875 0.5569444444444445 0.04635416666666667 0.05138888888888889
1 0.42291666666666666 0.5951388888888889 0.04791666666666667 0.04375
1 0.3671875 0.63125 0.05416666666666667 0.05486111111111111
1 0.31666666666666665 0.6715277777777777 0.051041666666666666 0.05486111111111111
1 0.13229166666666667 0.64375 0.0453125 0.05
1 0.0921875 0.6576388888888889 0.05260416666666667 0.05486111111111111
1 0.16822916666666668 0.6256944444444444 0.040625 0.050694444444444445
3 0.19895833333333332 0.6 0.04375 0.058333333333333334
1 0.22447916666666667 0.58125 0.04375 0.04236111111111111
1 0.2526041666666667 0.5659722222222222 0.042708333333333334 0.04652777777777778
1 0.27708333333333335 0.5486111111111112 0.0390625 0.0375
1 0.3020833333333333 0.5347222222222222 0.04479166666666667 0.0375
1 0.30625 0.28888888888888886 0.028645833333333332 0.025
3 0.3619791666666667 0.30972222222222223 0.0328125 0.027777777777777776
1 0.3953125 0.3090277777777778 0.029166666666666667 0.021527777777777778
1 0.38229166666666664 0.30277777777777776 0.025520833333333333 0.021527777777777778
1 0.3703125 0.29583333333333334 0.023958333333333335 0.025
1 0.35104166666666664 0.29305555555555557 0.028645833333333332 0.024305555555555556
1 0.340625 0.28680555555555554 0.020833333333333332 0.017361111111111112
1 0.3333333333333333 0.2798611111111111 0.0203125 0.01875
1 0.3 0.26944444444444443 0.028645833333333332 0.020833333333333332
1 0.2875 0.2652777777777778 0.028125 0.020833333333333332
1 0.2760416666666667 0.25972222222222224 0.027604166666666666 0.019444444444444445
1 0.26927083333333335 0.2548611111111111 0.026041666666666668 0.02013888888888889
1 0.2625 0.25 0.023958333333333335 0.018055555555555554
3 0.25104166666666666 0.24444444444444444 0.023958333333333335 0.02361111111111111
1 0.24270833333333333 0.24305555555555555 0.027604166666666666 0.02013888888888889
1 0.23072916666666668 0.23958333333333334 0.025 0.018055555555555554
1 0.22135416666666666 0.23402777777777778 0.025520833333333333 0.019444444444444445
1 0.21614583333333334 0.2298611111111111 0.021875 0.014583333333333334
1 0.2015625 0.22916666666666666 0.0265625 0.01597222222222222
1 0.19375 0.225 0.024479166666666666 0.01597222222222222
1 0.18177083333333333 0.2222222222222222 0.023958333333333335 0.016666666666666666
1 0.16145833333333334 0.22083333333333333 0.024479166666666666 0.014583333333333334
1 0.13645833333333332 0.21666666666666667 0.019270833333333334 0.017361111111111112
1 0.0890625 0.20972222222222223 0.029166666666666667 0.016666666666666666
1 0.1046875 0.23055555555555557 0.016666666666666666 0.01597222222222222
1 0.321875 0.3451388888888889 0.03229166666666667 0.025694444444444443
1 0.3046875 0.3375 0.03177083333333333 0.021527777777777778
1 0.2838541666666667 0.3625 0.0375 0.02847222222222222
1 0.2703125 0.35555555555555557 0.0359375 0.02847222222222222
1 0.25885416666666666 0.34791666666666665 0.034895833333333334 0.027777777777777776
1 0.24947916666666667 0.33958333333333335 0.03333333333333333 0.027083333333333334
1 0.23645833333333333 0.33125 0.034895833333333334 0.029861111111111113
1 0.2234375 0.32708333333333334 0.03125 0.025
1 0.21354166666666666 0.32222222222222224 0.034895833333333334 0.025694444444444443
1 0.2015625 0.31527777777777777 0.03125 0.025694444444444443
1 0.19322916666666667 0.3111111111111111 0.028125 0.02013888888888889
1 0.1796875 0.30833333333333335 0.034895833333333334 0.022222222222222223
1 0.159375 0.29305555555555557 0.0296875 0.025694444444444443
3 0.17291666666666666 0.2972222222222222 0.030729166666666665 0.02847222222222222
1 0.1515625 0.28958333333333336 0.028645833333333332 0.022222222222222223
1 0.14322916666666666 0.28541666666666665 0.03125 0.024305555555555556
1 0.10520833333333333 0.2673611111111111 0.03125 0.017361111111111112
1 0.13125 0.2798611111111111 0.03125 0.017361111111111112
1 0.1171875 0.2708333333333333 0.030729166666666665 0.020833333333333332
1 0.09947916666666666 0.2625 0.024479166666666666 0.017361111111111112
3 0.08958333333333333 0.2569444444444444 0.030729166666666665 0.021527777777777778
1 0.07604166666666666 0.2569444444444444 0.0203125 0.022222222222222223
1 0.090625 0.3486111111111111 0.03697916666666667 0.025
1 0.08333333333333333 0.3375 0.03697916666666667 0.025
1 0.07395833333333333 0.32916666666666666 0.033854166666666664 0.029166666666666667
1 0.0625 0.3236111111111111 0.03333333333333333 0.025694444444444443
1 0.05625 0.32013888888888886 0.03333333333333333 0.025694444444444443
1 0.05 0.3111111111111111 0.036458333333333336 0.025694444444444443
1 0.040625 0.30694444444444446 0.030729166666666665 0.027083333333333334
1 0.0328125 0.30277777777777776 0.035416666666666666 0.025694444444444443
1 0.029166666666666667 0.29583333333333334 0.03125 0.024305555555555556
1 0.28125 0.32708333333333334 0.03177083333333333 0.022222222222222223
1 0.271875 0.3194444444444444 0.034375 0.024305555555555556
1 0.25833333333333336 0.31319444444444444 0.03177083333333333 0.02361111111111111
1 0.24739583333333334 0.30972222222222223 0.030208333333333334 0.020833333333333332
1 0.23333333333333334 0.3020833333333333 0.030208333333333334 0.020833333333333332
1 0.2234375 0.29791666666666666 0.0328125 0.02013888888888889
1 0.215625 0.2902777777777778 0.03333333333333333 0.02361111111111111
1 0.20625 0.2881944444444444 0.030729166666666665 0.022222222222222223
1 0.19739583333333333 0.2826388888888889 0.0296875 0.020833333333333332
1 0.18802083333333333 0.2743055555555556 0.030208333333333334 0.02361111111111111
1 0.17395833333333333 0.27291666666666664 0.027083333333333334 0.018055555555555554
1 0.1671875 0.26944444444444443 0.03333333333333333 0.022222222222222223
1 0.1578125 0.2638888888888889 0.030208333333333334 0.018055555555555554
1 0.15416666666666667 0.2590277777777778 0.030208333333333334 0.018055555555555554
1 0.14322916666666666 0.2534722222222222 0.0296875 0.018055555555555554
1 0.11510416666666666 0.24166666666666667 0.025520833333333333 0.016666666666666666
1 0.12447916666666667 0.24583333333333332 0.029166666666666667 0.02013888888888889
1 0.13072916666666667 0.25 0.0328125 0.025