1 0.6223958333333334 0.7277777777777777 0.07552083333333333 0.1284722222222222
1 0.5333333333333333 0.7916666666666666 0.09010416666666667 0.2
3 0.5458333333333333 0.6368055555555555 0.0609375 0.12222222222222222
1 0.31302083333333336 0.625 0.13802083333333334 0.07013888888888889
1 0.25833333333333336 0.7486111111111111 0.1515625 0.1125
1 0.2828125 0.8104166666666667 0.17447916666666666 0.14652777777777778
1 0.6140625 0.5979166666666667 0.05625 0.08125
1 0.8416666666666667 0.7284722222222222 0.11197916666666667 0.12222222222222222
1 0.8885416666666667 0.63125 0.1515625 0.08402777777777778
1 0.8677083333333333 0.5861111111111111 0.13229166666666667 0.06736111111111111
1 0.8322916666666667 0.5611111111111111 0.1171875 0.06388888888888888
1 0.7942708333333334 0.5354166666666667 0.11979166666666667 0.05416666666666667
1 0.7854166666666667 0.5111111111111111 0.10520833333333333 0.06180555555555556
1 0.7234375 0.44027777777777777 0.0859375 0.03680555555555556
1 0.5822916666666667 0.46875 0.04739583333333333 0.049305555555555554
1 0.5421875 0.5576388888888889 0.0515625 0.06944444444444445
1 0.5432291666666667 0.4826388888888889 0.040625 0.059722222222222225
1 0.446875 0.525 0.049479166666666664 0.06666666666666667
1 0.45260416666666664 0.4798611111111111 0.034895833333333334 0.04375
1 0.453125 0.44305555555555554 0.03333333333333333 0.04583333333333333
3 0.4609375 0.4041666666666667 0.022916666666666665 0.05625
1 0.46458333333333335 0.36527777777777776 0.0265625 0.03680555555555556
1 0.5265625 0.3902777777777778 0.0265625 0.03680555555555556
1 0.5229166666666667 0.33402777777777776 0.022916666666666665 0.030555555555555555
1 0.7098958333333333 0.4236111111111111 0.07135416666666666 0.03680555555555556
1 0.6739583333333333 0.3888888888888889 0.06666666666666667 0.03333333333333333
1 0.6567708333333333 0.37430555555555556 0.0578125 0.030555555555555555
1 0.6348958333333333 0.3472222222222222 0.044270833333333336 0.027777777777777776
1 0.6192708333333333 0.33055555555555555 0.042708333333333334 0.022916666666666665
1 0.6046875 0.325 0.03802083333333333 0.022916666666666665
1 0.5359375 0.31180555555555556 0.025520833333333333 0.02361111111111111
1 0.08020833333333334 0.9583333333333334 0.15416666666666667 0.08263888888888889