3 0.5296875 0.5986111111111111 0.03333333333333333 0.11041666666666666
2 0.9682291666666667 0.8201388888888889 0.06354166666666666 0.1736111111111111
1 0.8489583333333334 0.40208333333333335 0.0265625 0.058333333333333334
1 0.865625 0.4583333333333333 0.03125 0.058333333333333334
3 0.37447916666666664 0.3819444444444444 0.027083333333333334 0.0763888888888889
1 0.4515625 0.3194444444444444 0.022916666666666665 0.0625
0 0.5526041666666667 0.24305555555555555 0.040625 0.18680555555555556
3 0.50625 0.15833333333333333 0.0234375 0.06875
1 0.4265625 0.1451388888888889 0.019791666666666666 0.044444444444444446
1 0.4505208333333333 0.029166666666666667 0.019791666666666666 0.035416666666666666
2 0.4005208333333333 0.03194444444444444 0.034375 0.06319444444444444
2 0.8005208333333333 0.23472222222222222 0.036458333333333336 0.08888888888888889
3 0.7432291666666667 0.06666666666666667 0.0234375 0.044444444444444446
1 0.7192708333333333 0.28125 0.024479166666666666 0.052083333333333336