1 0.027604166666666666 0.8388888888888889 0.05520833333333333 0.06666666666666667
1 0.05572916666666667 0.7152777777777778 0.07291666666666667 0.04027777777777778
1 0.1890625 0.6673611111111111 0.04791666666666667 0.035416666666666666
1 0.1203125 0.6916666666666667 0.0609375 0.03333333333333333
2 0.24479166666666666 0.6375 0.04635416666666667 0.043055555555555555
1 0.09479166666666666 0.5506944444444445 0.030208333333333334 0.0125
1 0.26875 0.5659722222222222 0.019270833333333334 0.011111111111111112
1 0.33177083333333335 0.56875 0.020833333333333332 0.011111111111111112
1 0.3541666666666667 0.5701388888888889 0.019791666666666666 0.009722222222222222
1 0.3854166666666667 0.5645833333333333 0.0109375 0.006944444444444444
1 0.3958333333333333 0.5645833333333333 0.009895833333333333 0.007638888888888889
1 0.2859375 0.63125 0.0328125 0.025694444444444443
1 0.31927083333333334 0.61875 0.030208333333333334 0.022222222222222223
1 0.34739583333333335 0.6097222222222223 0.0234375 0.02013888888888889
1 0.37135416666666665 0.6006944444444444 0.021354166666666667 0.018055555555555554
1 0.39010416666666664 0.59375 0.017708333333333333 0.01597222222222222
1 0.41875 0.5854166666666667 0.015625 0.013194444444444444
2 0.40677083333333336 0.5875 0.017708333333333333 0.017361111111111112
1 0.44583333333333336 0.5826388888888889 0.015104166666666667 0.007638888888888889
1 0.4588541666666667 0.5708333333333333 0.011979166666666667 0.010416666666666666
1 0.46822916666666664 0.5659722222222222 0.011979166666666667 0.009722222222222222
1 0.4744791666666667 0.5625 0.0109375 0.008333333333333333
1 0.4796875 0.5597222222222222 0.0109375 0.006944444444444444
1 0.5041666666666667 0.5645833333333333 0.009895833333333333 0.009722222222222222
3 0.5052083333333334 0.55625 0.0078125 0.009722222222222222
1 0.49270833333333336 0.5638888888888889 0.009895833333333333 0.009722222222222222
1 0.490625 0.5583333333333333 0.009895833333333333 0.007638888888888889
1 0.46770833333333334 0.5534722222222223 0.011458333333333333 0.008333333333333333
3 0.465625 0.5520833333333334 0.0140625 0.010416666666666666
2 0.48489583333333336 0.5493055555555556 0.011979166666666667 0.009722222222222222
1 0.5083333333333333 0.5493055555555556 0.013541666666666667 0.008333333333333333
3 0.5567708333333333 0.54375 0.009375 0.009722222222222222
1 0.55625 0.5326388888888889 0.005208333333333333 0.004861111111111111
1 0.5776041666666667 0.5784722222222223 0.022916666666666665 0.014583333333333334
1 0.6130208333333333 0.5805555555555556 0.022916666666666665 0.0125
1 0.6333333333333333 0.5763888888888888 0.0078125 0.010416666666666666