1 0.48541666666666666 0.8763888888888889 0.0234375 0.11527777777777778
1 0.43697916666666664 0.8666666666666667 0.0265625 0.10902777777777778
1 0.48541666666666666 0.7215277777777778 0.025 0.1
1 0.5255208333333333 0.7333333333333333 0.030208333333333334 0.10694444444444444
1 0.5666666666666667 0.7305555555555555 0.0265625 0.09513888888888888
1 0.44166666666666665 0.7229166666666667 0.028645833333333332 0.09236111111111112
1 0.49375 0.46597222222222223 0.05260416666666667 0.04027777777777778
1 0.6817708333333333 0.7125 0.0390625 0.1
1 0.23020833333333332 0.3145833333333333 0.050520833333333334 0.03819444444444445
1 0.51875 0.08541666666666667 0.01875 0.049305555555555554
3 0.7432291666666667 0.5965277777777778 0.059375 0.06319444444444444
1 0.31197916666666664 0.3194444444444444 0.0421875 0.03958333333333333
1 0.6203125 0.03611111111111111 0.017708333333333333 0.05694444444444444
3 0.590625 0.03333333333333333 0.015625 0.059722222222222225
0 0.503125 0.20555555555555555 0.034895833333333334 0.10902777777777778
1 0.4296875 0.9888888888888889 0.027604166666666666 0.01875