1 0.24166666666666667 0.43680555555555556 0.06927083333333334 0.10833333333333334
1 0.39010416666666664 0.5451388888888888 0.13020833333333334 0.07916666666666666
1 0.546875 0.39652777777777776 0.09791666666666667 0.06736111111111111
1 0.5630208333333333 0.3506944444444444 0.09947916666666666 0.06319444444444444
1 0.7984375 0.40902777777777777 0.11354166666666667 0.07916666666666666
1 0.8036458333333333 0.35625 0.12864583333333332 0.06111111111111111
1 0.8963541666666667 0.15694444444444444 0.07552083333333333 0.050694444444444445
1 0.93125 0.13472222222222222 0.04635416666666667 0.05625
3 0.8177083333333334 0.3034722222222222 0.10833333333333334 0.050694444444444445
2 0.6682291666666667 0.38680555555555557 0.08489583333333334 0.15208333333333332
1 0.80625 0.0763888888888889 0.03333333333333333 0.05416666666666667
1 0.8744791666666667 0.10486111111111111 0.034375 0.04791666666666667
1 0.1515625 0.05555555555555555 0.04583333333333333 0.035416666666666666
1 0.0390625 0.08680555555555555 0.06666666666666667 0.03125
1 0.06197916666666667 0.059027777777777776 0.06927083333333334 0.04583333333333333
1 0.7526041666666666 0.8993055555555556 0.08802083333333334 0.19722222222222222
1 0.5630208333333333 0.8791666666666667 0.07552083333333333 0.23819444444444443
1 0.6552083333333333 0.8895833333333333 0.0734375 0.2152777777777778
1 0.8526041666666667 0.9034722222222222 0.09635416666666667 0.1875
1 0.9354166666666667 0.89375 0.12083333333333333 0.20694444444444443
1 0.2359375 0.017361111111111112 0.041666666666666664 0.034027777777777775
1 0.023958333333333335 0.20625 0.04791666666666667 0.09027777777777778