1 0.8890625 0.9145833333333333 0.034375 0.09305555555555556
1 0.9473958333333333 0.79375 0.051041666666666666 0.04236111111111111
1 0.8213541666666667 0.6527777777777778 0.0265625 0.07708333333333334
1 0.6322916666666667 0.6909722222222222 0.0234375 0.08055555555555556
1 0.6052083333333333 0.6881944444444444 0.022395833333333334 0.08055555555555556
1 0.8692708333333333 0.5284722222222222 0.04479166666666667 0.03333333333333333
1 0.93125 0.35138888888888886 0.0296875 0.04652777777777778
1 0.8838541666666667 0.36180555555555555 0.021354166666666667 0.04791666666666667
1 0.8630208333333333 0.15833333333333333 0.015625 0.03125
1 0.8666666666666667 0.08611111111111111 0.0203125 0.03958333333333333
1 0.8479166666666667 0.08541666666666667 0.021354166666666667 0.03888888888888889
1 0.8854166666666666 0.07847222222222222 0.016666666666666666 0.03611111111111111
1 0.6572916666666667 0.2548611111111111 0.017708333333333333 0.041666666666666664
1 0.6359375 0.25763888888888886 0.016145833333333335 0.03958333333333333
1 0.4317708333333333 0.6680555555555555 0.020833333333333332 0.0763888888888889
1 0.4036458333333333 0.6625 0.022395833333333334 0.0763888888888889
1 0.32083333333333336 0.6444444444444445 0.023958333333333335 0.075
1 0.2526041666666667 0.6847222222222222 0.04791666666666667 0.03958333333333333
1 0.4895833333333333 0.24444444444444444 0.015104166666666667 0.04375
1 0.484375 0.1527777777777778 0.0140625 0.03680555555555556
1 0.440625 0.15694444444444444 0.015625 0.04652777777777778
1 0.4505208333333333 0.12222222222222222 0.015625 0.044444444444444446
1 0.4234375 0.15694444444444444 0.015104166666666667 0.04652777777777778
3 0.453125 0.07291666666666667 0.011458333333333333 0.04375
1 0.015104166666666667 0.39305555555555555 0.027604166666666666 0.06111111111111111
1 0.007291666666666667 0.23541666666666666 0.014583333333333334 0.05
3 0.06875 0.13194444444444445 0.019791666666666666 0.04791666666666667
1 0.027083333333333334 0.11875 0.021354166666666667 0.04236111111111111
1 0.042708333333333334 0.04652777777777778 0.0203125 0.03958333333333333
1 0.051041666666666666 0.014583333333333334 0.0203125 0.02847222222222222
1 0.12135416666666667 0.12361111111111112 0.0203125 0.03611111111111111
1 0.12552083333333333 0.09305555555555556 0.016666666666666666 0.035416666666666666
1 0.13125 0.04722222222222222 0.016666666666666666 0.03333333333333333
1 0.13697916666666668 0.013194444444444444 0.017708333333333333 0.02638888888888889
1 0.2942708333333333 0.15416666666666667 0.01875 0.03888888888888889
1 0.31302083333333336 0.15138888888888888 0.019791666666666666 0.03888888888888889
1 0.33125 0.15138888888888888 0.019791666666666666 0.04375