1 0.17552083333333332 0.89375 0.11510416666666666 0.2125
1 0.31927083333333334 0.8875 0.10260416666666666 0.225
1 0.4557291666666667 0.8715277777777778 0.115625 0.2569444444444444
1 0.5848958333333333 0.8708333333333333 0.1171875 0.25833333333333336
1 0.044270833333333336 0.8006944444444445 0.08854166666666667 0.1361111111111111
1 0.03802083333333333 0.4486111111111111 0.07604166666666666 0.11944444444444445
1 0.23020833333333332 0.23472222222222222 0.084375 0.20694444444444443
1 0.3765625 0.2763888888888889 0.09479166666666666 0.23402777777777778
1 0.6369791666666667 0.05486111111111111 0.17239583333333333 0.10555555555555556
1 0.6666666666666666 0.16666666666666666 0.16927083333333334 0.12361111111111112
1 0.7015625 0.2611111111111111 0.16666666666666666 0.11527777777777778
1 0.6880208333333333 0.3840277777777778 0.17447916666666666 0.12361111111111112
3 0.8609375 0.6756944444444445 0.24166666666666667 0.17430555555555555
3 0.715625 0.8902777777777777 0.13020833333333334 0.21875
2 0.0390625 0.5944444444444444 0.07760416666666667 0.17222222222222222
3 0.36614583333333334 0.075 0.08489583333333334 0.14791666666666667