3 0.034375 0.8597222222222223 0.065625 0.059027777777777776
1 0.08489583333333334 0.8131944444444444 0.07135416666666666 0.11319444444444444
1 0.22239583333333332 0.9354166666666667 0.08697916666666666 0.07361111111111111
1 0.19375 0.7951388888888888 0.07083333333333333 0.10069444444444445
1 0.2328125 0.7583333333333333 0.0671875 0.10555555555555556
1 0.27239583333333334 0.7111111111111111 0.06197916666666667 0.11041666666666666
1 0.3229166666666667 0.8701388888888889 0.07708333333333334 0.10277777777777777
1 0.5505208333333333 0.9354166666666667 0.03333333333333333 0.11875
3 0.5515625 0.7645833333333333 0.04375 0.12291666666666666
1 0.5677083333333334 0.6354166666666666 0.040625 0.10277777777777777
1 0.5473958333333333 0.49930555555555556 0.04739583333333333 0.1
1 0.5838541666666667 0.40625 0.03802083333333333 0.1076388888888889
1 0.30520833333333336 0.6618055555555555 0.0640625 0.09513888888888888
1 0.425 0.525 0.03697916666666667 0.10347222222222222
3 0.4390625 0.37222222222222223 0.041666666666666664 0.10694444444444444
1 0.5921875 0.2798611111111111 0.0328125 0.10277777777777777
1 0.6083333333333333 0.14652777777777778 0.03854166666666667 0.09513888888888888
3 0.6166666666666667 0.03888888888888889 0.034375 0.07708333333333334
3 0.47760416666666666 0.04861111111111111 0.0359375 0.09722222222222222
3 0.3859375 0.058333333333333334 0.034895833333333334 0.0875
1 0.45416666666666666 0.25972222222222224 0.04010416666666667 0.1111111111111111
1 0.378125 0.25972222222222224 0.0390625 0.09236111111111112
1 0.36666666666666664 0.45694444444444443 0.07708333333333334 0.050694444444444445
3 0.3098958333333333 0.5375 0.075 0.075
1 0.153125 0.5513888888888889 0.0578125 0.09930555555555555
1 0.10364583333333334 0.6020833333333333 0.05416666666666667 0.10972222222222222
1 0.0625 0.6534722222222222 0.05625 0.12013888888888889