1 0.30833333333333335 0.9243055555555556 0.034895833333333334 0.10555555555555556
1 0.33125 0.7583333333333333 0.03229166666666667 0.0875
1 0.4140625 0.6770833333333334 0.029166666666666667 0.09027777777777778
1 0.4625 0.6868055555555556 0.027604166666666666 0.08888888888888889
1 0.2109375 0.4361111111111111 0.028645833333333332 0.04722222222222222
0 0.38697916666666665 0.29791666666666666 0.0234375 0.07083333333333333
3 0.3958333333333333 0.2 0.0140625 0.03194444444444444
3 0.41770833333333335 0.24375 0.0140625 0.04027777777777778
3 0.4197916666666667 0.18194444444444444 0.0140625 0.029166666666666667
1 0.44947916666666665 0.03819444444444445 0.011979166666666667 0.022916666666666665
3 0.5052083333333334 0.17430555555555555 0.016666666666666666 0.041666666666666664
3 0.5572916666666666 0.15763888888888888 0.0140625 0.03819444444444445
1 0.596875 0.12986111111111112 0.013541666666666667 0.029166666666666667
3 0.6104166666666667 0.21805555555555556 0.016666666666666666 0.03333333333333333
3 0.5651041666666666 0.23680555555555555 0.016666666666666666 0.04722222222222222
3 0.5619791666666667 0.20069444444444445 0.0140625 0.04027777777777778
3 0.8322916666666667 0.22430555555555556 0.03333333333333333 0.03333333333333333
3 0.840625 0.23958333333333334 0.03854166666666667 0.03333333333333333
1 0.9239583333333333 0.18472222222222223 0.022395833333333334 0.03958333333333333
1 0.9239583333333333 0.2604166666666667 0.025 0.035416666666666666
1 0.9848958333333333 0.43472222222222223 0.030208333333333334 0.034027777777777775
1 0.9088541666666666 0.44166666666666665 0.040625 0.035416666666666666
1 0.7958333333333333 0.4597222222222222 0.04739583333333333 0.035416666666666666
1 0.7510416666666667 0.43680555555555556 0.04791666666666667 0.03819444444444445
1 0.6375 0.47291666666666665 0.04479166666666667 0.034027777777777775
1 0.6390625 0.4444444444444444 0.0359375 0.03333333333333333
1 0.64375 0.6388888888888888 0.030208333333333334 0.07013888888888889
1 0.6458333333333334 0.9118055555555555 0.027083333333333334 0.09236111111111112