2 0.20104166666666667 0.2590277777777778 0.04479166666666667 0.03611111111111111
1 0.284375 0.2638888888888889 0.019791666666666666 0.034027777777777775
1 0.2125 0.33958333333333335 0.0421875 0.03333333333333333
0 0.10052083333333334 0.3236111111111111 0.10520833333333333 0.04791666666666667
0 0.1328125 0.4861111111111111 0.08854166666666667 0.06736111111111111
0 0.12083333333333333 0.5381944444444444 0.10208333333333333 0.0875
0 0.13125 0.5868055555555556 0.10520833333333333 0.07013888888888889
0 0.128125 0.6298611111111111 0.109375 0.08125
0 0.1453125 0.6590277777777778 0.1109375 0.0875
0 0.22552083333333334 0.6173611111111111 0.0421875 0.09027777777777778
1 0.3307291666666667 0.5604166666666667 0.041666666666666664 0.03333333333333333
0 0.31145833333333334 0.4798611111111111 0.0859375 0.07430555555555556
1 0.24791666666666667 0.5048611111111111 0.042708333333333334 0.03819444444444445
0 0.25 0.46111111111111114 0.0859375 0.06597222222222222
0 0.2526041666666667 0.43194444444444446 0.08645833333333333 0.06736111111111111
0 0.24583333333333332 0.4097222222222222 0.08125 0.06597222222222222
0 0.33645833333333336 0.40347222222222223 0.08020833333333334 0.06597222222222222
0 0.3255208333333333 0.38055555555555554 0.0765625 0.06388888888888888
0 0.4671875 0.19027777777777777 0.019791666666666666 0.050694444444444445
0 0.49166666666666664 0.1875 0.0234375 0.05138888888888889
0 0.5104166666666666 0.18194444444444444 0.0265625 0.05138888888888889
0 0.5322916666666667 0.18125 0.025 0.050694444444444445
0 0.5546875 0.17708333333333334 0.025 0.049305555555555554
0 0.578125 0.17777777777777778 0.025 0.050694444444444445
0 0.6005208333333333 0.175 0.0265625 0.04791666666666667
0 0.6208333333333333 0.1736111111111111 0.030208333333333334 0.05138888888888889
0 0.6421875 0.1701388888888889 0.03125 0.04861111111111111
1 0.6197916666666666 0.325 0.0390625 0.029861111111111113
0 0.5536458333333333 0.3701388888888889 0.1015625 0.0875
0 0.6677083333333333 0.38333333333333336 0.11510416666666666 0.08263888888888889
0 0.6598958333333333 0.41458333333333336 0.08697916666666666 0.06458333333333334
0 0.6234375 0.4305555555555556 0.12239583333333333 0.08194444444444444
0 0.6223958333333334 0.46875 0.11927083333333334 0.0875
0 0.5416666666666666 0.4673611111111111 0.09166666666666666 0.075
0 0.5932291666666667 0.5576388888888889 0.10364583333333334 0.09027777777777778
0 0.5822916666666667 0.6020833333333333 0.07291666666666667 0.058333333333333334
0 0.5609375 0.6326388888888889 0.1421875 0.09444444444444444
0 0.54375 0.6798611111111111 0.15208333333333332 0.1076388888888889
0 0.5286458333333334 0.7333333333333333 0.15729166666666666 0.1125
0 0.5291666666666667 0.8756944444444444 0.12239583333333333 0.09791666666666667
0 0.49375 0.925 0.17083333333333334 0.14583333333333334
3 0.4890625 0.9826388888888888 0.0578125 0.034027777777777775
0 0.9520833333333333 0.9631944444444445 0.09583333333333334 0.06944444444444445
0 0.91875 0.7479166666666667 0.13072916666666667 0.07222222222222222
0 0.91875 0.6854166666666667 0.13697916666666668 0.0763888888888889
3 0.7119791666666667 0.4930555555555556 0.0234375 0.04097222222222222
0 0.7770833333333333 0.27152777777777776 0.07291666666666667 0.09930555555555555
0 0.8161458333333333 0.25277777777777777 0.06197916666666667 0.1
1 0.7848958333333333 0.3298611111111111 0.020833333333333332 0.03263888888888889
1 0.8119791666666667 0.33611111111111114 0.027604166666666666 0.03819444444444445
1 0.8296875 0.33541666666666664 0.0265625 0.03611111111111111
1 0.8541666666666666 0.33055555555555555 0.028645833333333332 0.04027777777777778
1 0.853125 0.2777777777777778 0.0265625 0.03263888888888889
1 0.90625 0.2875 0.03697916666666667 0.022916666666666665
1 0.9223958333333333 0.3138888888888889 0.03854166666666667 0.025694444444444443
1 0.9401041666666666 0.33125 0.0390625 0.025694444444444443
1 0.971875 0.34305555555555556 0.03802083333333333 0.02638888888888889
1 0.9333333333333333 0.35625 0.0390625 0.025
1 0.9432291666666667 0.3770833333333333 0.03802083333333333 0.025
1 0.9817708333333334 0.36527777777777776 0.036458333333333336 0.027777777777777776
1 0.9854166666666667 0.39791666666666664 0.029166666666666667 0.02638888888888889