1 0.575 0.9784722222222222 0.030208333333333334 0.043055555555555555
1 0.6255208333333333 0.7972222222222223 0.030208333333333334 0.07013888888888889
2 0.6630208333333333 0.6708333333333333 0.022395833333333334 0.04652777777777778
1 0.79375 0.16944444444444445 0.022395833333333334 0.04791666666666667
1 0.7140625 0.21388888888888888 0.025520833333333333 0.052083333333333336
1 0.5994791666666667 0.2659722222222222 0.042708333333333334 0.030555555555555555
1 0.534375 0.33541666666666664 0.0328125 0.052083333333333336
1 0.5130208333333334 0.3229166666666667 0.030729166666666665 0.05138888888888889
2 0.48802083333333335 0.31527777777777777 0.03333333333333333 0.05694444444444444
1 0.46979166666666666 0.2923611111111111 0.030208333333333334 0.049305555555555554
1 0.4354166666666667 0.2902777777777778 0.029166666666666667 0.04791666666666667
1 0.4119791666666667 0.2826388888888889 0.029166666666666667 0.05347222222222222
1 0.384375 0.28402777777777777 0.025520833333333333 0.049305555555555554
1 0.34739583333333335 0.30069444444444443 0.03802083333333333 0.05138888888888889
1 0.4010416666666667 0.16111111111111112 0.029166666666666667 0.043055555555555555
1 0.5114583333333333 0.5548611111111111 0.044270833333333336 0.052083333333333336
1 0.528125 0.49236111111111114 0.04635416666666667 0.041666666666666664
1 0.5385416666666667 0.4673611111111111 0.04583333333333333 0.04027777777777778
1 0.5447916666666667 0.4354166666666667 0.04791666666666667 0.03888888888888889
1 0.5572916666666666 0.40694444444444444 0.04635416666666667 0.04375