1 0.12447916666666667 0.6020833333333333 0.11197916666666667 0.07777777777777778
1 0.5015625 0.6416666666666667 0.04479166666666667 0.11319444444444444
1 0.5458333333333333 0.5583333333333333 0.05416666666666667 0.12569444444444444
1 0.478125 0.4479166666666667 0.0390625 0.09305555555555556
1 0.5026041666666666 0.32222222222222224 0.041666666666666664 0.09027777777777778
1 0.44895833333333335 0.2798611111111111 0.036458333333333336 0.07152777777777777
1 0.146875 0.48541666666666666 0.09479166666666666 0.050694444444444445
1 0.15052083333333333 0.42777777777777776 0.08489583333333334 0.04652777777777778
1 0.15572916666666667 0.37916666666666665 0.07135416666666666 0.041666666666666664
1 0.19322916666666667 0.2652777777777778 0.06770833333333333 0.04097222222222222
1 0.20260416666666667 0.21875 0.06197916666666667 0.041666666666666664
1 0.17708333333333334 0.32916666666666666 0.0859375 0.04652777777777778
1 0.440625 0.20208333333333334 0.027083333333333334 0.06319444444444444
1 0.43020833333333336 0.1423611111111111 0.027083333333333334 0.059722222222222225
1 0.42083333333333334 0.08819444444444445 0.027083333333333334 0.050694444444444445
1 0.39114583333333336 0.9638888888888889 0.052083333333333336 0.07222222222222222
1 0.5848958333333333 0.9625 0.0484375 0.075