1 0.6140625 0.5201388888888889 0.028645833333333332 0.09166666666666666
1 0.39791666666666664 0.5875 0.030208333333333334 0.08402777777777778
1 0.44479166666666664 0.18958333333333333 0.01875 0.044444444444444446
1 0.28177083333333336 0.70625 0.059375 0.09027777777777778
1 0.2557291666666667 0.8319444444444445 0.05416666666666667 0.10277777777777777
1 0.29322916666666665 0.6541666666666667 0.04635416666666667 0.0798611111111111
1 0.11770833333333333 0.3645833333333333 0.04635416666666667 0.034027777777777775
1 0.065625 0.36180555555555555 0.057291666666666664 0.035416666666666666
1 0.17239583333333333 0.3645833333333333 0.05416666666666667 0.034027777777777775
1 0.22447916666666667 0.3659722222222222 0.049479166666666664 0.044444444444444446
3 0.2916666666666667 0.5201388888888889 0.05364583333333333 0.09166666666666666
3 0.2390625 0.8986111111111111 0.06354166666666666 0.13958333333333334
3 0.5432291666666667 0.08680555555555555 0.017708333333333333 0.04722222222222222
1 0.5369791666666667 0.95 0.04010416666666667 0.09791666666666667
0 0.6869791666666667 0.7541666666666667 0.07916666666666666 0.3770833333333333