1 0.4744791666666667 0.9076388888888889 0.08489583333333334 0.13680555555555557
1 0.5484375 0.7770833333333333 0.07291666666666667 0.1125
1 0.3390625 0.22361111111111112 0.0421875 0.035416666666666666
1 0.3609375 0.28194444444444444 0.03854166666666667 0.03611111111111111
1 0.5166666666666667 0.2902777777777778 0.0328125 0.04027777777777778
1 0.5838541666666667 0.3451388888888889 0.0578125 0.044444444444444446
2 0.026041666666666668 0.09513888888888888 0.050520833333333334 0.05138888888888889
1 0.49583333333333335 0.3597222222222222 0.0578125 0.04861111111111111
1 0.5598958333333334 0.38958333333333334 0.058333333333333334 0.04791666666666667
1 0.6328125 0.4326388888888889 0.0640625 0.05138888888888889
1 0.6244791666666667 0.39166666666666666 0.05625 0.043055555555555555
1 0.6427083333333333 0.37916666666666665 0.057291666666666664 0.04375
1 0.7098958333333333 0.41180555555555554 0.06927083333333334 0.04861111111111111
1 0.7479166666666667 0.40347222222222223 0.057291666666666664 0.041666666666666664
1 0.7833333333333333 0.39444444444444443 0.05625 0.04375
1 0.8015625 0.36944444444444446 0.06510416666666667 0.03819444444444445
1 0.8151041666666666 0.3458333333333333 0.052083333333333336 0.04027777777777778
1 0.8348958333333333 0.30833333333333335 0.05416666666666667 0.03611111111111111
1 0.8484375 0.29375 0.04583333333333333 0.03333333333333333
1 0.8541666666666666 0.2798611111111111 0.052083333333333336 0.03888888888888889
1 0.8640625 0.26875 0.042708333333333334 0.03333333333333333
1 0.8786458333333333 0.2604166666666667 0.0515625 0.03333333333333333
1 0.8890625 0.24305555555555555 0.05 0.02847222222222222
1 0.8989583333333333 0.2298611111111111 0.04635416666666667 0.02847222222222222
1 0.9088541666666666 0.21180555555555555 0.052083333333333336 0.02361111111111111
3 0.9177083333333333 0.19583333333333333 0.03854166666666667 0.02361111111111111
1 0.925 0.18541666666666667 0.042708333333333334 0.02638888888888889
1 0.9375 0.175 0.04791666666666667 0.030555555555555555
1 0.9505208333333334 0.16458333333333333 0.04375 0.022916666666666665
3 0.9609375 0.14652777777777778 0.050520833333333334 0.03333333333333333
1 0.9697916666666667 0.12986111111111112 0.042708333333333334 0.025694444444444443
1 0.9822916666666667 0.12361111111111112 0.03229166666666667 0.02361111111111111
1 0.9885416666666667 0.10833333333333334 0.021354166666666667 0.018055555555555554
1 0.9864583333333333 0.09861111111111111 0.027083333333333334 0.019444444444444445
1 0.9869791666666666 0.29930555555555555 0.025520833333333333 0.03125
1 0.9859375 0.3388888888888889 0.027604166666666666 0.04861111111111111
1 0.9151041666666667 0.34791666666666665 0.03802083333333333 0.05694444444444444
1 0.9536458333333333 0.3993055555555556 0.041666666666666664 0.059027777777777776
1 0.9463541666666667 0.44166666666666665 0.041666666666666664 0.06111111111111111
1 0.9630208333333333 0.5104166666666666 0.0734375 0.07430555555555556
1 0.9635416666666666 0.6173611111111111 0.07291666666666667 0.059722222222222225
1 0.8708333333333333 0.6625 0.049479166666666664 0.08472222222222223
1 0.8390625 0.7645833333333333 0.0578125 0.10277777777777777
1 0.7984375 0.8986111111111111 0.06927083333333334 0.1361111111111111
1 0.6619791666666667 0.5173611111111112 0.06770833333333333 0.07222222222222222
1 0.6677083333333333 0.5777777777777777 0.05572916666666667 0.07222222222222222
1 0.6140625 0.6645833333333333 0.05416666666666667 0.07777777777777778