1 0.940625 0.6770833333333334 0.06145833333333333 0.06319444444444444
1 0.9572916666666667 0.6097222222222223 0.053125 0.05625
1 0.9651041666666667 0.5798611111111112 0.05416666666666667 0.06111111111111111
1 0.959375 0.5034722222222222 0.049479166666666664 0.05277777777777778
3 0.9619791666666667 0.4736111111111111 0.046875 0.04722222222222222
3 0.9671875 0.4423611111111111 0.04114583333333333 0.04236111111111111
1 0.8552083333333333 0.4395833333333333 0.022916666666666665 0.05
1 0.8453125 0.4951388888888889 0.029166666666666667 0.06319444444444444
1 0.7661458333333333 0.5611111111111111 0.04739583333333333 0.05763888888888889
1 0.7135416666666666 0.5145833333333333 0.04635416666666667 0.05
1 0.6625 0.4930555555555556 0.028125 0.058333333333333334
1 0.6380208333333334 0.47638888888888886 0.028645833333333332 0.058333333333333334
1 0.6114583333333333 0.46041666666666664 0.0296875 0.05486111111111111
1 0.5875 0.4388888888888889 0.0296875 0.05555555555555555
1 0.5625 0.4166666666666667 0.027083333333333334 0.058333333333333334
1 0.5385416666666667 0.40069444444444446 0.029166666666666667 0.05347222222222222
3 0.4786458333333333 0.35 0.0328125 0.058333333333333334
1 0.46041666666666664 0.3402777777777778 0.030729166666666665 0.04791666666666667
1 0.421875 0.31875 0.0328125 0.049305555555555554
1 0.24427083333333333 0.18611111111111112 0.03333333333333333 0.041666666666666664
2 0.15 0.2326388888888889 0.06875 0.09444444444444444
1 0.1859375 0.14027777777777778 0.030208333333333334 0.030555555555555555
1 0.12916666666666668 0.034027777777777775 0.034375 0.02013888888888889
1 0.1328125 0.0125 0.0296875 0.022916666666666665
1 0.9432291666666667 0.035416666666666666 0.018229166666666668 0.027777777777777776
3 0.9661458333333334 0.1638888888888889 0.023958333333333335 0.03819444444444445
1 0.9546875 0.22083333333333333 0.0203125 0.03680555555555556