2 0.0421875 0.6291666666666667 0.084375 0.05625
1 0.9703125 0.6673611111111111 0.059375 0.04027777777777778
1 0.9026041666666667 0.6541666666666667 0.06510416666666667 0.041666666666666664
1 0.06197916666666667 0.5402777777777777 0.044270833333333336 0.030555555555555555
1 0.10833333333333334 0.7020833333333333 0.07291666666666667 0.043055555555555555
1 0.2078125 0.65625 0.06145833333333333 0.04027777777777778
1 0.4296875 0.7034722222222223 0.06510416666666667 0.043055555555555555
1 0.425 0.3194444444444444 0.024479166666666666 0.05625
2 0.43333333333333335 0.25763888888888886 0.0234375 0.04861111111111111
1 0.35208333333333336 0.22777777777777777 0.022916666666666665 0.044444444444444446
2 0.45677083333333335 0.11041666666666666 0.025 0.06458333333333334
1 0.4630208333333333 0.06805555555555555 0.0171875 0.03333333333333333
1 0.1515625 0.8506944444444444 0.07239583333333334 0.052083333333333336
1 0.23177083333333334 0.8652777777777778 0.07083333333333333 0.04652777777777778
1 0.31666666666666665 0.8798611111111111 0.07864583333333333 0.04652777777777778
1 0.69375 0.9819444444444444 0.03802083333333333 0.03611111111111111