1 0.10416666666666667 0.6097222222222223 0.019791666666666666 0.013194444444444444
1 0.09635416666666667 0.6173611111111111 0.015625 0.014583333333333334
1 0.09166666666666666 0.6263888888888889 0.0171875 0.014583333333333334
3 0.07083333333333333 0.6527777777777778 0.019791666666666666 0.014583333333333334
1 0.06197916666666667 0.6652777777777777 0.01875 0.0125
1 0.06875 0.6777777777777778 0.019270833333333334 0.01597222222222222
1 0.08177083333333333 0.6930555555555555 0.020833333333333332 0.013194444444444444
3 0.29583333333333334 0.9923611111111111 0.016666666666666666 0.015277777777777777
1 0.3140625 0.7368055555555556 0.009895833333333333 0.022222222222222223
1 0.3229166666666667 0.6895833333333333 0.013020833333333334 0.020833333333333332
1 0.7755208333333333 0.7194444444444444 0.019270833333333334 0.014583333333333334
1 0.8 0.725 0.021354166666666667 0.015277777777777777
1 0.8802083333333334 0.7409722222222223 0.024479166666666666 0.015277777777777777
3 0.9291666666666667 0.7493055555555556 0.019791666666666666 0.01597222222222222
2 0.3776041666666667 0.4986111111111111 0.016666666666666666 0.03333333333333333
2 0.4078125 0.39375 0.008333333333333333 0.01597222222222222
2 0.496875 0.36666666666666664 0.0109375 0.025
2 0.5265625 0.32013888888888886 0.01875 0.01597222222222222
2 0.5135416666666667 0.26875 0.009895833333333333 0.02013888888888889
2 0.5270833333333333 0.2298611111111111 0.008333333333333333 0.013194444444444444
2 0.44427083333333334 0.42986111111111114 0.015625 0.01875
2 0.4713541666666667 0.5340277777777778 0.013020833333333334 0.025694444444444443
2 0.3171875 0.3145833333333333 0.009895833333333333 0.017361111111111112
2 0.346875 0.13402777777777777 0.0109375 0.013194444444444444
2 0.34010416666666665 0.1326388888888889 0.009375 0.01597222222222222
3 0.48385416666666664 0.5083333333333333 0.015104166666666667 0.014583333333333334
1 0.4869791666666667 0.5006944444444444 0.0109375 0.0125
1 0.46927083333333336 0.47638888888888886 0.007291666666666667 0.01597222222222222
1 0.46510416666666665 0.4597222222222222 0.00625 0.0125
1 0.4015625 0.4395833333333333 0.007291666666666667 0.0125
1 0.4661458333333333 0.4131944444444444 0.011979166666666667 0.009722222222222222
1 0.44947916666666665 0.4013888888888889 0.005729166666666666 0.010416666666666666
1 0.48020833333333335 0.4076388888888889 0.00625 0.011111111111111112
0 0.45729166666666665 0.2604166666666667 0.009895833333333333 0.01597222222222222
1 0.5276041666666667 0.2916666666666667 0.009895833333333333 0.007638888888888889
1 0.5265625 0.2875 0.009375 0.005555555555555556
1 0.5276041666666667 0.28680555555555554 0.009375 0.007638888888888889
1 0.5333333333333333 0.24305555555555555 0.009375 0.005555555555555556
1 0.4864583333333333 0.19791666666666666 0.004166666666666667 0.005555555555555556
1 0.5140625 0.1375 0.0036458333333333334 0.006944444444444444
1 0.5286458333333334 0.1284722222222222 0.0026041666666666665 0.003472222222222222
1 0.53125 0.12708333333333333 0.0026041666666666665 0.004861111111111111
1 0.5322916666666667 0.12430555555555556 0.0036458333333333334 0.004861111111111111
2 0.93125 0.2111111111111111 0.011979166666666667 0.008333333333333333
2 0.503125 0.1840277777777778 0.0078125 0.01597222222222222
0 0.53125 0.09652777777777778 0.004166666666666667 0.008333333333333333