1 0.10260416666666666 0.8416666666666667 0.19583333333333333 0.14375
1 0.12135416666666667 0.6236111111111111 0.1390625 0.09236111111111112
1 0.1328125 0.56875 0.1234375 0.07916666666666666
3 0.15364583333333334 0.4861111111111111 0.09270833333333334 0.06319444444444444
1 0.125 0.47708333333333336 0.0765625 0.04097222222222222
1 0.13125 0.45 0.07291666666666667 0.041666666666666664
1 0.16822916666666668 0.42291666666666666 0.08125 0.04097222222222222
1 0.12708333333333333 0.41805555555555557 0.08125 0.043055555555555555
1 0.10520833333333333 0.4048611111111111 0.04791666666666667 0.034722222222222224
1 0.10625 0.4013888888888889 0.05520833333333333 0.03263888888888889
1 0.13802083333333334 0.38125 0.06510416666666667 0.02847222222222222
1 0.12083333333333333 0.37430555555555556 0.06458333333333334 0.03125
1 0.16614583333333333 0.32222222222222224 0.04010416666666667 0.022222222222222223
1 0.1 0.3145833333333333 0.042708333333333334 0.020833333333333332
1 0.06822916666666666 0.3090277777777778 0.033854166666666664 0.020833333333333332
1 0.16145833333333334 0.28958333333333336 0.03125 0.016666666666666666
1 0.19270833333333334 0.2916666666666667 0.029166666666666667 0.017361111111111112
1 0.22083333333333333 0.29375 0.03125 0.019444444444444445
1 0.35104166666666664 0.33194444444444443 0.040625 0.027777777777777776
1 0.60625 0.2965277777777778 0.03125 0.01597222222222222
1 0.6552083333333333 0.2916666666666667 0.0296875 0.014583333333333334
1 0.659375 0.2875 0.028645833333333332 0.013888888888888888
1 0.6088541666666667 0.28402777777777777 0.028645833333333332 0.014583333333333334
3 0.8125 0.2722222222222222 0.020833333333333332 0.01597222222222222
1 0.7973958333333333 0.2673611111111111 0.010416666666666666 0.010416666666666666
1 0.7890625 0.26180555555555557 0.010416666666666666 0.010416666666666666
1 0.8536458333333333 0.25 0.008333333333333333 0.007638888888888889
1 0.8333333333333334 0.24444444444444444 0.013541666666666667 0.006944444444444444
1 0.8234375 0.24166666666666667 0.013020833333333334 0.006944444444444444
1 0.8125 0.23958333333333334 0.009895833333333333 0.005555555555555556
1 0.10260416666666666 0.24513888888888888 0.0203125 0.0125
1 0.29010416666666666 0.2611111111111111 0.025 0.009722222222222222
1 0.3265625 0.27361111111111114 0.021875 0.013888888888888888
1 0.4515625 0.2722222222222222 0.026041666666666668 0.011111111111111112
1 0.9453125 0.3034722222222222 0.035416666666666666 0.016666666666666666
1 0.8598958333333333 0.5173611111111112 0.09270833333333334 0.05555555555555555
1 0.8604166666666667 0.7284722222222222 0.15572916666666667 0.10277777777777777
1 0.38385416666666666 0.42986111111111114 0.07760416666666667 0.04097222222222222
1 0.2765625 0.4409722222222222 0.049479166666666664 0.05694444444444444