1 0.31875 0.84375 0.04375 0.041666666666666664
1 0.3390625 0.8083333333333333 0.04010416666666667 0.03819444444444445
1 0.28020833333333334 0.6805555555555556 0.040625 0.03333333333333333
1 0.36302083333333335 0.6069444444444444 0.0328125 0.022916666666666665
2 0.3640625 0.5909722222222222 0.04479166666666667 0.025694444444444443
2 0.39166666666666666 0.5583333333333333 0.019791666666666666 0.04375
1 0.41354166666666664 0.5673611111111111 0.021354166666666667 0.03333333333333333
1 0.5130208333333334 0.7534722222222222 0.019791666666666666 0.043055555555555555
1 0.5354166666666667 0.6465277777777778 0.016666666666666666 0.043055555555555555
1 0.32760416666666664 0.5465277777777777 0.025 0.03263888888888889
3 0.38125 0.4888888888888889 0.03229166666666667 0.02361111111111111
3 0.8953125 0.6909722222222222 0.050520833333333334 0.04097222222222222
1 0.7770833333333333 0.6597222222222222 0.04010416666666667 0.02638888888888889
1 0.7713541666666667 0.63125 0.03854166666666667 0.025
1 0.8619791666666666 0.5743055555555555 0.0328125 0.025
1 0.5630208333333333 0.5055555555555555 0.013541666666666667 0.03680555555555556
1 0.434375 0.34652777777777777 0.022916666666666665 0.014583333333333334
1 0.43802083333333336 0.3368055555555556 0.019270833333333334 0.013194444444444444
1 0.4661458333333333 0.23055555555555557 0.0078125 0.013194444444444444
1 0.4973958333333333 0.17430555555555555 0.008333333333333333 0.011111111111111112
1 0.5083333333333333 0.15763888888888888 0.007291666666666667 0.010416666666666666
1 0.5848958333333333 0.33125 0.0109375 0.018055555555555554
1 0.5770833333333333 0.28194444444444444 0.009895833333333333 0.015277777777777777
1 0.5947916666666667 0.28125 0.009375 0.015277777777777777
1 0.5994791666666667 0.2520833333333333 0.008333333333333333 0.014583333333333334
1 0.6729166666666667 0.275 0.009895833333333333 0.011111111111111112
1 0.6723958333333333 0.2916666666666667 0.008333333333333333 0.0125
2 0.7359375 0.3888888888888889 0.03229166666666667 0.03333333333333333
1 0.7177083333333333 0.3423611111111111 0.0109375 0.018055555555555554
1 0.7171875 0.32708333333333334 0.008333333333333333 0.01597222222222222
1 0.7234375 0.3138888888888889 0.009895833333333333 0.01597222222222222
1 0.7494791666666667 0.3423611111111111 0.011458333333333333 0.018055555555555554
1 0.7671875 0.325 0.0171875 0.014583333333333334
1 0.7682291666666666 0.31875 0.020833333333333332 0.011111111111111112
1 0.7640625 0.3125 0.01875 0.013194444444444444
1 0.7598958333333333 0.30625 0.0171875 0.014583333333333334
1 0.7572916666666667 0.30069444444444443 0.017708333333333333 0.010416666666666666
1 0.7223958333333333 0.23194444444444445 0.0078125 0.01597222222222222
1 0.6765625 0.2465277777777778 0.009375 0.017361111111111112
1 0.6583333333333333 0.2659722222222222 0.0078125 0.01597222222222222
1 0.6583333333333333 0.23680555555555555 0.00625 0.010416666666666666
1 0.6828125 0.21875 0.0171875 0.011111111111111112
1 0.7520833333333333 0.2 0.005729166666666666 0.009722222222222222
1 0.7619791666666667 0.2 0.0078125 0.011111111111111112
1 0.7703125 0.2013888888888889 0.009375 0.010416666666666666
2 0.5635416666666667 0.19652777777777777 0.015625 0.03333333333333333
2 0.5822916666666667 0.14652777777777778 0.0078125 0.01597222222222222
1 0.74375 0.17152777777777778 0.0078125 0.011111111111111112
1 0.7515625 0.1701388888888889 0.0078125 0.0125
2 0.5708333333333333 0.12986111111111112 0.015104166666666667 0.014583333333333334
0 0.6239583333333333 0.07569444444444444 0.00625 0.01597222222222222
2 0.6635416666666667 0.08402777777777778 0.007291666666666667 0.0125
2 0.6697916666666667 0.10902777777777778 0.0078125 0.018055555555555554
1 0.6666666666666666 0.12708333333333333 0.005729166666666666 0.006944444444444444
1 0.69375 0.15069444444444444 0.0109375 0.008333333333333333
1 0.6578125 0.1736111111111111 0.005729166666666666 0.009722222222222222
1 0.6583333333333333 0.09791666666666667 0.004166666666666667 0.005555555555555556
1 0.6640625 0.09513888888888888 0.004166666666666667 0.007638888888888889
1 0.5255208333333333 0.10347222222222222 0.005208333333333333 0.005555555555555556
1 0.5375 0.10555555555555556 0.005208333333333333 0.006944444444444444
1 0.5458333333333333 0.10833333333333334 0.005729166666666666 0.007638888888888889
1 0.565625 0.10694444444444444 0.004166666666666667 0.005555555555555556
1 0.571875 0.10694444444444444 0.00625 0.007638888888888889
1 0.5776041666666667 0.10625 0.005208333333333333 0.008333333333333333
1 0.5947916666666667 0.09027777777777778 0.00625 0.006944444444444444
1 0.678125 0.075 0.009375 0.006944444444444444
1 0.6802083333333333 0.06875 0.00625 0.007638888888888889
1 0.6109375 0.06458333333333334 0.005208333333333333 0.006944444444444444
1 0.6052083333333333 0.049305555555555554 0.0036458333333333334 0.005555555555555556
1 0.3828125 0.4395833333333333 0.022916666666666665 0.01597222222222222