1 0.8192708333333333 0.9347222222222222 0.10104166666666667 0.12986111111111112
1 0.7453125 0.7798611111111111 0.07135416666666666 0.12569444444444444
1 0.69375 0.6604166666666667 0.06302083333333333 0.10277777777777777
1 0.5515625 0.6319444444444444 0.04375 0.08958333333333333
1 0.6333333333333333 0.5125 0.04479166666666667 0.05347222222222222
1 0.5151041666666667 0.4284722222222222 0.026041666666666668 0.04583333333333333
1 0.5546875 0.3229166666666667 0.0203125 0.02638888888888889
1 0.4609375 0.20347222222222222 0.008333333333333333 0.011111111111111112
1 0.4796875 0.1625 0.013541666666666667 0.008333333333333333
1 0.39010416666666664 0.16458333333333333 0.0109375 0.008333333333333333
1 0.03958333333333333 0.2743055555555556 0.0375 0.018055555555555554
1 0.044270833333333336 0.2659722222222222 0.0359375 0.014583333333333334
1 0.042708333333333334 0.2590277777777778 0.04010416666666667 0.014583333333333334
1 0.040625 0.2569444444444444 0.0359375 0.013194444444444444
1 0.0328125 0.2548611111111111 0.030208333333333334 0.01597222222222222
1 0.030208333333333334 0.2520833333333333 0.0265625 0.015277777777777777
3 0.027083333333333334 0.24930555555555556 0.03125 0.017361111111111112
1 0.019791666666666666 0.24930555555555556 0.027604166666666666 0.015277777777777777
1 0.015104166666666667 0.2465277777777778 0.030208333333333334 0.013194444444444444
1 0.0125 0.2388888888888889 0.024479166666666666 0.013888888888888888
3 0.0125 0.23472222222222222 0.024479166666666666 0.015277777777777777
1 0.0125 0.22708333333333333 0.025 0.013194444444444444
1 0.0078125 0.21319444444444444 0.015625 0.013194444444444444
1 0.022395833333333334 0.2076388888888889 0.025520833333333333 0.013194444444444444
1 0.071875 0.23333333333333334 0.025 0.013888888888888888
1 0.08854166666666667 0.23333333333333334 0.024479166666666666 0.0125
3 0.0953125 0.2375 0.0296875 0.017361111111111112
1 0.1484375 0.16111111111111112 0.016666666666666666 0.006944444444444444
1 0.17239583333333333 0.1597222222222222 0.016666666666666666 0.007638888888888889
1 0.17760416666666667 0.15208333333333332 0.016145833333333335 0.007638888888888889
3 0.1859375 0.15208333333333332 0.015625 0.009027777777777777
1 0.1921875 0.15069444444444444 0.016666666666666666 0.006944444444444444
1 0.3307291666666667 0.15763888888888888 0.0067708333333333336 0.007638888888888889
2 0.36354166666666665 0.15208333333333332 0.014583333333333334 0.011805555555555555
1 0.3859375 0.15347222222222223 0.008854166666666666 0.007638888888888889
2 0.40625 0.16180555555555556 0.022916666666666665 0.013888888888888888
2 0.4505208333333333 0.16666666666666666 0.0328125 0.02013888888888889
2 0.4588541666666667 0.15763888888888888 0.014583333333333334 0.013194444444444444
3 0.5322916666666667 0.18333333333333332 0.016666666666666666 0.011805555555555555
3 0.53125 0.18125 0.016666666666666666 0.013194444444444444
3 0.525 0.16111111111111112 0.0109375 0.008333333333333333
3 0.5177083333333333 0.14444444444444443 0.010416666666666666 0.007638888888888889
2 0.5057291666666667 0.19722222222222222 0.008854166666666666 0.016666666666666666
3 0.4942708333333333 0.22291666666666668 0.009895833333333333 0.01875
3 0.4817708333333333 0.24166666666666667 0.0125 0.020833333333333332
3 0.5416666666666666 0.2951388888888889 0.0203125 0.02847222222222222
2 0.5020833333333333 0.3486111111111111 0.025520833333333333 0.041666666666666664
3 0.5760416666666667 0.3715277777777778 0.022916666666666665 0.04097222222222222
2 0.6104166666666667 0.4513888888888889 0.05520833333333333 0.06527777777777778
1 0.4890625 0.2951388888888889 0.016666666666666666 0.021527777777777778
1 0.5635416666666667 0.35 0.022395833333333334 0.029166666666666667
1 0.5380208333333333 0.28125 0.013541666666666667 0.015277777777777777
1 0.5328125 0.2701388888888889 0.015104166666666667 0.017361111111111112
1 0.5255208333333333 0.25763888888888886 0.014583333333333334 0.01875
1 0.5234375 0.24513888888888888 0.0125 0.014583333333333334
1 0.5177083333333333 0.2361111111111111 0.0125 0.013194444444444444
1 0.478125 0.23333333333333334 0.0140625 0.015277777777777777
1 0.4708333333333333 0.225 0.023958333333333335 0.015277777777777777
1 0.4635416666666667 0.21944444444444444 0.008854166666666666 0.0125
1 0.4765625 0.21944444444444444 0.009375 0.011805555555555555
1 0.5177083333333333 0.2125 0.021354166666666667 0.011805555555555555
1 0.5072916666666667 0.20694444444444443 0.010416666666666666 0.0125
1 0.47239583333333335 0.19722222222222222 0.008333333333333333 0.010416666666666666
1 0.49947916666666664 0.18958333333333333 0.008854166666666666 0.010416666666666666
1 0.44166666666666665 0.19305555555555556 0.017708333333333333 0.009027777777777777
1 0.4973958333333333 0.18333333333333332 0.008854166666666666 0.009027777777777777
1 0.4953125 0.1798611111111111 0.008854166666666666 0.009722222222222222
1 0.49375 0.1736111111111111 0.007291666666666667 0.008333333333333333
1 0.46979166666666666 0.19166666666666668 0.008333333333333333 0.009027777777777777
1 0.46927083333333336 0.18611111111111112 0.0078125 0.008333333333333333
1 0.46875 0.17916666666666667 0.0078125 0.009027777777777777
1 0.5109375 0.16597222222222222 0.011979166666666667 0.008333333333333333
1 0.5036458333333333 0.1638888888888889 0.0125 0.008333333333333333
1 0.4708333333333333 0.15694444444444444 0.010416666666666666 0.006944444444444444
1 0.5291666666666667 0.14375 0.011458333333333333 0.007638888888888889
1 0.47291666666666665 0.14583333333333334 0.011458333333333333 0.007638888888888889
1 0.4609375 0.15069444444444444 0.0078125 0.00625
1 0.4515625 0.15 0.0109375 0.006944444444444444
1 0.4473958333333333 0.1486111111111111 0.013020833333333334 0.006944444444444444
1 0.46458333333333335 0.14444444444444443 0.011458333333333333 0.007638888888888889
1 0.4583333333333333 0.14444444444444443 0.011979166666666667 0.006944444444444444
1 0.45364583333333336 0.14305555555555555 0.010416666666666666 0.007638888888888889
1 0.44895833333333335 0.14097222222222222 0.011458333333333333 0.006944444444444444
1 0.44427083333333334 0.13958333333333334 0.0125 0.007638888888888889
3 0.3953125 0.18472222222222223 0.008333333333333333 0.0125
1 0.33125 0.17569444444444443 0.019791666666666666 0.009722222222222222