1 0.4666666666666667 0.019444444444444445 0.013541666666666667 0.02361111111111111
1 0.478125 0.043055555555555555 0.013541666666666667 0.020833333333333332
1 0.459375 0.04236111111111111 0.0140625 0.018055555555555554
2 0.5380208333333333 0.11736111111111111 0.013541666666666667 0.02847222222222222
1 0.4432291666666667 0.043055555555555555 0.015104166666666667 0.017361111111111112
3 0.4473958333333333 0.15833333333333333 0.0140625 0.03333333333333333
1 0.4119791666666667 0.4340277777777778 0.022916666666666665 0.04861111111111111
1 0.3958333333333333 0.5555555555555556 0.028645833333333332 0.06597222222222222
3 0.3802083333333333 0.64375 0.036458333333333336 0.0763888888888889
1 0.3265625 0.7069444444444445 0.07239583333333334 0.049305555555555554
3 0.353125 0.8861111111111111 0.04375 0.11319444444444444
1 0.7942708333333334 0.7270833333333333 0.04739583333333333 0.08125
1 0.9729166666666667 0.9291666666666667 0.05416666666666667 0.05625
1 0.6369791666666667 0.5006944444444444 0.030208333333333334 0.050694444444444445
1 0.7442708333333333 0.5090277777777777 0.0328125 0.058333333333333334
1 0.73125 0.45069444444444445 0.029166666666666667 0.05138888888888889
2 0.7208333333333333 0.3923611111111111 0.0328125 0.049305555555555554
2 0.709375 0.3451388888888889 0.025520833333333333 0.043055555555555555
1 0.684375 0.24305555555555555 0.021354166666666667 0.03125
1 0.6739583333333333 0.21319444444444444 0.019270833333333334 0.027777777777777776
2 0.6682291666666667 0.1840277777777778 0.020833333333333332 0.027777777777777776
1 0.6651041666666667 0.16111111111111112 0.01875 0.02361111111111111
1 0.6947916666666667 0.059722222222222225 0.028645833333333332 0.018055555555555554
1 0.6567708333333333 0.02847222222222222 0.016666666666666666 0.017361111111111112
1 0.6307291666666667 0.030555555555555555 0.021354166666666667 0.017361111111111112
1 0.6270833333333333 0.022222222222222223 0.021354166666666667 0.011111111111111112
1 0.6255208333333333 0.013194444444444444 0.019791666666666666 0.0125
1 0.6145833333333334 0.007638888888888889 0.019270833333333334 0.013194444444444444
1 0.5947916666666667 0.01597222222222222 0.011458333333333333 0.01597222222222222
1 0.7302083333333333 0.06319444444444444 0.030729166666666665 0.018055555555555554