1 0.07864583333333333 0.23402777777777778 0.03854166666666667 0.05138888888888889
1 0.0953125 0.2861111111111111 0.0421875 0.09027777777777778
1 0.20052083333333334 0.01597222222222222 0.025520833333333333 0.025
1 0.20520833333333333 0.04791666666666667 0.025 0.025694444444444443
1 0.23072916666666668 0.049305555555555554 0.022916666666666665 0.027777777777777776
1 0.2234375 0.06458333333333334 0.027083333333333334 0.035416666666666666
1 0.25052083333333336 0.06458333333333334 0.030729166666666665 0.035416666666666666
1 0.27708333333333335 0.08611111111111111 0.03125 0.03888888888888889
1 0.3067708333333333 0.07291666666666667 0.03333333333333333 0.03888888888888889
1 0.3375 0.07152777777777777 0.03333333333333333 0.030555555555555555
1 0.35989583333333336 0.06666666666666667 0.027083333333333334 0.03611111111111111
1 0.2921875 0.13402777777777777 0.030208333333333334 0.03680555555555556
1 0.31875 0.12708333333333333 0.03125 0.035416666666666666
1 0.3385416666666667 0.11736111111111111 0.028645833333333332 0.03333333333333333
1 0.384375 0.21736111111111112 0.05 0.04791666666666667
1 0.39947916666666666 0.1951388888888889 0.04791666666666667 0.041666666666666664
3 0.44166666666666665 0.23125 0.05 0.06180555555555556
1 0.5015625 0.28680555555555554 0.059375 0.06736111111111111
1 0.5614583333333333 0.3506944444444444 0.065625 0.06666666666666667
1 0.3375 0.3659722222222222 0.06770833333333333 0.05416666666666667
1 0.3651041666666667 0.42430555555555555 0.10208333333333333 0.08125
1 0.38697916666666665 0.46319444444444446 0.11197916666666667 0.08888888888888889
1 0.5515625 0.5666666666666667 0.09270833333333334 0.1125
1 0.6447916666666667 0.4756944444444444 0.09427083333333333 0.08472222222222223
1 0.6427083333333333 0.4173611111111111 0.084375 0.08263888888888889
1 0.7359375 0.4951388888888889 0.1015625 0.1125
1 0.7072916666666667 0.7388888888888889 0.12291666666666666 0.1597222222222222
1 0.8635416666666667 0.9291666666666667 0.15989583333333332 0.14166666666666666
1 0.4140625 0.17083333333333334 0.041666666666666664 0.04097222222222222
1 0.453125 0.16458333333333333 0.04635416666666667 0.03680555555555556
1 0.7432291666666667 0.014583333333333334 0.03229166666666667 0.020833333333333332
1 0.7380208333333333 0.03680555555555556 0.030729166666666665 0.02361111111111111
1 0.76875 0.03333333333333333 0.0140625 0.020833333333333332