1 0.48125 0.46875 0.019270833333333334 0.05138888888888889
1 0.521875 0.30694444444444446 0.03229166666666667 0.02013888888888889
1 0.47552083333333334 0.2111111111111111 0.0109375 0.025694444444444443
1 0.4505208333333333 0.03819444444444445 0.0078125 0.015277777777777777
1 0.4822916666666667 0.07222222222222222 0.009375 0.014583333333333334
1 0.5098958333333333 0.20972222222222223 0.011458333333333333 0.018055555555555554
1 0.45208333333333334 0.06666666666666667 0.009895833333333333 0.015277777777777777
1 0.4890625 0.03819444444444445 0.009375 0.013194444444444444
1 0.4713541666666667 0.016666666666666666 0.007291666666666667 0.0125
1 0.4859375 0.017361111111111112 0.009375 0.011111111111111112
1 0.4869791666666667 0.02638888888888889 0.0078125 0.013194444444444444
3 0.4739583333333333 0.035416666666666666 0.009375 0.014583333333333334
3 0.45260416666666664 0.09166666666666666 0.0078125 0.01875
3 0.4515625 0.07777777777777778 0.008333333333333333 0.017361111111111112
3 0.45 0.006944444444444444 0.008333333333333333 0.013888888888888888
3 0.39166666666666666 0.31805555555555554 0.03229166666666667 0.02847222222222222
1 0.45260416666666664 0.35138888888888886 0.029166666666666667 0.030555555555555555
1 0.45260416666666664 0.22013888888888888 0.011458333333333333 0.02013888888888889
2 0.45416666666666666 0.17222222222222222 0.017708333333333333 0.049305555555555554
2 0.4515625 0.05277777777777778 0.009375 0.01597222222222222