1 0.4390625 0.5729166666666666 0.0390625 0.05694444444444444
1 0.5953125 0.7333333333333333 0.0578125 0.0763888888888889
0 0.5182291666666666 0.6472222222222223 0.0890625 0.11944444444444445
3 0.10729166666666666 0.3111111111111111 0.0328125 0.050694444444444445
0 0.5427083333333333 0.5076388888888889 0.07760416666666667 0.10694444444444444
0 0.6307291666666667 0.5895833333333333 0.08854166666666667 0.11041666666666666
0 0.7166666666666667 0.6763888888888889 0.09166666666666666 0.11180555555555556
0 0.5802083333333333 0.5944444444444444 0.084375 0.10277777777777777
0 0.66875 0.6770833333333334 0.08697916666666666 0.1076388888888889
0 0.7578125 0.7611111111111111 0.08854166666666667 0.12430555555555556
0 0.8677083333333333 0.8604166666666667 0.10052083333333334 0.13680555555555557
0 0.46875 0.4048611111111111 0.08229166666666667 0.10694444444444444