0 0.20833333333333334 0.6888888888888889 0.08229166666666667 0.2611111111111111
0 0.25677083333333334 0.3333333333333333 0.08489583333333334 0.2881944444444444
0 0.9296875 0.3423611111111111 0.08229166666666667 0.2388888888888889
0 0.7458333333333333 0.8611111111111112 0.10729166666666666 0.13819444444444445
1 0.035416666666666666 0.3486111111111111 0.06197916666666667 0.06736111111111111
1 0.8609375 0.47638888888888886 0.042708333333333334 0.1
0 0.29583333333333334 0.06666666666666667 0.050520833333333334 0.13055555555555556
3 0.9473958333333333 0.18888888888888888 0.029166666666666667 0.09166666666666666
1 0.9645833333333333 0.09791666666666667 0.025 0.058333333333333334
1 0.971875 0.02361111111111111 0.027604166666666666 0.04722222222222222
3 0.9354166666666667 0.029166666666666667 0.034895833333333334 0.058333333333333334