2 0.1328125 0.0625 0.022916666666666665 0.029166666666666667
0 0.10208333333333333 0.08472222222222223 0.027083333333333334 0.029166666666666667
1 0.06666666666666667 0.10347222222222222 0.016666666666666666 0.01875
3 0.0875 0.23680555555555555 0.022395833333333334 0.029166666666666667
1 0.16458333333333333 0.3194444444444444 0.022395833333333334 0.029166666666666667
1 0.9375 0.00625 0.0078125 0.0125
1 0.9411458333333333 0.02013888888888889 0.0078125 0.0125
1 0.9833333333333333 0.035416666666666666 0.009895833333333333 0.02013888888888889
1 0.9239583333333333 0.3506944444444444 0.011979166666666667 0.03680555555555556
1 0.9380208333333333 0.6034722222222222 0.013541666666666667 0.034027777777777775
1 0.9458333333333333 0.7631944444444444 0.016666666666666666 0.049305555555555554
1 0.8583333333333333 0.8965277777777778 0.0421875 0.05486111111111111
1 0.6463541666666667 0.6791666666666667 0.0359375 0.04583333333333333
1 0.40520833333333334 0.5659722222222222 0.027604166666666666 0.030555555555555555
3 0.3927083333333333 0.5034722222222222 0.024479166666666666 0.034027777777777775
1 0.37916666666666665 0.46597222222222223 0.0234375 0.030555555555555555