1 0.2755208333333333 0.7006944444444444 0.07916666666666666 0.049305555555555554
1 0.6234375 0.6833333333333333 0.03802083333333333 0.050694444444444445
1 0.8828125 0.7930555555555555 0.065625 0.07222222222222222
1 0.7640625 0.6159722222222223 0.04583333333333333 0.034027777777777775
1 0.74375 0.5805555555555556 0.03697916666666667 0.027777777777777776
1 0.5333333333333333 0.5388888888888889 0.03697916666666667 0.029861111111111113
1 0.46927083333333336 0.5069444444444444 0.0359375 0.02361111111111111
1 0.30833333333333335 0.5826388888888889 0.03854166666666667 0.03611111111111111
1 0.24583333333333332 0.65625 0.06770833333333333 0.04027777777777778
1 0.1734375 0.6736111111111112 0.03854166666666667 0.05138888888888889
1 0.1609375 0.6243055555555556 0.03854166666666667 0.04652777777777778
1 0.09947916666666666 0.6173611111111111 0.036458333333333336 0.044444444444444446
1 0.11666666666666667 0.8270833333333333 0.12083333333333333 0.07361111111111111
1 0.14479166666666668 0.7798611111111111 0.10729166666666666 0.06388888888888888
1 0.034895833333333334 0.8013888888888889 0.06979166666666667 0.06597222222222222
1 0.025520833333333333 0.7354166666666667 0.050520833333333334 0.04791666666666667
1 0.028645833333333332 0.6979166666666666 0.057291666666666664 0.049305555555555554
1 0.0375 0.6479166666666667 0.0734375 0.049305555555555554
1 0.7229166666666667 0.5701388888888889 0.0359375 0.029861111111111113
1 0.8505208333333333 0.5854166666666667 0.034375 0.034027777777777775
1 0.88125 0.5743055555555555 0.034375 0.030555555555555555
3 0.7786458333333334 0.5840277777777778 0.021354166666666667 0.035416666666666666
1 0.6260416666666667 0.5618055555555556 0.04375 0.034027777777777775
1 0.6302083333333334 0.5236111111111111 0.0328125 0.018055555555555554
1 0.5145833333333333 0.5069444444444444 0.030729166666666665 0.022222222222222223
1 0.23229166666666667 0.6354166666666666 0.06770833333333333 0.035416666666666666
1 0.23177083333333334 0.6201388888888889 0.06770833333333333 0.035416666666666666
1 0.22239583333333332 0.6069444444444444 0.06197916666666667 0.03333333333333333
1 0.21145833333333333 0.5944444444444444 0.06302083333333333 0.030555555555555555
1 0.20416666666666666 0.5798611111111112 0.057291666666666664 0.027777777777777776
1 0.19375 0.5652777777777778 0.065625 0.025694444444444443
1 0.18489583333333334 0.5541666666666667 0.0515625 0.02847222222222222
1 0.17760416666666667 0.5465277777777777 0.04791666666666667 0.03125
1 0.1765625 0.5402777777777777 0.04791666666666667 0.03125
1 0.17239583333333333 0.5277777777777778 0.05 0.025
1 0.16927083333333334 0.5201388888888889 0.04583333333333333 0.022916666666666665
3 0.15364583333333334 0.49930555555555556 0.04583333333333333 0.027777777777777776
3 0.20364583333333333 0.45694444444444443 0.022916666666666665 0.027777777777777776
1 0.19010416666666666 0.4479166666666667 0.015104166666666667 0.015277777777777777
3 0.18385416666666668 0.43680555555555556 0.019270833333333334 0.02013888888888889
1 0.16770833333333332 0.4166666666666667 0.015104166666666667 0.01597222222222222
1 0.1515625 0.4027777777777778 0.013020833333333334 0.013194444444444444
1 0.19010416666666666 0.4166666666666667 0.0140625 0.01597222222222222
1 0.18020833333333333 0.40902777777777777 0.0140625 0.018055555555555554
1 0.1421875 0.3229166666666667 0.007291666666666667 0.005555555555555556
1 0.15625 0.34444444444444444 0.00625 0.007638888888888889
1 0.14270833333333333 0.3333333333333333 0.007291666666666667 0.007638888888888889
1 0.1328125 0.33125 0.007291666666666667 0.004861111111111111
1 0.13229166666666667 0.3236111111111111 0.004166666666666667 0.004861111111111111
1 0.1671875 0.35347222222222224 0.007291666666666667 0.008333333333333333
1 0.18125 0.3548611111111111 0.008333333333333333 0.008333333333333333
1 0.20520833333333333 0.3645833333333333 0.009375 0.008333333333333333
1 0.19739583333333333 0.36527777777777776 0.009375 0.008333333333333333
1 0.19010416666666666 0.3680555555555556 0.008333333333333333 0.006944444444444444
1 0.18802083333333333 0.36041666666666666 0.00625 0.008333333333333333
1 0.19479166666666667 0.35208333333333336 0.009375 0.006944444444444444
1 0.24270833333333333 0.38055555555555554 0.011458333333333333 0.008333333333333333
1 0.23125 0.37222222222222223 0.009895833333333333 0.006944444444444444
1 0.22083333333333333 0.36944444444444446 0.00625 0.009722222222222222
1 0.26666666666666666 0.39305555555555555 0.015104166666666667 0.010416666666666666
1 0.290625 0.4048611111111111 0.015625 0.011111111111111112
1 0.2994791666666667 0.39791666666666664 0.009895833333333333 0.009722222222222222
1 0.21354166666666666 0.35625 0.015625 0.009722222222222222
1 0.24583333333333332 0.37083333333333335 0.011979166666666667 0.008333333333333333
1 0.34010416666666665 0.4215277777777778 0.013020833333333334 0.014583333333333334
1 0.33229166666666665 0.40208333333333335 0.0171875 0.01597222222222222
1 0.3796875 0.41458333333333336 0.022395833333333334 0.011111111111111112
1 0.4078125 0.45625 0.019791666666666666 0.015277777777777777
1 0.4421875 0.4722222222222222 0.021354166666666667 0.01875
1 0.36875 0.43194444444444446 0.0140625 0.014583333333333334
1 0.6130208333333333 0.5145833333333333 0.030208333333333334 0.020833333333333332
3 0.5671875 0.5326388888888889 0.027083333333333334 0.027777777777777776
1 0.8057291666666667 0.5027777777777778 0.022916666666666665 0.015277777777777777
1 0.8302083333333333 0.5097222222222222 0.028645833333333332 0.022222222222222223