1 0.07916666666666666 0.6673611111111111 0.0515625 0.03263888888888889
1 0.09166666666666666 0.6347222222222222 0.0515625 0.03125
1 0.4895833333333333 0.18333333333333332 0.009895833333333333 0.02013888888888889
1 0.5369791666666667 0.18958333333333333 0.008854166666666666 0.017361111111111112
1 0.5171875 0.4513888888888889 0.015104166666666667 0.04375
1 0.4942708333333333 0.4847222222222222 0.011979166666666667 0.03958333333333333
1 0.5171875 0.5201388888888889 0.014583333333333334 0.04236111111111111
1 0.49114583333333334 0.5284722222222222 0.015104166666666667 0.052083333333333336
1 0.4875 0.5888888888888889 0.016145833333333335 0.05277777777777778
1 0.5182291666666666 0.60625 0.016145833333333335 0.05625
1 0.4890625 0.6708333333333333 0.021875 0.06666666666666667
1 0.5177083333333333 0.6909722222222222 0.0171875 0.05763888888888889
1 0.48854166666666665 0.7506944444444444 0.019270833333333334 0.07430555555555556
1 0.48854166666666665 0.85 0.020833333333333332 0.09305555555555556
1 0.5619791666666667 0.8520833333333333 0.0265625 0.09583333333333334
2 0.5244791666666667 0.8305555555555556 0.025 0.10555555555555556
1 0.48385416666666664 0.9708333333333333 0.027604166666666666 0.05625
3 0.5223958333333333 0.9590277777777778 0.029166666666666667 0.0798611111111111
1 0.5677083333333334 0.9715277777777778 0.026041666666666668 0.05555555555555555
0 0.4973958333333333 0.30069444444444443 0.0203125 0.06597222222222222