1 0.0140625 0.5506944444444445 0.0171875 0.034027777777777775
1 0.0328125 0.5472222222222223 0.01875 0.035416666666666666
1 0.0609375 0.5444444444444444 0.01875 0.03333333333333333
1 0.09739583333333333 0.5430555555555555 0.016666666666666666 0.035416666666666666
1 0.12395833333333334 0.5409722222222222 0.016666666666666666 0.03611111111111111
1 0.1421875 0.5402777777777777 0.015625 0.03680555555555556
1 0.16041666666666668 0.5361111111111111 0.013541666666666667 0.02638888888888889
1 0.010416666666666666 0.6201388888888889 0.019270833333333334 0.034027777777777775
1 0.0609375 0.6159722222222223 0.016666666666666666 0.03263888888888889
1 0.078125 0.6173611111111111 0.019270833333333334 0.03611111111111111
1 0.11145833333333334 0.6125 0.0171875 0.034027777777777775
1 0.12708333333333333 0.6118055555555556 0.0171875 0.035416666666666666
1 0.14375 0.6138888888888889 0.016666666666666666 0.035416666666666666
1 0.025 0.7111111111111111 0.01875 0.035416666666666666
1 0.011979166666666667 0.9131944444444444 0.023958333333333335 0.020833333333333332
1 0.046875 0.9090277777777778 0.029166666666666667 0.018055555555555554
1 0.0859375 0.9055555555555556 0.0328125 0.01875
1 0.1265625 0.9041666666666667 0.036458333333333336 0.02013888888888889
1 0.20104166666666667 0.8965277777777778 0.029166666666666667 0.018055555555555554
1 0.23854166666666668 0.89375 0.030208333333333334 0.02013888888888889
1 0.2765625 0.8902777777777777 0.03229166666666667 0.017361111111111112
1 0.35052083333333334 0.8854166666666666 0.030729166666666665 0.01875
1 0.3921875 0.88125 0.025520833333333333 0.017361111111111112
1 0.4114583333333333 0.9902777777777778 0.0140625 0.01875
1 0.4708333333333333 0.8756944444444444 0.027083333333333334 0.018055555555555554
1 0.5109375 0.8729166666666667 0.029166666666666667 0.018055555555555554
1 0.54375 0.8722222222222222 0.0265625 0.02013888888888889
1 0.5802083333333333 0.86875 0.03125 0.018055555555555554
1 0.6166666666666667 0.8666666666666667 0.0234375 0.017361111111111112
1 0.6541666666666667 0.8631944444444445 0.03802083333333333 0.022222222222222223
1 0.6911458333333333 0.8604166666666667 0.029166666666666667 0.018055555555555554
1 0.7255208333333333 0.8569444444444444 0.029166666666666667 0.020833333333333332
1 0.759375 0.8555555555555555 0.028645833333333332 0.015277777777777777
1 0.6885416666666667 0.9701388888888889 0.015625 0.03125
1 0.659375 0.9833333333333333 0.016666666666666666 0.03333333333333333
1 0.796875 0.8506944444444444 0.027604166666666666 0.018055555555555554
1 0.928125 0.9597222222222223 0.03333333333333333 0.02013888888888889
1 0.9583333333333334 0.9409722222222222 0.019270833333333334 0.04375
1 0.9833333333333333 0.9534722222222223 0.03333333333333333 0.020833333333333332
1 0.9875 0.9763888888888889 0.025 0.01875
1 0.17604166666666668 0.5368055555555555 0.015104166666666667 0.035416666666666666
1 0.2833333333333333 0.6055555555555555 0.013541666666666667 0.03333333333333333
1 0.303125 0.6055555555555555 0.011979166666666667 0.03611111111111111
1 0.35260416666666666 0.6013888888888889 0.013020833333333334 0.03680555555555556
1 0.28072916666666664 0.5326388888888889 0.013020833333333334 0.03263888888888889
3 0.2984375 0.5263888888888889 0.013541666666666667 0.030555555555555555
1 0.3145833333333333 0.525 0.011979166666666667 0.03125
1 0.3338541666666667 0.5256944444444445 0.011979166666666667 0.03263888888888889
1 0.3828125 0.6006944444444444 0.013020833333333334 0.03125
1 0.39947916666666666 0.5979166666666667 0.011979166666666667 0.03125
3 0.4161458333333333 0.5944444444444444 0.016666666666666666 0.041666666666666664
1 0.43125 0.5902777777777778 0.0109375 0.03125
1 0.45 0.5944444444444444 0.011458333333333333 0.03611111111111111
1 0.49322916666666666 0.5847222222222223 0.011979166666666667 0.03263888888888889
3 0.5140625 0.5173611111111112 0.011458333333333333 0.03819444444444445
1 0.5005208333333333 0.5201388888888889 0.011458333333333333 0.03333333333333333
1 0.4552083333333333 0.5201388888888889 0.0109375 0.03333333333333333
1 0.42083333333333334 0.5229166666666667 0.011458333333333333 0.03263888888888889
1 0.9895833333333334 0.06736111111111111 0.017708333333333333 0.020833333333333332
1 0.9609375 0.06111111111111111 0.015625 0.022222222222222223
1 0.94375 0.05347222222222222 0.013020833333333334 0.02013888888888889
1 0.9322916666666666 0.050694444444444445 0.011458333333333333 0.01875
1 0.9177083333333333 0.04097222222222222 0.0109375 0.01875
1 0.90625 0.04236111111111111 0.013020833333333334 0.022222222222222223