1 0.15 0.4597222222222222 0.03125 0.020833333333333332
1 0.08229166666666667 0.7527777777777778 0.0390625 0.03125
1 0.146875 0.7381944444444445 0.03333333333333333 0.022916666666666665
1 0.3671875 0.9298611111111111 0.041666666666666664 0.02638888888888889
1 0.3484375 0.7520833333333333 0.034375 0.025
1 0.4427083333333333 0.7222222222222222 0.015104166666666667 0.04375
1 0.34375 0.7277777777777777 0.034895833333333334 0.027777777777777776
1 0.33958333333333335 0.6673611111111111 0.03333333333333333 0.02361111111111111
1 0.3375 0.6381944444444444 0.03802083333333333 0.025
1 0.33125 0.5805555555555556 0.030208333333333334 0.03888888888888889
1 0.334375 0.6055555555555555 0.027083333333333334 0.03263888888888889
1 0.3390625 0.5277777777777778 0.030208333333333334 0.022222222222222223
1 0.34010416666666665 0.5493055555555556 0.034895833333333334 0.02361111111111111
1 0.37916666666666665 0.4527777777777778 0.0140625 0.03680555555555556
1 0.3453125 0.40694444444444444 0.015104166666666667 0.03680555555555556
1 0.3223958333333333 0.5083333333333333 0.030729166666666665 0.022916666666666665
3 0.31979166666666664 0.48680555555555555 0.025 0.02361111111111111
1 0.3067708333333333 0.24861111111111112 0.027604166666666666 0.01875
1 0.43802083333333336 0.275 0.013020833333333334 0.029861111111111113
1 0.3416666666666667 0.017361111111111112 0.0109375 0.02361111111111111
1 0.2864583333333333 0.029166666666666667 0.024479166666666666 0.01597222222222222
0 0.4822916666666667 0.45555555555555555 0.034375 0.10069444444444445
1 0.48333333333333334 0.8541666666666666 0.019791666666666666 0.05138888888888889
1 0.3807291666666667 0.9583333333333334 0.03854166666666667 0.03888888888888889
1 0.38125 0.8902777777777777 0.03802083333333333 0.030555555555555555
1 0.38333333333333336 0.8222222222222222 0.0359375 0.02847222222222222
1 0.3645833333333333 0.85625 0.0390625 0.030555555555555555
1 0.3776041666666667 0.6631944444444444 0.0359375 0.02013888888888889
1 0.3765625 0.5833333333333334 0.0140625 0.03888888888888889
1 0.38229166666666664 0.6277777777777778 0.015625 0.03888888888888889
1 0.36302083333333335 0.6145833333333334 0.016666666666666666 0.04583333333333333
1 0.3932291666666667 0.5784722222222223 0.015104166666666667 0.03888888888888889
3 0.39947916666666666 0.6215277777777778 0.01875 0.050694444444444445
2 0.3723958333333333 0.375 0.016666666666666666 0.044444444444444446
3 0.378125 0.4173611111111111 0.013541666666666667 0.03263888888888889
1 0.35625 0.3902777777777778 0.0140625 0.03125
1 0.3614583333333333 0.4222222222222222 0.013020833333333334 0.027777777777777776
1 0.3697916666666667 0.33958333333333335 0.013541666666666667 0.03125
1 0.35260416666666666 0.3423611111111111 0.013541666666666667 0.03333333333333333
1 0.49322916666666666 0.35833333333333334 0.015104166666666667 0.03333333333333333
1 0.34427083333333336 0.2222222222222222 0.011458333333333333 0.030555555555555555
1 0.3333333333333333 0.15555555555555556 0.011458333333333333 0.029861111111111113
1 0.3333333333333333 0.09027777777777778 0.0109375 0.025694444444444443
1 0.32708333333333334 0.010416666666666666 0.011458333333333333 0.020833333333333332
3 0.5197916666666667 0.5180555555555556 0.015625 0.03263888888888889
1 0.5145833333333333 0.48680555555555555 0.011979166666666667 0.02847222222222222
1 0.4979166666666667 0.3902777777777778 0.015625 0.03125
1 0.47239583333333335 0.23680555555555555 0.0140625 0.03125
1 0.46822916666666664 0.20625 0.011979166666666667 0.027777777777777776
1 0.4630208333333333 0.17777777777777778 0.011979166666666667 0.02361111111111111
1 0.4588541666666667 0.14722222222222223 0.011979166666666667 0.027777777777777776
1 0.44895833333333335 0.09305555555555556 0.0109375 0.025694444444444443
3 0.9083333333333333 0.7180555555555556 0.034895833333333334 0.020833333333333332
1 0.7859375 0.41944444444444445 0.028645833333333332 0.02013888888888889
1 0.9609375 0.3125 0.027083333333333334 0.02638888888888889
1 0.953125 0.23819444444444443 0.027604166666666666 0.017361111111111112
1 0.9890625 0.26319444444444445 0.020833333333333332 0.03125
3 0.9494791666666667 0.18611111111111112 0.013541666666666667 0.027777777777777776
3 0.9916666666666667 0.17916666666666667 0.011979166666666667 0.02847222222222222
1 0.9229166666666667 0.18125 0.011458333333333333 0.027777777777777776
1 0.9348958333333334 0.19166666666666668 0.011458333333333333 0.03333333333333333
3 0.36302083333333335 0.4513888888888889 0.011979166666666667 0.02847222222222222
1 0.6276041666666666 0.81875 0.0359375 0.02638888888888889