1 0.65 0.8166666666666667 0.05416666666666667 0.1111111111111111
1 0.5286458333333334 0.78125 0.0359375 0.09722222222222222
1 0.46875 0.5611111111111111 0.021354166666666667 0.052083333333333336
1 0.5713541666666667 0.5388888888888889 0.024479166666666666 0.04375
1 0.5364583333333334 0.4083333333333333 0.015625 0.025694444444444443
1 0.55 0.38680555555555557 0.0140625 0.025
1 0.4609375 0.41597222222222224 0.016666666666666666 0.025
1 0.47760416666666666 0.27361111111111114 0.0109375 0.013194444444444444
1 0.459375 0.27291666666666664 0.011458333333333333 0.014583333333333334
1 0.4942708333333333 0.25972222222222224 0.011458333333333333 0.014583333333333334
1 0.48125 0.2465277777777778 0.008333333333333333 0.0125
1 0.5505208333333333 0.9597222222222223 0.04479166666666667 0.07777777777777778