1 0.4322916666666667 0.7777777777777778 0.030729166666666665 0.06319444444444444
1 0.3458333333333333 0.8506944444444444 0.025520833333333333 0.1125
1 0.4375 0.59375 0.019270833333333334 0.04097222222222222
1 0.36666666666666664 0.575 0.019791666666666666 0.05416666666666667
1 0.4171875 0.4756944444444444 0.0171875 0.029861111111111113
1 0.3885416666666667 0.4361111111111111 0.0171875 0.030555555555555555
1 0.3796875 0.3347222222222222 0.0109375 0.02361111111111111
1 0.45729166666666665 0.96875 0.027604166666666666 0.06180555555555556
1 0.26875 0.475 0.0140625 0.03611111111111111
1 0.28958333333333336 0.24722222222222223 0.011979166666666667 0.01597222222222222
1 0.2890625 0.23125 0.011979166666666667 0.017361111111111112
1 0.2947916666666667 0.16111111111111112 0.008333333333333333 0.009722222222222222
1 0.29635416666666664 0.1388888888888889 0.008333333333333333 0.015277777777777777
1 0.29739583333333336 0.125 0.009375 0.0125
1 0.2755208333333333 0.025 0.009895833333333333 0.007638888888888889
1 0.3026041666666667 0.08125 0.00625 0.007638888888888889
1 0.30416666666666664 0.07708333333333334 0.005729166666666666 0.007638888888888889
1 0.30625 0.03125 0.005729166666666666 0.008333333333333333
1 0.30520833333333336 0.03819444444444445 0.005729166666666666 0.005555555555555556
1 0.30625 0.043055555555555555 0.005729166666666666 0.006944444444444444
1 0.30416666666666664 0.04791666666666667 0.007291666666666667 0.005555555555555556
1 0.3046875 0.05347222222222222 0.005208333333333333 0.005555555555555556
1 0.3026041666666667 0.06875 0.00625 0.006944444444444444
1 0.3026041666666667 0.0625 0.005729166666666666 0.006944444444444444
1 0.30052083333333335 0.0875 0.005729166666666666 0.009722222222222222
1 0.3453125 0.03194444444444444 0.005208333333333333 0.006944444444444444
1 0.32916666666666666 0.011111111111111112 0.005208333333333333 0.005555555555555556
1 0.32916666666666666 0.016666666666666666 0.005729166666666666 0.006944444444444444
1 0.3734375 0.024305555555555556 0.0036458333333333334 0.006944444444444444
1 0.37552083333333336 0.03263888888888889 0.005729166666666666 0.006944444444444444
1 0.3697916666666667 0.16805555555555557 0.008333333333333333 0.014583333333333334
1 0.409375 0.6395833333333333 0.022916666666666665 0.04652777777777778
1 0.4046875 0.14375 0.0078125 0.011111111111111112
1 0.4015625 0.13194444444444445 0.008333333333333333 0.010416666666666666
1 0.39739583333333334 0.08125 0.005208333333333333 0.007638888888888889
1 0.38125 0.05347222222222222 0.00625 0.007638888888888889
1 0.3796875 0.04513888888888889 0.005208333333333333 0.008333333333333333
1 0.45416666666666666 0.11180555555555556 0.015104166666666667 0.010416666666666666
1 0.5661458333333333 0.3388888888888889 0.015104166666666667 0.029861111111111113