3 0.6083333333333333 0.7791666666666667 0.065625 0.05347222222222222
1 0.5880208333333333 0.7347222222222223 0.05625 0.04583333333333333
1 0.6885416666666667 0.4979166666666667 0.0359375 0.04722222222222222
1 0.6911458333333333 0.3013888888888889 0.017708333333333333 0.05694444444444444
1 0.6494791666666667 0.29375 0.01875 0.04722222222222222
1 0.6244791666666667 0.35 0.01875 0.06111111111111111
1 0.6015625 0.3527777777777778 0.019270833333333334 0.05347222222222222
3 0.5802083333333333 0.35138888888888886 0.017708333333333333 0.05555555555555555
1 0.5578125 0.35138888888888886 0.019791666666666666 0.05555555555555555
0 0.5354166666666667 0.35694444444444445 0.020833333333333332 0.075
3 0.40260416666666665 0.5708333333333333 0.0359375 0.0763888888888889
1 0.3765625 0.5159722222222223 0.03802083333333333 0.07013888888888889
1 0.43802083333333336 0.5 0.034895833333333334 0.06111111111111111
3 0.40572916666666664 0.42916666666666664 0.0328125 0.06597222222222222
3 0.45 0.4340277777777778 0.03697916666666667 0.07847222222222222
1 0.44635416666666666 0.36666666666666664 0.04739583333333333 0.035416666666666666
3 0.44166666666666665 0.31319444444444444 0.04479166666666667 0.04583333333333333
1 0.3859375 0.30972222222222223 0.028645833333333332 0.03819444444444445
1 0.3078125 0.36666666666666664 0.0328125 0.05347222222222222
1 0.3380208333333333 0.31527777777777777 0.036458333333333336 0.04722222222222222
3 0.30625 0.2881944444444444 0.036458333333333336 0.06111111111111111
1 0.31197916666666664 0.22777777777777777 0.042708333333333334 0.049305555555555554
3 0.30520833333333336 0.21180555555555555 0.04010416666666667 0.05347222222222222
1 0.2994791666666667 0.1951388888888889 0.042708333333333334 0.04027777777777778
3 0.2598958333333333 0.1909722222222222 0.0265625 0.05486111111111111
1 0.24166666666666667 0.19791666666666666 0.0234375 0.043055555555555555
2 0.21979166666666666 0.19027777777777777 0.0390625 0.08611111111111111
1 0.19427083333333334 0.2361111111111111 0.03854166666666667 0.04027777777777778
1 0.16510416666666666 0.2902777777777778 0.03697916666666667 0.029166666666666667
1 0.17447916666666666 0.2701388888888889 0.03697916666666667 0.03819444444444445
1 0.184375 0.2534722222222222 0.042708333333333334 0.04027777777777778