1 0.09375 0.9152777777777777 0.1875 0.16944444444444445
1 0.31145833333333334 0.5173611111111112 0.11614583333333334 0.07222222222222222
1 0.37552083333333336 0.4673611111111111 0.09947916666666666 0.05416666666666667
1 0.46927083333333336 0.4965277777777778 0.058333333333333334 0.06944444444444445
3 0.5869791666666667 0.5972222222222222 0.11510416666666666 0.08611111111111111
1 0.6520833333333333 0.5763888888888888 0.11302083333333333 0.06944444444444445
1 0.7005208333333334 0.5416666666666666 0.12447916666666667 0.06805555555555555
3 0.5640625 0.5298611111111111 0.10572916666666667 0.08819444444444445
3 0.6078125 0.47708333333333336 0.084375 0.075
3 0.6890625 0.44305555555555554 0.11302083333333333 0.07013888888888889
3 0.5869791666666667 0.43125 0.050520833333333334 0.06666666666666667
3 0.6604166666666667 0.4173611111111111 0.08125 0.05763888888888889
3 0.64375 0.40347222222222223 0.0671875 0.04791666666666667
3 0.6869791666666667 0.3645833333333333 0.07291666666666667 0.04791666666666667
1 0.6973958333333333 0.3548611111111111 0.07239583333333334 0.03819444444444445
1 0.6057291666666667 0.37083333333333335 0.04635416666666667 0.03958333333333333
1 0.45989583333333334 0.3638888888888889 0.057291666666666664 0.041666666666666664
1 0.48072916666666665 0.33125 0.052083333333333336 0.029166666666666667
1 0.49635416666666665 0.32430555555555557 0.05416666666666667 0.03125
3 0.4703125 0.3416666666666667 0.058854166666666666 0.043055555555555555
1 0.6588541666666666 0.3402777777777778 0.06145833333333333 0.034722222222222224
3 0.6953125 0.32569444444444445 0.04895833333333333 0.041666666666666664
1 0.696875 0.31666666666666665 0.0609375 0.035416666666666666
1 0.6817708333333333 0.30625 0.04010416666666667 0.025
1 0.6963541666666667 0.3020833333333333 0.0421875 0.024305555555555556
1 0.6890625 0.2972222222222222 0.044270833333333336 0.02847222222222222
1 0.5421875 0.3236111111111111 0.0296875 0.03194444444444444
3 0.5197916666666667 0.28541666666666665 0.05625 0.03680555555555556
3 0.5291666666666667 0.28125 0.04635416666666667 0.035416666666666666
1 0.54375 0.2708333333333333 0.044270833333333336 0.025
1 0.5427083333333333 0.2604166666666667 0.04375 0.019444444444444445
1 0.5489583333333333 0.2520833333333333 0.0390625 0.019444444444444445
1 0.5635416666666667 0.24791666666666667 0.041666666666666664 0.021527777777777778
1 0.5625 0.24305555555555555 0.04114583333333333 0.02013888888888889
1 0.5567708333333333 0.23333333333333334 0.034895833333333334 0.018055555555555554
1 0.6885416666666667 0.2847222222222222 0.03177083333333333 0.019444444444444445
1 0.6885416666666667 0.2743055555555556 0.04635416666666667 0.021527777777777778
1 0.6901041666666666 0.26805555555555555 0.0484375 0.02361111111111111
1 0.65 0.25763888888888886 0.0234375 0.021527777777777778
3 0.6546875 0.23819444444444443 0.017708333333333333 0.021527777777777778
3 0.6911458333333333 0.2569444444444444 0.03802083333333333 0.020833333333333332
3 0.6890625 0.2534722222222222 0.036458333333333336 0.020833333333333332
3 0.5692708333333333 0.22777777777777777 0.030208333333333334 0.02013888888888889
3 0.6348958333333333 0.22916666666666666 0.0140625 0.021527777777777778
1 0.6916666666666667 0.24444444444444444 0.04114583333333333 0.020833333333333332
3 0.6901041666666666 0.2388888888888889 0.036458333333333336 0.022222222222222223
3 0.6875 0.23333333333333334 0.03697916666666667 0.02361111111111111
3 0.684375 0.2298611111111111 0.0359375 0.021527777777777778
3 0.6786458333333333 0.225 0.03802083333333333 0.018055555555555554
3 0.6864583333333333 0.22083333333333333 0.027604166666666666 0.017361111111111112
3 0.6885416666666667 0.21805555555555556 0.027083333333333334 0.01597222222222222
3 0.6875 0.21666666666666667 0.026041666666666668 0.01597222222222222
3 0.684375 0.21319444444444444 0.029166666666666667 0.018055555555555554
3 0.6885416666666667 0.20625 0.027604166666666666 0.014583333333333334
3 0.6859375 0.20347222222222222 0.024479166666666666 0.015277777777777777
1 0.684375 0.20347222222222222 0.0296875 0.01597222222222222
1 0.6822916666666666 0.2 0.025520833333333333 0.015277777777777777
1 0.6848958333333334 0.19583333333333333 0.0296875 0.016666666666666666
3 0.6885416666666667 0.18888888888888888 0.030208333333333334 0.015277777777777777
3 0.6880208333333333 0.18472222222222223 0.021354166666666667 0.0125
3 0.6859375 0.1673611111111111 0.020833333333333332 0.011805555555555555
1 0.6807291666666667 0.18125 0.021354166666666667 0.0125
1 0.6833333333333333 0.15763888888888888 0.0171875 0.011111111111111112
2 0.6645833333333333 0.15625 0.0140625 0.01875
2 0.6375 0.15555555555555556 0.010416666666666666 0.018055555555555554
2 0.5901041666666667 0.21180555555555555 0.044270833333333336 0.035416666666666666
1 0.6005208333333333 0.20347222222222222 0.029166666666666667 0.0125
1 0.6052083333333333 0.2 0.024479166666666666 0.013888888888888888
3 0.6052083333333333 0.19375 0.027083333333333334 0.01597222222222222
1 0.6057291666666667 0.19236111111111112 0.028645833333333332 0.013194444444444444
3 0.60625 0.18333333333333332 0.0328125 0.019444444444444445
1 0.6125 0.18263888888888888 0.025520833333333333 0.014583333333333334
3 0.6203125 0.16944444444444445 0.01875 0.0125
1 0.621875 0.16597222222222222 0.0203125 0.009027777777777777
3 0.6239583333333333 0.15625 0.008333333333333333 0.0125